================================================================
reLOC 0.13-odaiba : Multirobot Solver
(C) Copyright 2016 Pavel Surynek
----------------------------------------------------------------
Reading graph...
Reading graph... FINISHED
Reading initial arrangement...
Reading initial arrangement... FINISHED.
Reading goal arrangement...
Reading goal arrangement... FINISHED.
Building instance...
Building instance... FINISHED.
Open/close/exp size (steps): 3/1/3 (2)
Open/close/exp size (steps): 12/4/12 (5)
Open/close/exp size (steps): 20/8/20 (9)
Open/close/exp size (steps): 30/13/30 (14)
Open/close/exp size (steps): 44/19/44 (20)
Open/close/exp size (steps): 1/0/1 (28)
Open/close/exp size (steps): 16/5/16 (38)
Open/close/exp size (steps): 1/0/1 (50)
Open/close/exp size (steps): 13/4/13 (65)
Open/close/exp size (steps): 17/8/17 (83)
Open/close/exp size (steps): 3/1/3 (105)
Open/close/exp size (steps): 25/10/25 (132)
Open/close/exp size (steps): 7/2/7 (165)
0 0 0 0 0 0 0 1 0 0 0 0 0 0 0 0 0 0 0 0 0 0 0 0 0 0 0 0 0 0 0 0 0 0 0 0 0 0 0 0 0 0 0 0 0 
0 0 0 0 0 0 0 0 1 0 0 0 0 0 0 0 0 0 0 0 0 0 0 0 0 0 0 0 0 0 0 0 0 0 0 0 0 0 0 0 0 0 0 0 0 
0 0 0 0 0 0 0 0 0 0 0 0 1 0 0 0 0 0 0 0 0 0 0 0 0 0 0 0 0 0 0 0 0 0 0 0 0 0 0 0 0 0 0 0 0 
0 0 0 0 0 0 0 0 0 0 0 0 0 0 0 0 0 0 1 0 0 0 0 0 0 0 0 0 0 0 0 0 0 0 0 0 0 0 0 0 0 0 0 0 0 
0 0 0 0 0 0 0 0 0 0 0 0 0 0 0 0 0 0 0 1 0 0 0 0 0 0 0 0 0 0 0 0 0 0 0 0 0 0 0 0 0 0 0 0 0 
0 0 0 0 0 0 0 0 0 0 0 0 0 0 0 0 0 0 0 0 1 0 0 0 0 0 0 0 0 0 0 0 0 0 0 0 0 0 0 0 0 0 0 0 0 
0 0 0 0 0 0 0 0 0 0 0 0 0 0 0 0 0 0 0 0 0 0 0 0 1 0 0 0 0 0 0 0 0 0 0 0 0 0 0 0 0 0 0 0 0 
0 0 0 0 0 0 0 0 0 0 0 0 0 0 0 0 0 0 0 0 0 0 0 0 0 0 0 0 1 0 0 0 0 0 0 0 0 0 0 0 0 0 0 0 0 
0 0 0 0 0 0 0 0 0 0 0 0 0 0 0 0 0 0 0 0 0 0 0 0 0 0 0 0 0 1 0 0 0 0 0 0 0 0 0 0 0 0 0 0 0 
0 0 0 0 0 0 0 0 0 0 0 0 0 0 0 0 0 0 0 0 0 0 0 0 0 0 0 0 0 0 1 0 0 0 0 0 0 0 0 0 0 0 0 0 0 
0 0 0 0 0 0 0 0 0 0 0 0 0 0 0 0 0 0 0 0 0 0 0 0 0 1 0 0 0 0 0 0 0 0 0 0 0 0 0 0 0 0 0 0 0 
0 0 0 0 0 0 0 0 0 0 0 0 0 0 0 0 0 0 0 0 0 0 0 0 0 0 1 0 0 0 0 0 0 0 0 0 0 0 0 0 0 0 0 0 0 
0 0 0 0 0 0 0 0 0 0 0 0 0 0 0 0 0 0 0 0 0 0 0 0 0 0 0 1 0 0 0 0 0 0 0 0 0 0 0 0 0 0 0 0 0 
0 0 0 0 0 0 0 0 0 0 0 0 0 0 0 0 0 0 0 0 0 1 0 0 0 0 0 0 0 0 0 0 0 0 0 0 0 0 0 0 0 0 0 0 0 
0 0 0 0 0 0 0 0 0 0 0 0 0 0 0 0 0 1 0 0 0 0 0 0 0 0 0 0 0 0 0 0 0 0 0 0 0 0 0 0 0 0 0 0 0 
0 0 0 0 0 0 0 0 0 0 0 0 0 0 0 0 1 0 0 0 0 0 0 0 0 0 0 0 0 0 0 0 0 0 0 0 0 0 0 0 0 0 0 0 0 
0 0 0 0 0 0 0 0 0 0 0 0 0 0 0 1 0 0 0 0 0 0 0 0 0 0 0 0 0 0 0 0 0 0 0 0 0 0 0 0 0 0 0 0 0 

0 0 0 0 0 0 0 1 0 0 0 0 0 0 0 0 0 0 0 0 0 0 0 0 0 0 0 0 0 0 0 0 0 0 0 0 0 0 0 0 0 0 0 0 0 
0 0 0 0 0 0 0 0 1 0 0 0 0 0 0 0 0 0 0 0 0 0 0 0 0 0 0 0 0 0 0 0 0 0 0 0 0 0 0 0 0 0 0 0 0 
0 0 0 0 0 0 0 0 0 0 0 0 1 0 0 0 0 0 0 0 0 0 0 0 0 0 0 0 0 0 0 0 0 0 0 0 0 0 0 0 0 0 0 0 0 
0 0 0 0 0 0 0 0 0 0 0 0 0 0 0 0 0 0 1 0 0 0 0 0 0 0 0 0 0 0 0 0 0 0 0 0 0 0 0 0 0 0 0 0 0 
0 0 0 0 0 0 0 0 0 0 0 0 0 0 0 0 0 0 0 1 0 0 0 0 0 0 0 0 0 0 0 0 0 0 0 0 0 0 0 0 0 0 0 0 0 
0 0 0 0 0 0 0 0 0 0 0 0 0 0 0 0 0 0 0 0 1 0 0 0 0 0 0 0 0 0 0 0 0 0 0 0 0 0 0 0 0 0 0 0 0 
0 0 0 0 0 0 0 0 0 0 0 0 0 0 0 0 0 0 0 0 0 0 0 0 1 0 0 0 0 0 0 0 0 0 0 0 0 0 0 0 0 0 0 0 0 
0 0 0 0 0 0 0 0 0 0 0 0 0 0 0 0 0 0 0 0 0 0 0 0 0 0 0 0 1 0 0 0 0 0 0 0 0 0 0 0 0 0 0 0 0 
0 0 0 0 0 0 0 0 0 0 0 0 0 0 0 0 0 0 0 0 0 0 0 0 0 0 0 0 0 1 0 0 0 0 0 0 0 0 0 0 0 0 0 0 0 
0 0 0 0 0 0 0 0 0 0 0 0 0 0 0 0 0 0 0 0 0 0 0 0 0 0 0 0 0 0 1 0 0 0 0 0 0 0 0 0 0 0 0 0 0 
0 0 0 0 0 0 0 0 0 0 0 0 0 0 0 0 0 0 0 0 0 0 0 0 0 1 0 0 0 0 0 0 0 0 0 0 0 0 0 0 0 0 0 0 0 
0 0 0 0 0 0 0 0 0 0 0 0 0 0 0 0 0 0 0 0 0 0 0 0 0 0 1 0 0 0 0 0 0 0 0 0 0 0 0 0 0 0 0 0 0 
0 0 0 0 0 0 0 0 0 0 0 0 0 0 0 0 0 0 0 0 0 0 0 0 0 0 0 1 0 0 0 0 0 0 0 0 0 0 0 0 0 0 0 0 0 
0 0 0 0 0 0 0 0 0 0 0 0 0 0 0 0 0 0 0 0 0 1 0 0 0 0 0 0 0 0 0 0 0 0 0 0 0 0 0 0 0 0 0 0 0 
0 0 0 0 0 0 0 0 0 0 0 0 0 0 0 0 0 1 0 0 0 0 0 0 0 0 0 0 0 0 0 0 0 0 0 0 0 0 0 0 0 0 0 0 0 
0 0 0 0 0 0 0 0 0 0 0 0 0 0 0 0 1 0 0 0 0 0 0 0 0 0 0 0 0 0 0 0 0 0 0 0 0 0 0 0 0 0 0 0 0 
0 0 0 0 0 0 0 0 0 0 0 0 0 0 0 1 0 0 0 0 0 0 0 0 0 0 0 0 0 0 0 0 0 0 0 0 0 0 0 0 0 0 0 0 0 

0 0 0 0 0 0 0 1 0 0 0 0 0 0 0 0 0 0 0 0 0 0 0 0 0 0 0 0 0 0 0 0 0 0 0 0 0 0 0 0 0 0 0 0 0 
0 0 0 0 0 0 0 0 1 0 0 0 0 0 0 0 0 0 0 0 0 0 0 0 0 0 0 0 0 0 0 0 0 0 0 0 0 0 0 0 0 0 0 0 0 
0 0 0 0 0 0 0 0 0 0 0 0 1 0 0 0 0 0 0 0 0 0 0 0 0 0 0 0 0 0 0 0 0 0 0 0 0 0 0 0 0 0 0 0 0 
0 0 0 0 0 0 0 0 0 0 0 0 0 0 0 0 0 0 1 0 0 0 0 0 0 0 0 0 0 0 0 0 0 0 0 0 0 0 0 0 0 0 0 0 0 
0 0 0 0 0 0 0 0 0 0 0 0 0 0 0 0 0 0 0 1 0 0 0 0 0 0 0 0 0 0 0 0 0 0 0 0 0 0 0 0 0 0 0 0 0 
0 0 0 0 0 0 0 0 0 0 0 0 0 0 0 0 0 0 0 0 1 0 0 0 0 0 0 0 0 0 0 0 0 0 0 0 0 0 0 0 0 0 0 0 0 
0 0 0 0 0 0 0 0 0 0 0 0 0 0 0 0 0 0 0 0 0 0 0 0 1 0 0 0 0 0 0 0 0 0 0 0 0 0 0 0 0 0 0 0 0 
0 0 0 0 0 0 0 0 0 0 0 0 0 0 0 0 0 0 0 0 0 0 0 0 0 0 0 0 1 0 0 0 0 0 0 0 0 0 0 0 0 0 0 0 0 
0 0 0 0 0 0 0 0 0 0 0 0 0 0 0 0 0 0 0 0 0 0 0 0 0 0 0 0 0 1 0 0 0 0 0 0 0 0 0 0 0 0 0 0 0 
0 0 0 0 0 0 0 0 0 0 0 0 0 0 0 0 0 0 0 0 0 0 0 0 0 0 0 0 0 0 1 0 0 0 0 0 0 0 0 0 0 0 0 0 0 
0 0 0 0 0 0 0 0 0 0 0 0 0 0 0 0 0 0 0 0 0 0 0 0 0 1 0 0 0 0 0 0 0 0 0 0 0 0 0 0 0 0 0 0 0 
0 0 0 0 0 0 0 0 0 0 0 0 0 0 0 0 0 0 0 0 0 0 0 0 0 0 1 0 0 0 0 0 0 0 0 0 0 0 0 0 0 0 0 0 0 
0 0 0 0 0 0 0 0 0 0 0 0 0 0 0 0 0 0 0 0 0 0 0 0 0 0 0 1 0 0 0 0 0 0 0 0 0 0 0 0 0 0 0 0 0 
0 0 0 0 0 0 0 0 0 0 0 0 0 0 0 0 0 0 0 0 0 1 0 0 0 0 0 0 0 0 0 0 0 0 0 0 0 0 0 0 0 0 0 0 0 
0 0 0 0 0 0 0 0 0 0 0 0 0 0 0 0 0 1 0 0 0 0 0 0 0 0 0 0 0 0 0 0 0 0 0 0 0 0 0 0 0 0 0 0 0 
0 0 0 0 0 0 0 0 0 0 0 0 0 0 0 0 1 0 0 0 0 0 0 0 0 0 0 0 0 0 0 0 0 0 0 0 0 0 0 0 0 0 0 0 0 
0 0 0 0 0 0 0 0 0 0 0 0 0 0 0 1 0 0 0 0 0 0 0 0 0 0 0 0 0 0 0 0 0 0 0 0 0 0 0 0 0 0 0 0 0 

Groups 0 and 3 collide.
Solution of group 0
Mulirobot solution: (|moves| = 16, paralellism = 1.000) [
    Step 0: 1#7->8 
    Step 1: 1#8->12 
    Step 2: 1#12->18 
    Step 3: 1#18->19 
    Step 4: 1#19->20 
    Step 5: 1#20->24 
    Step 6: 1#24->28 
    Step 7: 1#28->29 
    Step 8: 1#29->30 
    Step 9: 1#30->25 
    Step 10: 1#25->26 
    Step 11: 1#26->27 
    Step 12: 1#27->21 
    Step 13: 1#21->17 
    Step 14: 1#17->16 
    Step 15: 1#16->15 
]
Solution of group 3
Mulirobot solution: (|moves| = 2, paralellism = 1.000) [
    Step 0: 1#24->20 
    Step 1: 1#20->19 
]
Occupation table complementary for group 0
0 1 1 1 0 0 0 0 0 0 0 0 0 0 0 1 0 0 1 0 1 0 0 0 1 1 1 1 0 1 1 0 0 0 1 1 0 0 1 1 0 0 1 0 1 
0 1 1 0 0 0 0 0 0 1 0 0 0 0 0 0 1 0 0 1 1 0 0 0 1 0 1 0 1 1 1 1 0 0 0 1 1 1 1 1 0 0 0 0 0 
0 0 0 1 0 0 0 0 1 0 0 0 0 0 1 0 0 1 0 1 1 0 0 0 1 1 0 0 1 0 0 1 0 0 0 0 1 1 1 0 0 0 0 0 0 
0 0 0 0 1 0 0 0 0 0 0 0 1 0 1 0 0 0 0 1 1 1 0 0 1 0 0 0 1 0 1 1 0 0 0 0 1 1 0 0 0 0 1 1 0 
0 0 0 0 1 0 0 0 0 0 0 0 0 0 1 0 0 0 1 1 1 0 0 0 0 0 0 1 1 1 0 1 0 0 0 0 0 1 0 0 0 0 1 1 0 
0 0 0 0 1 0 0 0 0 1 0 0 0 0 1 0 0 0 0 1 0 0 0 1 0 0 1 0 1 0 1 1 0 0 0 0 1 1 1 0 0 0 1 1 0 
0 0 0 1 1 0 0 0 0 1 0 0 0 0 1 0 0 0 0 1 0 0 0 1 1 1 0 0 0 0 0 1 0 0 0 1 0 1 0 0 0 0 1 1 0 
0 0 1 1 1 0 0 0 0 0 0 0 0 0 1 0 0 0 0 1 1 0 0 1 0 0 0 0 0 0 1 1 1 0 1 0 0 1 0 0 0 0 1 1 1 
0 0 1 0 1 0 0 0 0 0 0 0 0 0 1 0 0 0 0 1 1 0 0 1 0 0 0 0 0 1 0 1 1 1 0 0 0 1 0 0 0 0 1 1 1 
0 1 1 0 1 1 0 0 0 1 0 0 0 0 1 0 0 0 0 1 1 0 0 1 0 0 0 0 1 0 0 1 1 0 0 0 0 1 0 0 1 0 1 1 1 
1 1 1 0 1 1 0 0 0 0 1 0 0 0 1 0 0 0 0 1 1 0 0 1 0 0 0 0 1 0 0 1 1 0 0 0 0 1 0 0 1 0 1 1 1 
1 1 1 0 1 1 0 0 0 0 1 0 0 0 1 0 0 0 0 1 1 0 0 1 0 0 0 0 1 0 0 1 1 0 0 0 0 1 0 0 1 0 1 1 1 
1 1 1 0 1 1 0 0 0 0 1 0 0 0 1 0 0 0 0 1 1 0 0 1 0 0 0 0 1 0 0 1 1 0 0 0 0 1 0 0 1 0 1 1 1 
1 1 1 0 1 1 0 0 0 0 1 0 0 0 1 0 0 0 0 1 1 0 0 1 0 0 0 0 1 0 0 1 1 0 0 0 0 1 0 0 1 0 1 1 1 
1 1 1 0 1 1 0 0 0 0 1 0 0 0 1 0 0 0 0 1 1 0 0 1 0 0 0 0 1 0 0 1 1 0 0 0 0 1 0 0 1 0 1 1 1 
1 1 1 0 1 1 0 0 0 0 1 0 0 0 1 0 0 0 0 1 1 0 0 1 0 0 0 0 1 0 0 1 1 0 0 0 0 1 0 0 1 0 1 1 1 
1 1 1 0 1 1 0 0 0 0 1 0 0 0 1 0 0 0 0 1 1 0 0 1 0 0 0 0 1 0 0 1 1 0 0 0 0 1 0 0 1 0 1 1 1 

** Open/close/exp size (steps): 2/1/2 (2)
** Open/close/exp size (steps): 1/4/1 (5)
** Open/close/exp size (steps): 8/8/8 (9)
** Open/close/exp size (steps): 11/13/11 (14)
** Open/close/exp size (steps): 5/19/5 (20)
Occupation table complementary for group 3
0 1 1 1 0 0 0 1 0 0 0 0 0 0 0 1 0 0 1 0 1 0 0 0 0 1 1 1 0 1 1 0 0 0 1 1 0 0 1 1 0 0 1 0 1 
0 1 1 0 0 0 0 0 1 1 0 0 0 0 0 0 1 0 0 1 0 0 0 0 1 0 1 0 1 1 1 1 0 0 0 1 1 1 1 1 0 0 0 0 0 
0 0 0 1 0 0 0 0 1 0 0 0 1 0 1 0 0 1 0 0 1 0 0 0 1 1 0 0 1 0 0 1 0 0 0 0 1 1 1 0 0 0 0 0 0 
0 0 0 0 1 0 0 0 0 0 0 0 1 0 1 0 0 0 1 0 1 1 0 0 1 0 0 0 1 0 1 1 0 0 0 0 1 1 0 0 0 0 1 1 0 
0 0 0 0 1 0 0 0 0 0 0 0 0 0 1 0 0 0 1 1 1 0 0 0 0 0 0 1 1 1 0 1 0 0 0 0 0 1 0 0 0 0 1 1 0 
0 0 0 0 1 0 0 0 0 1 0 0 0 0 1 0 0 0 0 0 1 0 0 1 0 0 1 0 1 0 1 1 0 0 0 0 1 1 1 0 0 0 1 1 0 
0 0 0 1 1 0 0 0 0 1 0 0 0 0 1 0 0 0 0 0 0 0 0 1 1 1 0 0 0 0 0 1 0 0 0 1 0 1 0 0 0 0 1 1 0 
0 0 1 1 1 0 0 0 0 0 0 0 0 0 1 0 0 0 0 0 1 0 0 1 0 0 0 0 1 0 1 1 1 0 1 0 0 1 0 0 0 0 1 1 1 
0 0 1 0 1 0 0 0 0 0 0 0 0 0 1 0 0 0 0 0 1 0 0 1 0 0 0 0 0 1 0 1 1 1 0 0 0 1 0 0 0 0 1 1 1 
0 1 1 0 1 1 0 0 0 1 0 0 0 0 1 0 0 0 0 0 1 0 0 1 0 0 0 0 1 0 1 1 1 0 0 0 0 1 0 0 1 0 1 1 1 
1 1 1 0 1 1 0 0 0 0 1 0 0 0 1 0 0 0 0 0 1 0 0 1 0 1 0 0 1 0 0 1 1 0 0 0 0 1 0 0 1 0 1 1 1 
1 1 1 0 1 1 0 0 0 0 1 0 0 0 1 0 0 0 0 0 1 0 0 1 0 0 1 0 1 0 0 1 1 0 0 0 0 1 0 0 1 0 1 1 1 
1 1 1 0 1 1 0 0 0 0 1 0 0 0 1 0 0 0 0 0 1 0 0 1 0 0 0 1 1 0 0 1 1 0 0 0 0 1 0 0 1 0 1 1 1 
1 1 1 0 1 1 0 0 0 0 1 0 0 0 1 0 0 0 0 0 1 1 0 1 0 0 0 0 1 0 0 1 1 0 0 0 0 1 0 0 1 0 1 1 1 
1 1 1 0 1 1 0 0 0 0 1 0 0 0 1 0 0 1 0 0 1 0 0 1 0 0 0 0 1 0 0 1 1 0 0 0 0 1 0 0 1 0 1 1 1 
1 1 1 0 1 1 0 0 0 0 1 0 0 0 1 0 1 0 0 0 1 0 0 1 0 0 0 0 1 0 0 1 1 0 0 0 0 1 0 0 1 0 1 1 1 
1 1 1 0 1 1 0 0 0 0 1 0 0 0 1 1 0 0 0 0 1 0 0 1 0 0 0 0 1 0 0 1 1 0 0 0 0 1 0 0 1 0 1 1 1 

Unable to resolve collision between groups 0 and 3.
Merging groups 0 and 3.
Searching solution for merged group 0+3.
Open/close/exp size (steps): 65/35/65 (205)
Open/close/exp size (steps): 108/83/108 (253)
Open/close/exp size (steps): 122/141/122 (311)
Open/close/exp size (steps): 149/211/149 (381)
Open/close/exp size (steps): 193/295/193 (465)
Open/close/exp size (steps): 267/396/267 (566)
Open/close/exp size (steps): 293/518/293 (688)
Open/close/exp size (steps): 303/665/303 (835)
Open/close/exp size (steps): 364/842/364 (1012)
Open/close/exp size (steps): 472/1055/472 (1225)
Open/close/exp size (steps): 601/1311/601 (1481)
Open/close/exp size (steps): 644/1619/644 (1789)
Open/close/exp size (steps): 596/1989/596 (2159)
Open/close/exp size (steps): 711/2433/711 (2603)
Open/close/exp size (steps): 936/2966/936 (3136)
Open/close/exp size (steps): 1162/3606/1162 (3776)
Open/close/exp size (steps): 891/4374/891 (4544)
Open/close/exp size (steps): 1049/5296/1049 (5466)
Open/close/exp size (steps): 1518/6403/1518 (6573)
Open/close/exp size (steps): 1218/7732/1218 (7902)
Open/close/exp size (steps): 1337/9327/1337 (9497)
Open/close/exp size (steps): 1718/11241/1718 (11411)
Open/close/exp size (steps): 1347/13538/1347 (13708)
Open/close/exp size (steps): 1586/16295/1586 (16465)
0 0 0 0 0 0 0 1 0 0 0 0 0 0 0 0 0 0 0 0 0 0 0 0 2 0 0 0 0 0 0 0 0 0 0 0 0 0 0 0 0 0 0 0 0 
0 0 0 0 0 0 0 0 1 0 0 0 0 0 0 0 0 0 0 0 2 0 0 0 0 0 0 0 0 0 0 0 0 0 0 0 0 0 0 0 0 0 0 0 0 
0 0 0 0 0 0 0 0 0 0 0 0 1 0 0 0 0 0 0 2 0 0 0 0 0 0 0 0 0 0 0 0 0 0 0 0 0 0 0 0 0 0 0 0 0 
0 0 0 0 0 0 0 0 0 0 0 0 0 1 0 0 0 0 0 2 0 0 0 0 0 0 0 0 0 0 0 0 0 0 0 0 0 0 0 0 0 0 0 0 0 
0 0 0 0 0 0 0 0 0 0 0 0 0 0 1 0 0 0 0 2 0 0 0 0 0 0 0 0 0 0 0 0 0 0 0 0 0 0 0 0 0 0 0 0 0 
0 0 0 0 0 0 0 0 0 0 0 0 0 0 0 0 0 0 0 2 1 0 0 0 0 0 0 0 0 0 0 0 0 0 0 0 0 0 0 0 0 0 0 0 0 
0 0 0 0 0 0 0 0 0 0 0 0 0 0 0 0 0 0 0 2 0 0 0 0 1 0 0 0 0 0 0 0 0 0 0 0 0 0 0 0 0 0 0 0 0 
0 0 0 0 0 0 0 0 0 0 0 0 0 0 0 0 0 0 0 2 0 0 0 0 0 0 0 0 1 0 0 0 0 0 0 0 0 0 0 0 0 0 0 0 0 
0 0 0 0 0 0 0 0 0 0 0 0 0 0 0 0 0 0 0 2 0 0 0 0 0 0 0 0 0 1 0 0 0 0 0 0 0 0 0 0 0 0 0 0 0 
0 0 0 0 0 0 0 0 0 0 0 0 0 0 0 0 0 0 0 2 0 0 0 0 0 0 0 0 0 0 1 0 0 0 0 0 0 0 0 0 0 0 0 0 0 
0 0 0 0 0 0 0 0 0 0 0 0 0 0 0 0 0 0 0 2 0 0 0 0 0 1 0 0 0 0 0 0 0 0 0 0 0 0 0 0 0 0 0 0 0 
0 0 0 0 0 0 0 0 0 0 0 0 0 0 0 0 0 0 0 2 0 0 0 0 0 0 1 0 0 0 0 0 0 0 0 0 0 0 0 0 0 0 0 0 0 
0 0 0 0 0 0 0 0 0 0 0 0 0 0 0 0 0 0 0 2 0 0 0 0 0 0 0 1 0 0 0 0 0 0 0 0 0 0 0 0 0 0 0 0 0 
0 0 0 0 0 0 0 0 0 0 0 0 0 0 0 0 0 0 0 2 0 1 0 0 0 0 0 0 0 0 0 0 0 0 0 0 0 0 0 0 0 0 0 0 0 
0 0 0 0 0 0 0 0 0 0 0 0 0 0 0 0 0 1 0 2 0 0 0 0 0 0 0 0 0 0 0 0 0 0 0 0 0 0 0 0 0 0 0 0 0 
0 0 0 0 0 0 0 0 0 0 0 0 0 0 0 0 1 0 0 2 0 0 0 0 0 0 0 0 0 0 0 0 0 0 0 0 0 0 0 0 0 0 0 0 0 
0 0 0 0 0 0 0 0 0 0 0 0 0 0 0 1 0 0 0 2 0 0 0 0 0 0 0 0 0 0 0 0 0 0 0 0 0 0 0 0 0 0 0 0 0 

0 0 0 0 0 0 0 1 0 0 0 0 0 0 0 0 0 0 0 0 0 0 0 0 2 0 0 0 0 0 0 0 0 0 0 0 0 0 0 0 0 0 0 0 0 
0 0 0 0 0 0 0 0 1 0 0 0 0 0 0 0 0 0 0 0 2 0 0 0 0 0 0 0 0 0 0 0 0 0 0 0 0 0 0 0 0 0 0 0 0 
0 0 0 0 0 0 0 0 0 0 0 0 1 0 0 0 0 0 0 2 0 0 0 0 0 0 0 0 0 0 0 0 0 0 0 0 0 0 0 0 0 0 0 0 0 
0 0 0 0 0 0 0 0 0 0 0 0 0 1 0 0 0 0 0 2 0 0 0 0 0 0 0 0 0 0 0 0 0 0 0 0 0 0 0 0 0 0 0 0 0 
0 0 0 0 0 0 0 0 0 0 0 0 0 0 1 0 0 0 0 2 0 0 0 0 0 0 0 0 0 0 0 0 0 0 0 0 0 0 0 0 0 0 0 0 0 
0 0 0 0 0 0 0 0 0 0 0 0 0 0 0 0 0 0 0 2 1 0 0 0 0 0 0 0 0 0 0 0 0 0 0 0 0 0 0 0 0 0 0 0 0 
0 0 0 0 0 0 0 0 0 0 0 0 0 0 0 0 0 0 0 2 0 0 0 0 1 0 0 0 0 0 0 0 0 0 0 0 0 0 0 0 0 0 0 0 0 
0 0 0 0 0 0 0 0 0 0 0 0 0 0 0 0 0 0 0 2 0 0 0 0 0 0 0 0 1 0 0 0 0 0 0 0 0 0 0 0 0 0 0 0 0 
0 0 0 0 0 0 0 0 0 0 0 0 0 0 0 0 0 0 0 2 0 0 0 0 0 0 0 0 0 1 0 0 0 0 0 0 0 0 0 0 0 0 0 0 0 
0 0 0 0 0 0 0 0 0 0 0 0 0 0 0 0 0 0 0 2 0 0 0 0 0 0 0 0 0 0 1 0 0 0 0 0 0 0 0 0 0 0 0 0 0 
0 0 0 0 0 0 0 0 0 0 0 0 0 0 0 0 0 0 0 2 0 0 0 0 0 1 0 0 0 0 0 0 0 0 0 0 0 0 0 0 0 0 0 0 0 
0 0 0 0 0 0 0 0 0 0 0 0 0 0 0 0 0 0 0 2 0 0 0 0 0 0 1 0 0 0 0 0 0 0 0 0 0 0 0 0 0 0 0 0 0 
0 0 0 0 0 0 0 0 0 0 0 0 0 0 0 0 0 0 0 2 0 0 0 0 0 0 0 1 0 0 0 0 0 0 0 0 0 0 0 0 0 0 0 0 0 
0 0 0 0 0 0 0 0 0 0 0 0 0 0 0 0 0 0 0 2 0 1 0 0 0 0 0 0 0 0 0 0 0 0 0 0 0 0 0 0 0 0 0 0 0 
0 0 0 0 0 0 0 0 0 0 0 0 0 0 0 0 0 1 0 2 0 0 0 0 0 0 0 0 0 0 0 0 0 0 0 0 0 0 0 0 0 0 0 0 0 
0 0 0 0 0 0 0 0 0 0 0 0 0 0 0 0 1 0 0 2 0 0 0 0 0 0 0 0 0 0 0 0 0 0 0 0 0 0 0 0 0 0 0 0 0 
0 0 0 0 0 0 0 0 0 0 0 0 0 0 0 1 0 0 0 2 0 0 0 0 0 0 0 0 0 0 0 0 0 0 0 0 0 0 0 0 0 0 0 0 0 

0 0 0 0 0 0 0 1 0 0 0 0 0 0 0 0 0 0 0 0 0 0 0 0 2 0 0 0 0 0 0 0 0 0 0 0 0 0 0 0 0 0 0 0 0 
0 0 0 0 0 0 0 0 1 0 0 0 0 0 0 0 0 0 0 0 2 0 0 0 0 0 0 0 0 0 0 0 0 0 0 0 0 0 0 0 0 0 0 0 0 
0 0 0 0 0 0 0 0 0 0 0 0 1 0 0 0 0 0 0 2 0 0 0 0 0 0 0 0 0 0 0 0 0 0 0 0 0 0 0 0 0 0 0 0 0 
0 0 0 0 0 0 0 0 0 0 0 0 0 1 0 0 0 0 0 2 0 0 0 0 0 0 0 0 0 0 0 0 0 0 0 0 0 0 0 0 0 0 0 0 0 
0 0 0 0 0 0 0 0 0 0 0 0 0 0 1 0 0 0 0 2 0 0 0 0 0 0 0 0 0 0 0 0 0 0 0 0 0 0 0 0 0 0 0 0 0 
0 0 0 0 0 0 0 0 0 0 0 0 0 0 0 0 0 0 0 2 1 0 0 0 0 0 0 0 0 0 0 0 0 0 0 0 0 0 0 0 0 0 0 0 0 
0 0 0 0 0 0 0 0 0 0 0 0 0 0 0 0 0 0 0 2 0 0 0 0 1 0 0 0 0 0 0 0 0 0 0 0 0 0 0 0 0 0 0 0 0 
0 0 0 0 0 0 0 0 0 0 0 0 0 0 0 0 0 0 0 2 0 0 0 0 0 0 0 0 1 0 0 0 0 0 0 0 0 0 0 0 0 0 0 0 0 
0 0 0 0 0 0 0 0 0 0 0 0 0 0 0 0 0 0 0 2 0 0 0 0 0 0 0 0 0 1 0 0 0 0 0 0 0 0 0 0 0 0 0 0 0 
0 0 0 0 0 0 0 0 0 0 0 0 0 0 0 0 0 0 0 2 0 0 0 0 0 0 0 0 0 0 1 0 0 0 0 0 0 0 0 0 0 0 0 0 0 
0 0 0 0 0 0 0 0 0 0 0 0 0 0 0 0 0 0 0 2 0 0 0 0 0 1 0 0 0 0 0 0 0 0 0 0 0 0 0 0 0 0 0 0 0 
0 0 0 0 0 0 0 0 0 0 0 0 0 0 0 0 0 0 0 2 0 0 0 0 0 0 1 0 0 0 0 0 0 0 0 0 0 0 0 0 0 0 0 0 0 
0 0 0 0 0 0 0 0 0 0 0 0 0 0 0 0 0 0 0 2 0 0 0 0 0 0 0 1 0 0 0 0 0 0 0 0 0 0 0 0 0 0 0 0 0 
0 0 0 0 0 0 0 0 0 0 0 0 0 0 0 0 0 0 0 2 0 1 0 0 0 0 0 0 0 0 0 0 0 0 0 0 0 0 0 0 0 0 0 0 0 
0 0 0 0 0 0 0 0 0 0 0 0 0 0 0 0 0 1 0 2 0 0 0 0 0 0 0 0 0 0 0 0 0 0 0 0 0 0 0 0 0 0 0 0 0 
0 0 0 0 0 0 0 0 0 0 0 0 0 0 0 0 1 0 0 2 0 0 0 0 0 0 0 0 0 0 0 0 0 0 0 0 0 0 0 0 0 0 0 0 0 
0 0 0 0 0 0 0 0 0 0 0 0 0 0 0 1 0 0 0 2 0 0 0 0 0 0 0 0 0 0 0 0 0 0 0 0 0 0 0 0 0 0 0 0 0 

Groups 0 and 3 collide.
Solution of group 0
Mulirobot solution: (|moves| = 18, paralellism = 1.125) [
    Step 0: 1#7->8 2#24->20 
    Step 1: 1#8->12 2#20->19 
    Step 2: 1#12->13 
    Step 3: 1#13->14 
    Step 4: 1#14->20 
    Step 5: 1#20->24 
    Step 6: 1#24->28 
    Step 7: 1#28->29 
    Step 8: 1#29->30 
    Step 9: 1#30->25 
    Step 10: 1#25->26 
    Step 11: 1#26->27 
    Step 12: 1#27->21 
    Step 13: 1#21->17 
    Step 14: 1#17->16 
    Step 15: 1#16->15 
]
Solution of group 3
Mulirobot solution: (|moves| = 7, paralellism = 1.000) [
    Step 0: 1#29->28 
    Step 1: 1#28->24 
    Step 2: 1#24->20 
    Step 3: 1#20->14 
    Step 4: 1#14->9 
    Step 5: 1#9->3 
    Step 6: 1#3->2 
]
Occupation table complementary for group 0
0 1 1 1 0 0 0 0 0 0 0 0 0 0 0 1 0 0 1 0 1 0 0 0 0 1 1 1 0 1 1 0 0 0 1 1 0 0 1 1 0 0 1 0 1 
0 1 1 0 0 0 0 0 0 1 0 0 0 0 0 0 1 0 0 1 0 0 0 0 1 0 1 0 1 1 1 1 0 0 0 1 1 1 1 1 0 0 0 0 0 
0 0 0 1 0 0 0 0 1 0 0 0 0 0 1 0 0 1 0 0 1 0 0 0 1 1 0 0 1 0 0 1 0 0 0 0 1 1 1 0 0 0 0 0 0 
0 0 0 0 1 0 0 0 0 0 0 0 1 0 1 0 0 0 0 0 1 1 0 0 1 0 0 0 1 0 1 1 0 0 0 0 1 1 0 0 0 0 1 1 0 
0 0 0 0 1 0 0 0 0 0 0 0 0 0 1 0 0 0 1 0 1 0 0 0 0 0 0 1 1 1 0 1 0 0 0 0 0 1 0 0 0 0 1 1 0 
0 0 0 0 1 0 0 0 0 1 0 0 0 0 1 0 0 0 0 0 0 0 0 1 0 0 1 0 1 0 1 1 0 0 0 0 1 1 1 0 0 0 1 1 0 
0 0 0 1 1 0 0 0 0 1 0 0 0 0 1 0 0 0 0 0 0 0 0 1 1 1 0 0 0 0 0 1 0 0 0 1 0 1 0 0 0 0 1 1 0 
0 0 1 1 1 0 0 0 0 0 0 0 0 0 1 0 0 0 0 0 1 0 0 1 0 0 0 0 0 0 1 1 1 0 1 0 0 1 0 0 0 0 1 1 1 
0 0 1 0 1 0 0 0 0 0 0 0 0 0 1 0 0 0 0 0 1 0 0 1 0 0 0 0 0 1 0 1 1 1 0 0 0 1 0 0 0 0 1 1 1 
0 1 1 0 1 1 0 0 0 1 0 0 0 0 1 0 0 0 0 0 1 0 0 1 0 0 0 0 1 0 0 1 1 0 0 0 0 1 0 0 1 0 1 1 1 
1 1 1 0 1 1 0 0 0 0 1 0 0 0 1 0 0 0 0 0 1 0 0 1 0 0 0 0 1 0 0 1 1 0 0 0 0 1 0 0 1 0 1 1 1 
1 1 1 0 1 1 0 0 0 0 1 0 0 0 1 0 0 0 0 0 1 0 0 1 0 0 0 0 1 0 0 1 1 0 0 0 0 1 0 0 1 0 1 1 1 
1 1 1 0 1 1 0 0 0 0 1 0 0 0 1 0 0 0 0 0 1 0 0 1 0 0 0 0 1 0 0 1 1 0 0 0 0 1 0 0 1 0 1 1 1 
1 1 1 0 1 1 0 0 0 0 1 0 0 0 1 0 0 0 0 0 1 0 0 1 0 0 0 0 1 0 0 1 1 0 0 0 0 1 0 0 1 0 1 1 1 
1 1 1 0 1 1 0 0 0 0 1 0 0 0 1 0 0 0 0 0 1 0 0 1 0 0 0 0 1 0 0 1 1 0 0 0 0 1 0 0 1 0 1 1 1 
1 1 1 0 1 1 0 0 0 0 1 0 0 0 1 0 0 0 0 0 1 0 0 1 0 0 0 0 1 0 0 1 1 0 0 0 0 1 0 0 1 0 1 1 1 
1 1 1 0 1 1 0 0 0 0 1 0 0 0 1 0 0 0 0 0 1 0 0 1 0 0 0 0 1 0 0 1 1 0 0 0 0 1 0 0 1 0 1 1 1 

Occupation table complementary for group 3
0 1 1 1 0 0 0 1 0 0 0 0 0 0 0 1 0 0 1 0 1 0 0 0 2 1 1 1 0 0 1 0 0 0 1 1 0 0 1 1 0 0 1 0 1 
0 1 1 0 0 0 0 0 1 1 0 0 0 0 0 0 1 0 0 1 2 0 0 0 1 0 1 0 0 1 1 1 0 0 0 1 1 1 1 1 0 0 0 0 0 
0 0 0 1 0 0 0 0 1 0 0 0 1 0 1 0 0 1 0 2 1 0 0 0 0 1 0 0 1 0 0 1 0 0 0 0 1 1 1 0 0 0 0 0 0 
0 0 0 0 1 0 0 0 0 0 0 0 1 1 1 0 0 0 0 2 0 1 0 0 1 0 0 0 1 0 1 1 0 0 0 0 1 1 0 0 0 0 1 1 0 
0 0 0 0 1 0 0 0 0 0 0 0 0 0 1 0 0 0 1 2 1 0 0 0 0 0 0 1 1 1 0 1 0 0 0 0 0 1 0 0 0 0 1 1 0 
0 0 0 0 1 0 0 0 0 0 0 0 0 0 1 0 0 0 0 2 1 0 0 1 0 0 1 0 1 0 1 1 0 0 0 0 1 1 1 0 0 0 1 1 0 
0 0 0 0 1 0 0 0 0 1 0 0 0 0 1 0 0 0 0 2 0 0 0 1 1 1 0 0 0 0 0 1 0 0 0 1 0 1 0 0 0 0 1 1 0 
0 0 0 1 1 0 0 0 0 0 0 0 0 0 1 0 0 0 0 2 1 0 0 1 0 0 0 0 1 0 1 1 1 0 1 0 0 1 0 0 0 0 1 1 1 
0 0 1 0 1 0 0 0 0 0 0 0 0 0 1 0 0 0 0 2 1 0 0 1 0 0 0 0 0 1 0 1 1 1 0 0 0 1 0 0 0 0 1 1 1 
0 1 0 0 1 1 0 0 0 1 0 0 0 0 1 0 0 0 0 2 1 0 0 1 0 0 0 0 1 0 1 1 1 0 0 0 0 1 0 0 1 0 1 1 1 
1 1 0 0 1 1 0 0 0 0 1 0 0 0 1 0 0 0 0 2 1 0 0 1 0 1 0 0 1 0 0 1 1 0 0 0 0 1 0 0 1 0 1 1 1 
1 1 0 0 1 1 0 0 0 0 1 0 0 0 1 0 0 0 0 2 1 0 0 1 0 0 1 0 1 0 0 1 1 0 0 0 0 1 0 0 1 0 1 1 1 
1 1 0 0 1 1 0 0 0 0 1 0 0 0 1 0 0 0 0 2 1 0 0 1 0 0 0 1 1 0 0 1 1 0 0 0 0 1 0 0 1 0 1 1 1 
1 1 0 0 1 1 0 0 0 0 1 0 0 0 1 0 0 0 0 2 1 1 0 1 0 0 0 0 1 0 0 1 1 0 0 0 0 1 0 0 1 0 1 1 1 
1 1 0 0 1 1 0 0 0 0 1 0 0 0 1 0 0 1 0 2 1 0 0 1 0 0 0 0 1 0 0 1 1 0 0 0 0 1 0 0 1 0 1 1 1 
1 1 0 0 1 1 0 0 0 0 1 0 0 0 1 0 1 0 0 2 1 0 0 1 0 0 0 0 1 0 0 1 1 0 0 0 0 1 0 0 1 0 1 1 1 
1 1 0 0 1 1 0 0 0 0 1 0 0 0 1 1 0 0 0 2 1 0 0 1 0 0 0 0 1 0 0 1 1 0 0 0 0 1 0 0 1 0 1 1 1 

Unable to resolve collision between groups 0 and 3.
Merging groups 0 and 3.
Searching solution for merged group 0+3.
Open/close/exp size (steps): 2896/2741/2896 (19774)
Open/close/exp size (steps): 3213/6712/3213 (23745)
Open/close/exp size (steps): 5629/11478/5629 (28511)
Open/close/exp size (steps): 8353/17198/8353 (34231)
Open/close/exp size (steps): 9441/24062/9441 (41095)
Open/close/exp size (steps): 14245/32299/14245 (49332)
Open/close/exp size (steps): 17949/42184/17949 (59217)
Open/close/exp size (steps): 11058/54046/11058 (71079)
Open/close/exp size (steps): 19473/68281/19473 (85314)
Open/close/exp size (steps): 22567/85363/22567 (102396)
Open/close/exp size (steps): 20027/105862/20027 (122895)
Open/close/exp size (steps): 17069/130461/17069 (147494)
Open/close/exp size (steps): 37296/159980/37296 (177013)
Open/close/exp size (steps): 27659/195403/27659 (212436)
Open/close/exp size (steps): 32153/237911/32153 (254944)
Open/close/exp size (steps): 57928/288921/57928 (305954)
Open/close/exp size (steps): 64111/350133/64111 (367166)
Opeterminate called after throwing an instance of 'std::bad_alloc'
  what():  std::bad_alloc
n/close/exp size (steps): 74637/423588/74637 (440621)
Open/close/exp size (steps): 63771/511734/63771 (528767)
Open/close/exp size (steps): 70304/617510/70304 (634543)
Open/close/exp size (steps): 132133/744442/132133 (761475)
Open/close/exp size (steps): 107570/896761/107570 (913794)
Aborted (core dumped)
