================================================================
reLOC 0.13-odaiba : Multirobot Solver
(C) Copyright 2016 Pavel Surynek
----------------------------------------------------------------
Reading graph...
Reading graph... FINISHED
Reading initial arrangement...
Reading initial arrangement... FINISHED.
Reading goal arrangement...
Reading goal arrangement... FINISHED.
Building instance...
Building instance... FINISHED.
Open/close/exp size (steps): 4/1/4 (2)
Open/close/exp size (steps): 15/4/15 (5)
Open/close/exp size (steps): 25/8/25 (9)
Open/close/exp size (steps): 34/13/34 (14)
Open/close/exp size (steps): 48/19/48 (20)
Open/close/exp size (steps): 60/27/60 (28)
Open/close/exp size (steps): 22/7/22 (38)
Open/close/exp size (steps): 44/19/44 (50)
Open/close/exp size (steps): 4/1/4 (65)
Open/close/exp size (steps): 24/9/24 (83)
Open/close/exp size (steps): 32/12/32 (105)
Open/close/exp size (steps): 55/25/55 (132)
Open/close/exp size (steps): 39/16/39 (165)
Open/close/exp size (steps): 7/2/7 (205)
Open/close/exp size (steps): 61/26/61 (253)
Open/close/exp size (steps): 9/2/9 (311)
0 0 1 0 0 0 0 0 0 0 0 0 0 0 0 0 0 0 0 0 0 0 0 0 0 0 0 0 0 0 0 0 0 0 0 0 0 0 0 0 0 0 0 0 0 0 0 0 0 0 0 0 0 0 0 0 
0 0 0 0 0 0 0 0 0 0 1 0 0 0 0 0 0 0 0 0 0 0 0 0 0 0 0 0 0 0 0 0 0 0 0 0 0 0 0 0 0 0 0 0 0 0 0 0 0 0 0 0 0 0 0 0 
0 0 0 0 0 0 0 0 0 0 0 0 0 0 0 0 1 0 0 0 0 0 0 0 0 0 0 0 0 0 0 0 0 0 0 0 0 0 0 0 0 0 0 0 0 0 0 0 0 0 0 0 0 0 0 0 
0 0 0 0 0 0 0 0 0 0 0 0 0 0 0 0 0 0 0 0 0 0 0 1 0 0 0 0 0 0 0 0 0 0 0 0 0 0 0 0 0 0 0 0 0 0 0 0 0 0 0 0 0 0 0 0 
0 0 0 0 0 0 0 0 0 0 0 0 0 0 0 0 0 0 0 0 0 0 0 0 0 0 0 0 0 0 1 0 0 0 0 0 0 0 0 0 0 0 0 0 0 0 0 0 0 0 0 0 0 0 0 0 
0 0 0 0 0 0 0 0 0 0 0 0 0 0 0 0 0 0 0 0 0 0 0 0 0 0 0 0 0 0 0 0 0 0 0 0 0 1 0 0 0 0 0 0 0 0 0 0 0 0 0 0 0 0 0 0 
0 0 0 0 0 0 0 0 0 0 0 0 0 0 0 0 0 0 0 0 0 0 0 0 0 0 0 0 0 0 0 0 0 0 0 0 0 0 0 0 0 0 0 0 0 1 0 0 0 0 0 0 0 0 0 0 
0 0 0 0 0 0 0 0 0 0 0 0 0 0 0 0 0 0 0 0 0 0 0 0 0 0 0 0 0 0 0 0 0 0 0 0 0 0 0 0 0 0 0 0 0 0 1 0 0 0 0 0 0 0 0 0 
0 0 0 0 0 0 0 0 0 0 0 0 0 0 0 0 0 0 0 0 0 0 0 0 0 0 0 0 0 0 0 0 0 0 0 0 0 0 0 0 0 0 0 0 0 0 0 1 0 0 0 0 0 0 0 0 

Groups 0 and 1 collide.
Solution of group 0
Mulirobot solution: (|moves| = 8, paralellism = 1.000) [
    Step 0: 1#2->10 
    Step 1: 1#10->16 
    Step 2: 1#16->23 
    Step 3: 1#23->30 
    Step 4: 1#30->37 
    Step 5: 1#37->45 
    Step 6: 1#45->46 
    Step 7: 1#46->47 
]
Solution of group 1
Mulirobot solution: (|moves| = 2, paralellism = 1.000) [
    Step 0: 1#31->30 
    Step 1: 1#30->37 
]
Occupation table complementary for group 0
0 0 0 0 0 1 1 1 1 0 0 0 1 0 1 1 0 0 1 1 0 0 0 0 0 0 0 0 0 1 1 1 0 0 0 0 0 0 0 0 1 1 0 1 1 0 1 1 0 0 1 1 1 1 1 1 
0 0 0 0 1 0 1 0 0 1 0 1 0 1 0 0 0 0 1 0 0 0 1 1 0 1 0 0 0 0 1 0 0 1 1 0 0 0 1 1 0 0 0 1 1 1 1 1 0 1 0 0 0 1 0 0 
0 0 0 1 0 1 0 0 0 0 1 0 1 0 1 1 1 0 0 0 1 0 0 0 0 0 1 0 0 1 0 1 1 1 0 0 0 1 1 1 0 1 0 0 1 1 1 0 0 0 0 0 1 0 0 0 
0 0 1 0 0 1 0 0 0 0 1 1 0 0 1 0 1 0 0 1 0 0 1 0 0 1 1 0 0 0 1 1 1 0 0 0 1 1 0 1 0 0 1 0 0 1 0 1 0 0 0 0 1 0 0 0 
0 1 1 0 0 1 0 0 0 0 1 0 0 0 1 0 0 0 1 1 0 0 0 1 0 0 1 0 0 1 0 1 0 1 0 0 0 1 0 0 1 0 1 0 0 1 0 1 1 0 0 0 1 0 0 0 
0 0 0 1 0 1 0 0 0 1 1 0 0 0 1 0 1 0 1 1 0 0 1 1 0 1 1 0 0 0 1 1 0 0 1 0 0 1 1 0 1 0 1 0 0 1 0 0 1 0 0 0 1 0 0 0 
0 0 0 0 1 1 0 0 0 0 1 0 0 0 1 1 0 1 0 1 0 0 0 1 0 0 1 0 0 0 0 1 1 0 1 1 0 1 0 1 1 0 1 0 0 1 0 0 1 1 0 0 1 0 0 0 
0 0 1 0 1 1 0 0 0 1 1 0 0 0 1 1 0 1 0 1 0 0 0 1 0 0 1 0 0 0 0 1 1 0 1 1 0 1 0 1 1 0 1 0 0 1 0 0 1 1 0 0 1 0 0 0 
0 1 0 0 1 1 0 0 0 0 1 0 0 0 1 1 0 1 0 1 0 0 0 1 0 0 1 0 0 0 0 1 0 1 1 1 0 1 0 1 1 1 1 0 0 1 0 0 1 1 0 0 1 0 0 0 
0 1 1 0 1 1 0 0 0 0 1 0 0 0 1 1 0 1 0 1 0 0 0 1 0 0 1 0 0 0 0 1 0 1 1 1 0 1 0 1 1 1 1 0 0 1 0 0 1 1 0 0 1 0 0 0 
0 1 0 1 1 1 0 0 0 0 1 0 0 0 1 1 0 1 0 1 0 0 0 1 0 0 1 0 0 0 0 1 0 1 1 1 0 1 0 1 1 1 1 0 0 1 0 0 1 1 0 0 1 0 0 0 
0 1 0 0 1 1 0 0 0 0 1 0 0 0 1 1 0 1 0 1 0 0 0 1 0 0 1 0 0 0 0 1 0 1 1 1 0 1 0 1 1 1 1 0 0 1 0 0 1 1 0 0 1 0 0 0 
0 1 0 0 1 1 0 0 0 0 1 0 0 0 1 1 0 1 0 1 0 0 0 1 0 0 1 0 0 0 0 1 0 1 1 1 0 1 0 1 1 1 1 0 0 1 0 0 1 1 0 0 1 0 0 0 
0 1 0 0 1 1 1 0 0 0 1 0 0 0 1 1 0 1 0 1 0 0 0 1 0 0 1 0 0 0 0 1 0 1 1 1 0 1 0 1 1 1 1 0 0 1 0 0 1 1 0 0 1 0 0 0 
0 1 0 0 1 1 0 1 0 0 1 0 0 0 1 1 0 1 0 1 0 0 0 1 0 0 1 0 0 0 0 1 0 1 1 1 0 1 0 1 1 1 1 0 0 1 0 0 1 1 0 0 1 0 0 0 

** Open/close/exp size (steps): 2/1/2 (2)
** Open/close/exp size (steps): 2/4/2 (5)
** Open/close/exp size (steps): 4/8/4 (9)
Occupation table complementary for group 1
0 0 1 0 0 1 1 1 1 0 0 0 1 0 1 1 0 0 1 1 0 0 0 0 0 0 0 0 0 1 1 0 0 0 0 0 0 0 0 0 1 1 0 1 1 0 1 1 0 0 1 1 1 1 1 1 
0 0 0 0 1 0 1 0 0 1 1 1 0 1 0 0 0 0 1 0 0 0 1 1 0 1 0 0 0 0 1 0 0 1 1 0 0 0 1 1 0 0 0 1 1 1 1 1 0 1 0 0 0 1 0 0 
0 0 0 1 0 1 0 0 0 0 1 0 1 0 1 1 1 0 0 0 1 0 0 0 0 0 1 0 0 1 0 1 1 1 0 0 0 1 1 1 0 1 0 0 1 1 1 0 0 0 0 0 1 0 0 0 
0 0 1 0 0 1 0 0 0 0 1 1 0 0 1 0 1 0 0 1 0 0 1 1 0 1 1 0 0 0 1 1 1 0 0 0 1 0 0 1 0 0 1 0 0 1 0 1 0 0 0 0 1 0 0 0 
0 1 1 0 0 1 0 0 0 0 1 0 0 0 1 0 0 0 1 1 0 0 0 1 0 0 1 0 0 1 1 1 0 1 0 0 0 1 0 0 1 0 1 0 0 1 0 1 1 0 0 0 1 0 0 0 
0 0 0 1 0 1 0 0 0 1 1 0 0 0 1 0 1 0 1 1 0 0 1 1 0 1 1 0 0 0 1 1 0 0 1 0 0 1 1 0 1 0 1 0 0 1 0 0 1 0 0 0 1 0 0 0 
0 0 0 0 1 1 0 0 0 0 1 0 0 0 1 1 0 1 0 1 0 0 0 1 0 0 1 0 0 0 0 1 1 0 1 1 0 0 0 1 1 0 1 0 0 1 0 0 1 1 0 0 1 0 0 0 
0 0 1 0 1 1 0 0 0 1 1 0 0 0 1 1 0 1 0 1 0 0 0 1 0 0 1 0 0 0 0 1 1 0 1 1 0 0 0 1 1 0 1 0 0 1 1 0 1 1 0 0 1 0 0 0 
0 1 0 0 1 1 0 0 0 0 1 0 0 0 1 1 0 1 0 1 0 0 0 1 0 0 1 0 0 0 0 1 0 1 1 1 0 0 0 1 1 1 1 0 0 1 0 1 1 1 0 0 1 0 0 0 
0 1 1 0 1 1 0 0 0 0 1 0 0 0 1 1 0 1 0 1 0 0 0 1 0 0 1 0 0 0 0 1 0 1 1 1 0 0 0 1 1 1 1 0 0 1 0 1 1 1 0 0 1 0 0 0 
0 1 0 1 1 1 0 0 0 0 1 0 0 0 1 1 0 1 0 1 0 0 0 1 0 0 1 0 0 0 0 1 0 1 1 1 0 0 0 1 1 1 1 0 0 1 0 1 1 1 0 0 1 0 0 0 
0 1 0 0 1 1 0 0 0 0 1 0 0 0 1 1 0 1 0 1 0 0 0 1 0 0 1 0 0 0 0 1 0 1 1 1 0 0 0 1 1 1 1 0 0 1 0 1 1 1 0 0 1 0 0 0 
0 1 0 0 1 1 0 0 0 0 1 0 0 0 1 1 0 1 0 1 0 0 0 1 0 0 1 0 0 0 0 1 0 1 1 1 0 0 0 1 1 1 1 0 0 1 0 1 1 1 0 0 1 0 0 0 
0 1 0 0 1 1 1 0 0 0 1 0 0 0 1 1 0 1 0 1 0 0 0 1 0 0 1 0 0 0 0 1 0 1 1 1 0 0 0 1 1 1 1 0 0 1 0 1 1 1 0 0 1 0 0 0 
0 1 0 0 1 1 0 1 0 0 1 0 0 0 1 1 0 1 0 1 0 0 0 1 0 0 1 0 0 0 0 1 0 1 1 1 0 0 0 1 1 1 1 0 0 1 0 1 1 1 0 0 1 0 0 0 

** Open/close/exp size (steps): 1/1/1 (14)
Unable to resolve collision between groups 0 and 1.
Merging groups 0 and 1.
Searching solution for merged group 0+1.
Open/close/exp size (steps): 118/45/118 (381)
Open/close/exp size (steps): 293/129/293 (465)
Open/close/exp size (steps): 421/230/421 (566)
Open/close/exp size (steps): 480/352/480 (688)
Open/close/exp size (steps): 531/499/531 (835)
Open/close/exp size (steps): 655/676/655 (1012)
Open/close/exp size (steps): 818/889/818 (1225)
Open/close/exp size (steps): 1059/1145/1059 (1481)
Open/close/exp size (steps): 1381/1453/1381 (1789)
Open/close/exp size (steps): 1607/1823/1607 (2159)
Open/close/exp size (steps): 1299/2267/1299 (2603)
Open/close/exp size (steps): 1437/2800/1437 (3136)
Open/close/exp size (steps): 1431/3440/1431 (3776)
Open/close/exp size (steps): 1621/4208/1621 (4544)
Open/close/exp size (steps): 2198/5130/2198 (5466)
Open/close/exp size (steps): 2629/6237/2629 (6573)
Open/close/exp size (steps): 2747/7566/2747 (7902)
0 0 1 0 0 0 0 0 0 0 0 0 0 0 0 0 0 0 0 0 0 0 0 0 0 0 0 0 0 0 0 2 0 0 0 0 0 0 0 0 0 0 0 0 0 0 0 0 0 0 0 0 0 0 0 0 
0 0 0 0 0 0 0 0 0 0 1 0 0 0 0 0 0 0 0 0 0 0 0 0 0 0 0 0 0 0 2 0 0 0 0 0 0 0 0 0 0 0 0 0 0 0 0 0 0 0 0 0 0 0 0 0 
0 0 0 0 0 0 0 0 0 0 0 0 0 0 0 0 1 0 0 0 0 0 0 0 0 0 0 0 0 0 0 0 0 0 0 0 0 2 0 0 0 0 0 0 0 0 0 0 0 0 0 0 0 0 0 0 
0 0 0 0 0 0 0 0 0 0 0 0 0 0 0 0 0 0 0 0 0 0 0 1 0 0 0 0 0 0 0 0 0 0 0 0 0 2 0 0 0 0 0 0 0 0 0 0 0 0 0 0 0 0 0 0 
0 0 0 0 0 0 0 0 0 0 0 0 0 0 0 0 0 0 0 0 0 0 0 0 0 0 0 0 0 0 1 0 0 0 0 0 0 2 0 0 0 0 0 0 0 0 0 0 0 0 0 0 0 0 0 0 
0 0 0 0 0 0 0 0 0 0 0 0 0 0 0 0 0 0 0 0 0 0 0 0 0 0 0 0 0 0 0 1 0 0 0 0 0 2 0 0 0 0 0 0 0 0 0 0 0 0 0 0 0 0 0 0 
0 0 0 0 0 0 0 0 0 0 0 0 0 0 0 0 0 0 0 0 0 0 0 0 0 0 0 0 0 0 0 0 0 0 0 0 0 2 1 0 0 0 0 0 0 0 0 0 0 0 0 0 0 0 0 0 
0 0 0 0 0 0 0 0 0 0 0 0 0 0 0 0 0 0 0 0 0 0 0 0 0 0 0 0 0 0 0 0 0 0 0 0 0 2 0 0 0 0 0 0 0 0 1 0 0 0 0 0 0 0 0 0 
0 0 0 0 0 0 0 0 0 0 0 0 0 0 0 0 0 0 0 0 0 0 0 0 0 0 0 0 0 0 0 0 0 0 0 0 0 2 0 0 0 0 0 0 0 0 0 1 0 0 0 0 0 0 0 0 

0 0 1 0 0 0 0 0 0 0 0 0 0 0 0 0 0 0 0 0 0 0 0 0 0 0 0 0 0 0 0 2 0 0 0 0 0 0 0 0 0 0 0 0 0 0 0 0 0 0 0 0 0 0 0 0 
0 0 0 0 0 0 0 0 0 0 1 0 0 0 0 0 0 0 0 0 0 0 0 0 0 0 0 0 0 0 2 0 0 0 0 0 0 0 0 0 0 0 0 0 0 0 0 0 0 0 0 0 0 0 0 0 
0 0 0 0 0 0 0 0 0 0 0 0 0 0 0 0 1 0 0 0 0 0 0 0 0 0 0 0 0 0 0 0 0 0 0 0 0 2 0 0 0 0 0 0 0 0 0 0 0 0 0 0 0 0 0 0 
0 0 0 0 0 0 0 0 0 0 0 0 0 0 0 0 0 0 0 0 0 0 0 1 0 0 0 0 0 0 0 0 0 0 0 0 0 2 0 0 0 0 0 0 0 0 0 0 0 0 0 0 0 0 0 0 
0 0 0 0 0 0 0 0 0 0 0 0 0 0 0 0 0 0 0 0 0 0 0 0 0 0 0 0 0 0 1 0 0 0 0 0 0 2 0 0 0 0 0 0 0 0 0 0 0 0 0 0 0 0 0 0 
0 0 0 0 0 0 0 0 0 0 0 0 0 0 0 0 0 0 0 0 0 0 0 0 0 0 0 0 0 0 0 1 0 0 0 0 0 2 0 0 0 0 0 0 0 0 0 0 0 0 0 0 0 0 0 0 
0 0 0 0 0 0 0 0 0 0 0 0 0 0 0 0 0 0 0 0 0 0 0 0 0 0 0 0 0 0 0 0 0 0 0 0 0 2 1 0 0 0 0 0 0 0 0 0 0 0 0 0 0 0 0 0 
0 0 0 0 0 0 0 0 0 0 0 0 0 0 0 0 0 0 0 0 0 0 0 0 0 0 0 0 0 0 0 0 0 0 0 0 0 2 0 0 0 0 0 0 0 0 1 0 0 0 0 0 0 0 0 0 
0 0 0 0 0 0 0 0 0 0 0 0 0 0 0 0 0 0 0 0 0 0 0 0 0 0 0 0 0 0 0 0 0 0 0 0 0 2 0 0 0 0 0 0 0 0 0 1 0 0 0 0 0 0 0 0 

Groups 0 and 2 collide.
Solution of group 0
Mulirobot solution: (|moves| = 10, paralellism = 1.250) [
    Step 0: 1#2->10 2#31->30 
    Step 1: 1#10->16 2#30->37 
    Step 2: 1#16->23 
    Step 3: 1#23->30 
    Step 4: 1#30->31 
    Step 5: 1#31->38 
    Step 6: 1#38->46 
    Step 7: 1#46->47 
]
Solution of group 2
Mulirobot solution: (|moves| = 8, paralellism = 1.000) [
    Step 0: 1#15->22 
    Step 1: 1#22->29 
    Step 2: 1#29->36 
    Step 3: 1#36->37 
    Step 4: 1#37->38 
    Step 5: 1#38->39 
    Step 6: 1#39->40 
    Step 7: 1#40->41 
]
Occupation table complementary for group 0
0 0 0 0 0 1 1 1 1 0 0 0 1 0 1 1 0 0 1 1 0 0 0 0 0 0 0 0 0 1 1 0 0 0 0 0 0 0 0 0 1 1 0 1 1 0 1 1 0 0 1 1 1 1 1 1 
0 0 0 0 1 0 1 0 0 1 0 1 0 1 0 0 0 0 1 0 0 0 1 1 0 1 0 0 0 0 1 0 0 1 1 0 0 0 1 1 0 0 0 1 1 1 1 1 0 1 0 0 0 1 0 0 
0 0 0 1 0 1 0 0 0 0 1 0 1 0 1 1 1 0 0 0 1 0 0 0 0 0 1 0 0 1 0 1 1 1 0 0 0 1 1 1 0 1 0 0 1 1 1 0 0 0 0 0 1 0 0 0 
0 0 1 0 0 1 0 0 0 0 1 1 0 0 1 0 1 0 0 1 0 0 1 0 0 1 1 0 0 0 1 1 1 0 0 0 1 0 0 1 0 0 1 0 0 1 0 1 0 0 0 0 1 0 0 0 
0 1 1 0 0 1 0 0 0 0 1 0 0 0 1 0 0 0 1 1 0 0 0 1 0 0 1 0 0 1 0 1 0 1 0 0 0 1 0 0 1 0 1 0 0 1 0 1 1 0 0 0 1 0 0 0 
0 0 0 1 0 1 0 0 0 1 1 0 0 0 1 0 1 0 1 1 0 0 1 1 0 1 1 0 0 0 1 1 0 0 1 0 0 0 1 0 1 0 1 0 0 1 0 0 1 0 0 0 1 0 0 0 
0 0 0 0 1 1 0 0 0 0 1 0 0 0 1 1 0 1 0 1 0 0 0 1 0 0 1 0 0 0 0 1 1 0 1 1 0 0 0 1 1 0 1 0 0 1 0 0 1 1 0 0 1 0 0 0 
0 0 1 0 1 1 0 0 0 1 1 0 0 0 1 1 0 1 0 1 0 0 0 1 0 0 1 0 0 0 0 1 1 0 1 1 0 0 0 1 1 0 1 0 0 1 0 0 1 1 0 0 1 0 0 0 
0 1 0 0 1 1 0 0 0 0 1 0 0 0 1 1 0 1 0 1 0 0 0 1 0 0 1 0 0 0 0 1 0 1 1 1 0 0 0 1 1 1 1 0 0 1 0 0 1 1 0 0 1 0 0 0 
0 1 1 0 1 1 0 0 0 0 1 0 0 0 1 1 0 1 0 1 0 0 0 1 0 0 1 0 0 0 0 1 0 1 1 1 0 0 0 1 1 1 1 0 0 1 0 0 1 1 0 0 1 0 0 0 
0 1 0 1 1 1 0 0 0 0 1 0 0 0 1 1 0 1 0 1 0 0 0 1 0 0 1 0 0 0 0 1 0 1 1 1 0 0 0 1 1 1 1 0 0 1 0 0 1 1 0 0 1 0 0 0 
0 1 0 0 1 1 0 0 0 0 1 0 0 0 1 1 0 1 0 1 0 0 0 1 0 0 1 0 0 0 0 1 0 1 1 1 0 0 0 1 1 1 1 0 0 1 0 0 1 1 0 0 1 0 0 0 
0 1 0 0 1 1 0 0 0 0 1 0 0 0 1 1 0 1 0 1 0 0 0 1 0 0 1 0 0 0 0 1 0 1 1 1 0 0 0 1 1 1 1 0 0 1 0 0 1 1 0 0 1 0 0 0 
0 1 0 0 1 1 1 0 0 0 1 0 0 0 1 1 0 1 0 1 0 0 0 1 0 0 1 0 0 0 0 1 0 1 1 1 0 0 0 1 1 1 1 0 0 1 0 0 1 1 0 0 1 0 0 0 
0 1 0 0 1 1 0 1 0 0 1 0 0 0 1 1 0 1 0 1 0 0 0 1 0 0 1 0 0 0 0 1 0 1 1 1 0 0 0 1 1 1 1 0 0 1 0 0 1 1 0 0 1 0 0 0 

** Open/close/exp size (steps): 2/1/2 (20)
** Open/close/exp size (steps): 6/9/6 (28)
** Open/close/exp size (steps): 10/19/10 (38)
** Open/close/exp size (steps): 12/31/12 (50)
** Open/close/exp size (steps): 9/46/9 (65)
Occupation table complementary for group 2
0 0 1 0 0 1 1 1 1 0 0 0 1 0 1 0 0 0 1 1 0 0 0 0 0 0 0 0 0 1 1 2 0 0 0 0 0 0 0 0 1 1 0 1 1 0 1 1 0 0 1 1 1 1 1 1 
0 0 0 0 1 0 1 0 0 1 1 1 0 1 0 0 0 0 1 0 0 0 0 1 0 1 0 0 0 0 1 0 0 1 1 0 0 0 1 1 0 0 0 1 1 1 1 1 0 1 0 0 0 1 0 0 
0 0 0 1 0 1 0 0 0 0 1 0 1 0 1 1 1 0 0 0 1 0 0 0 0 0 1 0 0 0 0 1 1 1 0 0 0 1 1 1 0 1 0 0 1 1 1 0 0 0 0 0 1 0 0 0 
0 0 1 0 0 1 0 0 0 0 1 1 0 0 1 0 1 0 0 1 0 0 1 1 0 1 1 0 0 0 1 1 1 0 0 0 1 2 0 1 0 0 1 0 0 1 0 1 0 0 0 0 1 0 0 0 
0 1 1 0 0 1 0 0 0 0 1 0 0 0 1 0 0 0 1 1 0 0 0 1 0 0 1 0 0 1 1 1 0 1 0 0 0 2 0 0 1 0 1 0 0 1 0 1 1 0 0 0 1 0 0 0 