================================================================
reLOC 0.13-odaiba : Multirobot Solver
(C) Copyright 2016 Pavel Surynek
----------------------------------------------------------------
Reading graph...
Reading graph... FINISHED
Reading initial arrangement...
Reading initial arrangement... FINISHED.
Reading goal arrangement...
Reading goal arrangement... FINISHED.
Building instance...
Building instance... FINISHED.
Open/close/exp size (steps): 5/1/5 (2)
Open/close/exp size (steps): 1/0/1 (5)
Open/close/exp size (steps): 13/4/13 (9)
Open/close/exp size (steps): 26/9/26 (14)
Open/close/exp size (steps): 43/15/43 (20)
Open/close/exp size (steps): 62/23/62 (28)
Open/close/exp size (steps): 79/33/79 (38)
Open/close/exp size (steps): 25/7/25 (50)
Open/close/exp size (steps): 31/12/31 (65)
Open/close/exp size (steps): 13/4/13 (83)
Open/close/exp size (steps): 20/7/20 (105)
Open/close/exp size (steps): 40/16/40 (132)
Open/close/exp size (steps): 8/2/8 (165)
Open/close/exp size (steps): 18/5/18 (205)
0 0 0 0 0 0 0 0 0 1 0 0 0 0 0 0 0 0 0 0 0 0 0 0 0 0 0 0 0 0 0 0 0 0 0 0 0 0 0 0 0 0 0 0 0 0 0 0 0 0 0 0 0 
0 0 0 0 0 0 0 0 0 0 1 0 0 0 0 0 0 0 0 0 0 0 0 0 0 0 0 0 0 0 0 0 0 0 0 0 0 0 0 0 0 0 0 0 0 0 0 0 0 0 0 0 0 
0 0 0 0 0 0 0 0 0 0 0 1 0 0 0 0 0 0 0 0 0 0 0 0 0 0 0 0 0 0 0 0 0 0 0 0 0 0 0 0 0 0 0 0 0 0 0 0 0 0 0 0 0 
0 0 0 0 0 0 0 0 0 0 0 0 1 0 0 0 0 0 0 0 0 0 0 0 0 0 0 0 0 0 0 0 0 0 0 0 0 0 0 0 0 0 0 0 0 0 0 0 0 0 0 0 0 
0 0 0 0 0 0 0 0 0 0 0 0 0 1 0 0 0 0 0 0 0 0 0 0 0 0 0 0 0 0 0 0 0 0 0 0 0 0 0 0 0 0 0 0 0 0 0 0 0 0 0 0 0 
0 0 0 0 0 0 0 0 0 0 0 0 0 1 0 0 0 0 0 0 0 0 0 0 0 0 0 0 0 0 0 0 0 0 0 0 0 0 0 0 0 0 0 0 0 0 0 0 0 0 0 0 0 
0 0 0 0 0 0 0 0 0 0 0 0 0 1 0 0 0 0 0 0 0 0 0 0 0 0 0 0 0 0 0 0 0 0 0 0 0 0 0 0 0 0 0 0 0 0 0 0 0 0 0 0 0 
0 0 0 0 0 0 0 0 0 0 0 0 0 1 0 0 0 0 0 0 0 0 0 0 0 0 0 0 0 0 0 0 0 0 0 0 0 0 0 0 0 0 0 0 0 0 0 0 0 0 0 0 0 
0 0 0 0 0 0 0 0 0 0 0 0 0 1 0 0 0 0 0 0 0 0 0 0 0 0 0 0 0 0 0 0 0 0 0 0 0 0 0 0 0 0 0 0 0 0 0 0 0 0 0 0 0 
0 0 0 0 0 0 0 0 0 0 0 0 0 1 0 0 0 0 0 0 0 0 0 0 0 0 0 0 0 0 0 0 0 0 0 0 0 0 0 0 0 0 0 0 0 0 0 0 0 0 0 0 0 
0 0 0 0 0 0 0 0 0 0 0 0 0 1 0 0 0 0 0 0 0 0 0 0 0 0 0 0 0 0 0 0 0 0 0 0 0 0 0 0 0 0 0 0 0 0 0 0 0 0 0 0 0 
0 0 0 0 0 0 0 0 0 0 0 0 0 1 0 0 0 0 0 0 0 0 0 0 0 0 0 0 0 0 0 0 0 0 0 0 0 0 0 0 0 0 0 0 0 0 0 0 0 0 0 0 0 
0 0 0 0 0 0 0 0 0 0 0 0 0 1 0 0 0 0 0 0 0 0 0 0 0 0 0 0 0 0 0 0 0 0 0 0 0 0 0 0 0 0 0 0 0 0 0 0 0 0 0 0 0 

0 0 0 0 0 0 0 0 0 1 0 0 0 0 0 0 0 0 0 0 0 0 0 0 0 0 0 0 0 0 0 0 0 0 0 0 0 0 0 0 0 0 0 0 0 0 0 0 0 0 0 0 0 
0 0 0 0 0 0 0 0 0 0 1 0 0 0 0 0 0 0 0 0 0 0 0 0 0 0 0 0 0 0 0 0 0 0 0 0 0 0 0 0 0 0 0 0 0 0 0 0 0 0 0 0 0 
0 0 0 0 0 0 0 0 0 0 0 1 0 0 0 0 0 0 0 0 0 0 0 0 0 0 0 0 0 0 0 0 0 0 0 0 0 0 0 0 0 0 0 0 0 0 0 0 0 0 0 0 0 
0 0 0 0 0 0 0 0 0 0 0 0 1 0 0 0 0 0 0 0 0 0 0 0 0 0 0 0 0 0 0 0 0 0 0 0 0 0 0 0 0 0 0 0 0 0 0 0 0 0 0 0 0 
0 0 0 0 0 0 0 0 0 0 0 0 0 1 0 0 0 0 0 0 0 0 0 0 0 0 0 0 0 0 0 0 0 0 0 0 0 0 0 0 0 0 0 0 0 0 0 0 0 0 0 0 0 
0 0 0 0 0 0 0 0 0 0 0 0 0 1 0 0 0 0 0 0 0 0 0 0 0 0 0 0 0 0 0 0 0 0 0 0 0 0 0 0 0 0 0 0 0 0 0 0 0 0 0 0 0 
0 0 0 0 0 0 0 0 0 0 0 0 0 1 0 0 0 0 0 0 0 0 0 0 0 0 0 0 0 0 0 0 0 0 0 0 0 0 0 0 0 0 0 0 0 0 0 0 0 0 0 0 0 
0 0 0 0 0 0 0 0 0 0 0 0 0 1 0 0 0 0 0 0 0 0 0 0 0 0 0 0 0 0 0 0 0 0 0 0 0 0 0 0 0 0 0 0 0 0 0 0 0 0 0 0 0 
0 0 0 0 0 0 0 0 0 0 0 0 0 1 0 0 0 0 0 0 0 0 0 0 0 0 0 0 0 0 0 0 0 0 0 0 0 0 0 0 0 0 0 0 0 0 0 0 0 0 0 0 0 

0 0 0 0 0 0 0 0 0 1 0 0 0 0 0 0 0 0 0 0 0 0 0 0 0 0 0 0 0 0 0 0 0 0 0 0 0 0 0 0 0 0 0 0 0 0 0 0 0 0 0 0 0 
0 0 0 0 0 0 0 0 0 0 1 0 0 0 0 0 0 0 0 0 0 0 0 0 0 0 0 0 0 0 0 0 0 0 0 0 0 0 0 0 0 0 0 0 0 0 0 0 0 0 0 0 0 
0 0 0 0 0 0 0 0 0 0 0 1 0 0 0 0 0 0 0 0 0 0 0 0 0 0 0 0 0 0 0 0 0 0 0 0 0 0 0 0 0 0 0 0 0 0 0 0 0 0 0 0 0 
0 0 0 0 0 0 0 0 0 0 0 0 1 0 0 0 0 0 0 0 0 0 0 0 0 0 0 0 0 0 0 0 0 0 0 0 0 0 0 0 0 0 0 0 0 0 0 0 0 0 0 0 0 
0 0 0 0 0 0 0 0 0 0 0 0 0 1 0 0 0 0 0 0 0 0 0 0 0 0 0 0 0 0 0 0 0 0 0 0 0 0 0 0 0 0 0 0 0 0 0 0 0 0 0 0 0 
0 0 0 0 0 0 0 0 0 0 0 0 0 1 0 0 0 0 0 0 0 0 0 0 0 0 0 0 0 0 0 0 0 0 0 0 0 0 0 0 0 0 0 0 0 0 0 0 0 0 0 0 0 
0 0 0 0 0 0 0 0 0 0 0 0 0 1 0 0 0 0 0 0 0 0 0 0 0 0 0 0 0 0 0 0 0 0 0 0 0 0 0 0 0 0 0 0 0 0 0 0 0 0 0 0 0 
0 0 0 0 0 0 0 0 0 0 0 0 0 1 0 0 0 0 0 0 0 0 0 0 0 0 0 0 0 0 0 0 0 0 0 0 0 0 0 0 0 0 0 0 0 0 0 0 0 0 0 0 0 

Groups 0 and 3 collide.
Solution of group 0
Mulirobot solution: (|moves| = 4, paralellism = 1.000) [
    Step 0: 1#9->10 
    Step 1: 1#10->11 
    Step 2: 1#11->12 
    Step 3: 1#12->13 
]
Solution of group 3
Mulirobot solution: (|moves| = 7, paralellism = 1.000) [
    Step 0: 1#23->17 
    Step 1: 1#17->9 
    Step 2: 1#9->10 
    Step 3: 1#10->11 
    Step 4: 1#11->12 
    Step 5: 1#12->13 
    Step 6: 1#13->14 
]
Occupation table complementary for group 0
0 0 0 1 0 0 1 0 0 0 0 1 0 1 1 0 1 0 1 1 0 0 1 1 0 0 0 1 1 0 1 0 1 1 1 0 1 1 0 1 0 1 1 0 1 0 0 0 0 0 1 1 0 
0 0 1 0 0 1 1 0 0 0 0 0 0 0 0 0 1 1 1 1 0 1 0 1 1 0 1 0 0 1 0 1 0 1 0 0 1 0 0 0 0 1 0 0 0 1 0 0 0 1 1 0 0 
0 1 0 0 1 1 0 0 1 1 0 0 0 0 0 0 0 1 1 1 0 0 1 1 1 1 1 1 0 0 1 0 0 0 0 1 1 0 0 1 0 0 0 0 0 0 0 0 1 1 0 0 0 
0 1 0 1 1 0 0 0 1 1 1 0 0 0 0 0 1 0 1 1 0 0 1 1 1 1 1 0 0 1 1 0 0 1 0 1 0 0 0 0 0 0 0 1 0 0 0 0 1 0 0 0 0 
1 0 1 1 0 0 0 0 0 0 1 1 0 0 0 0 1 1 0 0 1 0 1 0 1 0 1 0 0 1 0 1 1 1 0 1 0 1 0 0 0 0 0 1 0 0 0 0 0 0 0 0 0 
1 0 1 1 0 0 0 0 0 1 1 0 1 0 0 0 1 1 1 0 0 0 1 0 1 1 0 0 0 1 0 1 0 0 0 1 0 1 0 1 0 0 0 0 0 0 0 0 0 0 0 0 0 
1 0 1 1 0 1 0 0 0 0 1 1 0 1 0 0 1 1 0 1 1 0 1 0 1 0 1 0 0 1 1 1 0 0 0 1 0 0 0 0 0 0 0 1 0 1 0 0 0 0 0 0 0 
1 1 1 1 0 1 0 0 0 0 1 0 1 0 1 0 1 1 0 1 0 0 1 1 1 0 0 0 0 1 1 0 0 1 0 1 1 0 0 0 0 0 0 1 0 1 0 0 0 0 0 0 0 
1 1 1 1 0 1 0 0 0 1 1 1 0 0 1 0 1 1 0 1 0 0 1 1 1 0 0 0 1 1 0 0 0 0 1 1 1 0 0 0 0 1 0 1 0 1 0 0 0 0 0 0 0 
1 1 1 1 0 1 0 0 0 1 1 0 0 0 1 0 1 1 0 1 0 0 1 1 1 0 0 0 1 1 0 0 0 0 1 1 1 0 0 0 0 1 0 1 0 1 0 0 0 0 0 0 0 
1 1 1 1 0 1 0 0 1 1 1 0 0 0 1 0 1 1 0 1 0 0 1 1 1 0 0 0 1 1 0 0 0 0 1 1 1 0 0 0 0 1 0 1 0 1 0 0 0 0 0 0 0 
1 1 1 1 0 1 0 0 1 1 1 0 0 0 1 0 1 1 0 1 0 0 1 1 1 0 0 0 1 1 0 0 0 0 1 1 1 0 0 0 0 1 0 1 0 1 0 0 0 0 0 0 0 
1 1 1 1 0 1 0 1 1 1 1 0 0 0 1 0 1 1 0 1 0 0 1 1 1 0 0 0 1 1 0 0 0 0 1 1 1 0 0 0 0 1 0 1 0 1 0 0 0 0 0 0 0 

** Open/close/exp size (steps): 1/1/1 (2)
Alternative solution of group 0
Mulirobot solution: (|moves| = 4, paralellism = 1.000) [
    Step 0: 1#9->10 
    Step 1: 1#10->11 
    Step 2: 1#11->12 
    Step 3: 1#12->13 
]
0 0 0 0 0 0 0 0 0 1 0 0 0 0 0 0 0 0 0 0 0 0 0 0 0 0 0 0 0 0 0 0 0 0 0 0 0 0 0 0 0 0 0 0 0 0 0 0 0 0 0 0 0 
0 0 0 0 0 0 0 0 0 0 1 0 0 0 0 0 0 0 0 0 0 0 0 0 0 0 0 0 0 0 0 0 0 0 0 0 0 0 0 0 0 0 0 0 0 0 0 0 0 0 0 0 0 
0 0 0 0 0 0 0 0 0 0 0 1 0 0 0 0 0 0 0 0 0 0 0 0 0 0 0 0 0 0 0 0 0 0 0 0 0 0 0 0 0 0 0 0 0 0 0 0 0 0 0 0 0 
0 0 0 0 0 0 0 0 0 0 0 0 1 0 0 0 0 0 0 0 0 0 0 0 0 0 0 0 0 0 0 0 0 0 0 0 0 0 0 0 0 0 0 0 0 0 0 0 0 0 0 0 0 
0 0 0 0 0 0 0 0 0 0 0 0 0 1 0 0 0 0 0 0 0 0 0 0 0 0 0 0 0 0 0 0 0 0 0 0 0 0 0 0 0 0 0 0 0 0 0 0 0 0 0 0 0 
0 0 0 0 0 0 0 0 0 0 0 0 0 1 0 0 0 0 0 0 0 0 0 0 0 0 0 0 0 0 0 0 0 0 0 0 0 0 0 0 0 0 0 0 0 0 0 0 0 0 0 0 0 
0 0 0 0 0 0 0 0 0 0 0 0 0 1 0 0 0 0 0 0 0 0 0 0 0 0 0 0 0 0 0 0 0 0 0 0 0 0 0 0 0 0 0 0 0 0 0 0 0 0 0 0 0 
0 0 0 0 0 0 0 0 0 0 0 0 0 1 0 0 0 0 0 0 0 0 0 0 0 0 0 0 0 0 0 0 0 0 0 0 0 0 0 0 0 0 0 0 0 0 0 0 0 0 0 0 0 

Occupation table complementary for group 3
0 0 0 1 0 0 1 0 0 1 0 1 0 1 1 0 1 0 1 1 0 0 1 0 0 0 0 1 1 0 1 0 1 1 1 0 1 1 0 1 0 1 1 0 1 0 0 0 0 0 1 1 0 
0 0 1 0 0 1 1 0 0 0 1 0 0 0 0 0 1 1 1 1 0 1 0 1 1 0 1 0 0 1 0 1 0 1 0 0 1 0 0 0 0 1 0 0 0 1 0 0 0 1 1 0 0 
0 1 0 0 1 1 0 0 1 0 0 1 0 0 0 0 0 1 1 1 0 0 1 1 1 1 1 1 0 0 1 0 0 0 0 1 1 0 0 1 0 0 0 0 0 0 0 0 1 1 0 0 0 
0 1 0 1 1 0 0 0 1 1 0 0 1 0 0 0 1 0 1 1 0 0 1 1 1 1 1 0 0 1 1 0 0 1 0 1 0 0 0 0 0 0 0 1 0 0 0 0 1 0 0 0 0 
1 0 1 1 0 0 0 0 0 0 1 0 0 1 0 0 1 1 0 0 1 0 1 0 1 0 1 0 0 1 0 1 1 1 0 1 0 1 0 0 0 0 0 1 0 0 0 0 0 0 0 0 0 
1 0 1 1 0 0 0 0 0 1 1 0 1 1 0 0 1 1 1 0 0 0 1 0 1 1 0 0 0 1 0 1 0 0 0 1 0 1 0 1 0 0 0 0 0 0 0 0 0 0 0 0 0 
1 0 1 1 0 1 0 0 0 0 1 1 0 1 0 0 1 1 0 1 1 0 1 0 1 0 1 0 0 1 1 1 0 0 0 1 0 0 0 0 0 0 0 1 0 1 0 0 0 0 0 0 0 
1 1 1 1 0 1 0 0 0 0 1 0 1 1 0 0 1 1 0 1 0 0 1 1 1 0 0 0 0 1 1 0 0 1 0 1 1 0 0 0 0 0 0 1 0 1 0 0 0 0 0 0 0 
1 1 1 1 0 1 0 0 0 1 1 1 0 1 0 0 1 1 0 1 0 0 1 1 1 0 0 0 1 1 0 0 0 0 1 1 1 0 0 0 0 1 0 1 0 1 0 0 0 0 0 0 0 
1 1 1 1 0 1 0 0 0 