================================================================
reLOC 0.13-odaiba : Multirobot Solver
(C) Copyright 2016 Pavel Surynek
----------------------------------------------------------------
Reading graph...
Reading graph... FINISHED
Reading initial arrangement...
Reading initial arrangement... FINISHED.
Reading goal arrangement...
Reading goal arrangement... FINISHED.
Building instance...
Building instance... FINISHED.
Open/close/exp size (steps): 5/1/5 (2)
Open/close/exp size (steps): 16/4/16 (5)
Open/close/exp size (steps): 22/8/22 (9)
Open/close/exp size (steps): 36/13/36 (14)
Open/close/exp size (steps): 4/1/4 (20)
Open/close/exp size (steps): 24/7/24 (28)
Open/close/exp size (steps): 1/0/1 (38)
Open/close/exp size (steps): 30/12/30 (50)
Open/close/exp size (steps): 22/10/22 (65)
Open/close/exp size (steps): 54/28/54 (83)
Open/close/exp size (steps): 17/6/17 (105)
Open/close/exp size (steps): 7/2/7 (132)
Open/close/exp size (steps): 12/3/12 (165)
Open/close/exp size (steps): 21/7/21 (205)
Open/close/exp size (steps): 19/6/19 (253)
0 0 0 0 0 0 0 0 0 0 0 0 0 0 0 0 0 0 0 0 0 0 0 0 0 1 0 0 0 0 0 0 0 0 0 0 0 0 0 0 0 0 0 0 0 0 0 0 0 0 0 0 0 
0 0 0 0 0 0 0 0 0 0 0 0 0 0 0 0 0 0 1 0 0 0 0 0 0 0 0 0 0 0 0 0 0 0 0 0 0 0 0 0 0 0 0 0 0 0 0 0 0 0 0 0 0 
0 0 0 0 0 0 0 0 0 0 0 0 0 0 0 0 0 1 0 0 0 0 0 0 0 0 0 0 0 0 0 0 0 0 0 0 0 0 0 0 0 0 0 0 0 0 0 0 0 0 0 0 0 
0 0 0 0 0 0 0 0 0 0 0 0 0 0 0 0 1 0 0 0 0 0 0 0 0 0 0 0 0 0 0 0 0 0 0 0 0 0 0 0 0 0 0 0 0 0 0 0 0 0 0 0 0 
0 0 0 0 0 0 0 0 0 0 0 0 0 0 0 1 0 0 0 0 0 0 0 0 0 0 0 0 0 0 0 0 0 0 0 0 0 0 0 0 0 0 0 0 0 0 0 0 0 0 0 0 0 
0 0 0 0 0 0 0 0 0 0 0 0 0 0 1 0 0 0 0 0 0 0 0 0 0 0 0 0 0 0 0 0 0 0 0 0 0 0 0 0 0 0 0 0 0 0 0 0 0 0 0 0 0 
0 0 0 0 0 0 0 0 0 0 0 0 0 1 0 0 0 0 0 0 0 0 0 0 0 0 0 0 0 0 0 0 0 0 0 0 0 0 0 0 0 0 0 0 0 0 0 0 0 0 0 0 0 
0 0 0 0 0 0 1 0 0 0 0 0 0 0 0 0 0 0 0 0 0 0 0 0 0 0 0 0 0 0 0 0 0 0 0 0 0 0 0 0 0 0 0 0 0 0 0 0 0 0 0 0 0 
0 0 0 0 0 1 0 0 0 0 0 0 0 0 0 0 0 0 0 0 0 0 0 0 0 0 0 0 0 0 0 0 0 0 0 0 0 0 0 0 0 0 0 0 0 0 0 0 0 0 0 0 0 

Groups 0 and 1 collide.
Solution of group 0
Mulirobot solution: (|moves| = 8, paralellism = 1.000) [
    Step 0: 1#25->18 
    Step 1: 1#18->17 
    Step 2: 1#17->16 
    Step 3: 1#16->15 
    Step 4: 1#15->14 
    Step 5: 1#14->13 
    Step 6: 1#13->6 
    Step 7: 1#6->5 
]
Solution of group 1
Mulirobot solution: (|moves| = 2, paralellism = 1.000) [
    Step 0: 1#9->17 
    Step 1: 1#17->18 
]
Occupation table complementary for group 0
1 0 0 0 1 0 0 1 0 1 1 1 1 1 0 1 0 0 0 1 1 0 0 1 1 0 1 0 1 0 0 0 1 0 0 1 0 0 1 1 0 0 1 1 0 0 0 0 0 1 1 1 0 
0 0 0 1 0 1 0 0 0 1 1 0 0 1 1 1 0 1 1 0 1 0 0 0 1 1 0 1 0 1 0 1 0 1 1 1 0 0 1 0 0 0 0 1 1 0 0 0 0 0 1 0 0 
0 0 0 0 0 0 0 0 1 1 1 0 1 0 0 0 0 0 1 0 1 1 1 0 0 1 0 1 0 1 0 1 0 1 1 1 0 1 1 0 0 0 0 1 0 0 0 0 0 1 0 0 0 
0 0 0 0 0 0 0 1 1 1 1 0 0 1 0 1 0 0 1 0 1 0 1 1 0 1 1 0 1 0 0 0 0 1 0 1 1 1 0 0 1 0 0 0 0 0 0 0 0 1 0 0 0 
0 0 0 1 0 0 0 1 1 1 1 0 0 0 1 1 0 0 1 0 1 0 0 1 1 1 1 0 0 0 1 0 0 0 1 0 1 1 1 0 1 0 0 0 0 0 1 0 0 1 0 0 0 
0 0 0 1 0 0 0 1 0 1 1 0 0 1 1 1 0 0 1 0 1 0 0 1 1 1 1 0 0 0 0 1 0 0 0 0 1 1 1 0 0 1 0 0 0 0 1 0 0 1 0 0 0 
0 0 0 1 0 0 1 0 0 1 1 0 0 0 1 1 1 0 1 0 1 1 0 0 1 1 1 0 0 0 0 1 0 0 0 0 1 0 1 1 0 1 0 0 0 0 1 1 0 1 0 0 0 
0 0 0 1 0 0 1 0 1 1 1 0 0 1 0 0 1 1 1 0 1 1 1 0 1 1 1 0 0 0 0 1 0 0 0 0 1 0 1 1 0 1 0 0 0 0 1 1 0 1 0 0 0 
0 0 0 1 0 0 1 0 1 1 1 0 0 0 0 0 1 1 1 0 1 1 0 0 1 1 1 0 0 1 0 1 0 0 0 0 1 0 1 1 0 1 0 0 0 0 1 1 0 1 0 0 0 
0 0 0 1 0 1 1 0 1 1 1 0 0 0 0 0 1 1 1 0 1 1 0 0 1 1 1 0 0 0 0 1 0 0 0 1 1 0 1 1 0 1 0 0 0 0 1 1 0 1 0 0 0 
1 0 0 1 1 0 1 0 1 1 1 0 0 0 0 0 1 1 1 0 1 1 0 0 1 1 1 0 0 0 0 1 0 0 0 0 1 0 1 1 0 1 1 0 0 0 1 1 0 1 0 0 0 

Occupation table complementary for group 1
1 0 0 0 1 0 0 1 0 0 1 1 1 1 0 1 0 0 0 1 1 0 0 1 1 1 1 0 1 0 0 0 1 0 0 1 0 0 1 1 0 0 1 1 0 0 0 0 0 1 1 1 0 
0 0 0 1 0 1 0 0 0 1 1 0 0 1 1 1 0 1 1 0 1 0 0 0 1 1 0 1 0 1 0 1 0 1 1 1 0 0 1 0 0 0 0 1 1 0 0 0 0 0 1 0 0 
0 0 0 0 0 0 0 0 1 1 1 0 1 0 0 0 0 1 1 0 1 1 1 0 0 1 0 1 0 1 0 1 0 1 1 1 0 1 1 0 0 0 0 1 0 0 0 0 0 1 0 0 0 
0 0 0 0 0 0 0 1 1 1 1 0 0 1 0 1 1 0 0 0 1 0 1 1 0 1 1 0 1 0 0 0 0 1 0 1 1 1 0 0 1 0 0 0 0 0 0 0 0 1 0 0 0 
0 0 0 1 0 0 0 1 1 1 1 0 0 0 1 1 0 0 1 0 1 0 0 1 1 1 1 0 0 0 1 0 0 0 1 0 1 1 1 0 1 0 0 0 0 0 1 0 0 1 0 0 0 
0 0 0 1 0 0 0 1 0 1 1 0 0 1 1 1 0 0 0 0 1 0 0 1 1 1 1 0 0 0 0 1 0 0 0 0 1 1 1 0 0 1 0 0 0 0 1 0 0 1 0 0 0 
0 0 0 1 0 0 1 0 0 1 1 0 0 1 1 1 1 0 0 0 1 1 0 0 1 1 1 0 0 0 0 1 0 0 0 0 1 0 1 1 0 1 0 0 0 0 1 1 0 1 0 0 0 
0 0 0 1 0 0 1 0 1 1 1 0 0 1 0 0 1 1 1 0 1 1 1 0 1 1 1 0 0 0 0 1 0 0 0 0 1 0 1 1 0 1 0 0 0 0 1 1 0 1 0 0 0 
0 0 0 1 0 1 1 0 1 1 1 0 0 0 0 0 1 1 0 0 1 1 0 0 1 1 1 0 0 1 0 1 0 0 0 0 1 0 1 1 0 1 0 0 0 0 1 1 0 1 0 0 0 
0 0 0 1 0 1 1 0 1 1 1 0 0 0 0 0 1 1 0 0 1 1 0 0 1 1 1 0 0 0 0 1 0 0 0 1 1 0 1 1 0 1 0 0 0 0 1 1 0 1 0 0 0 
1 0 0 1 1 1 1 0 1 1 1 0 0 0 0 0 1 1 0 0 1 1 0 0 1 1 1 0 0 0 0 1 0 0 0 0 1 0 1 1 0 1 1 0 0 0 1 1 0 1 0 0 0 

Unable to resolve collision between groups 0 and 1.
Merging groups 0 and 1.
Searching solution for merged group 0+1.
Open/close/exp size (steps): 138/54/138 (311)
Open/close/exp size (steps): 263/124/263 (381)
Open/close/exp size (steps): 350/208/350 (465)
Open/close/exp size (steps): 400/309/400 (566)
Open/close/exp size (steps): 480/431/480 (688)
Open/close/exp size (steps): 694/578/694 (835)
Open/close/exp size (steps): 778/755/778 (1012)
Open/close/exp size (steps): 902/968/902 (1225)
Open/close/exp size (steps): 1098/1224/1098 (1481)
Open/close/exp size (steps): 1425/1532/1425 (1789)
Open/close/exp size (steps): 1527/1902/1527 (2159)
Open/close/exp size (steps): 1373/2346/1373 (2603)
Open/close/exp size (steps): 1537/2879/1537 (3136)
Open/close/exp size (steps): 1779/3519/1779 (3776)
Open/close/exp size (steps): 1624/4287/1624 (4544)
Open/close/exp size (steps): 2037/5209/2037 (5466)
Open/close/exp size (steps): 2272/6316/2272 (6573)
Open/close/exp size (steps): 1917/7645/1917 (7902)
0 0 0 0 0 0 0 0 0 2 0 0 0 0 0 0 0 0 0 0 0 0 0 0 0 1 0 0 0 0 0 0 0 0 0 0 0 0 0 0 0 0 0 0 0 0 0 0 0 0 0 0 0 
0 0 0 0 0 0 0 0 0 0 0 0 0 0 0 0 0 2 0 0 0 0 0 0 1 0 0 0 0 0 0 0 0 0 0 0 0 0 0 0 0 0 0 0 0 0 0 0 0 0 0 0 0 
0 0 0 0 0 0 0 0 0 0 0 0 0 0 0 0 0 0 2 0 0 0 0 1 0 0 0 0 0 0 0 0 0 0 0 0 0 0 0 0 0 0 0 0 0 0 0 0 0 0 0 0 0 
0 0 0 0 0 0 0 0 0 0 0 0 0 0 0 0 1 0 2 0 0 0 0 0 0 0 0 0 0 0 0 0 0 0 0 0 0 0 0 0 0 0 0 0 0 0 0 0 0 0 0 0 0 
0 0 0 0 0 0 0 0 0 0 0 0 0 0 0 1 0 0 2 0 0 0 0 0 0 0 0 0 0 0 0 0 0 0 0 0 0 0 0 0 0 0 0 0 0 0 0 0 0 0 0 0 0 
0 0 0 0 0 0 0 0 0 0 0 0 0 0 1 0 0 0 2 0 0 0 0 0 0 0 0 0 0 0 0 0 0 0 0 0 0 0 0 0 0 0 0 0 0 0 0 0 0 0 0 0 0 
0 0 0 0 0 0 0 0 0 0 0 0 0 1 0 0 0 0 2 0 0 0 0 0 0 0 0 0 0 0 0 0 0 0 0 0 0 0 0 0 0 0 0 0 0 0 0 0 0 0 0 0 0 
0 0 0 0 0 0 1 0 0 0 0 0 0 0 0 0 0 0 2 0 0 0 0 0 0 0 0 0 0 0 0 0 0 0 0 0 0 0 0 0 0 0 0 0 0 0 0 0 0 0 0 0 0 
0 0 0 0 0 1 0 0 0 0 0 0 0 0 0 0 0 0 2 0 0 0 0 0 0 0 0 0 0 0 0 0 0 0 0 0 0 0 0 0 0 0 0 0 0 0 0 0 0 0 0 0 0 

0 0 0 0 0 0 0 0 0 2 0 0 0 0 0 0 0 0 0 0 0 0 0 0 0 1 0 0 0 0 0 0 0 0 0 0 0 0 0 0 0 0 0 0 0 0 0 0 0 0 0 0 0 
0 0 0 0 0 0 0 0 0 0 0 0 0 0 0 0 0 2 0 0 0 0 0 0 1 0 0 0 0 0 0 0 0 0 0 0 0 0 0 0 0 0 0 0 0 0 0 0 0 0 0 0 0 
0 0 0 0 0 0 0 0 0 0 0 0 0 0 0 0 0 0 2 0 0 0 0 1 0 0 0 0 0 0 0 0 0 0 0 0 0 0 0 0 0 0 0 0 0 0 0 0 0 0 0 0 0 
0 0 0 0 0 0 0 0 0 0 0 0 0 0 0 0 1 0 2 0 0 0 0 0 0 0 0 0 0 0 0 0 0 0 0 0 0 0 0 0 0 0 0 0 0 0 0 0 0 0 0 0 0 
0 0 0 0 0 0 0 0 0 0 0 0 0 0 0 1 0 0 2 0 0 0 0 0 0 0 0 0 0 0 0 0 0 0 0 0 0 0 0 0 0 0 0 0 0 0 0 0 0 0 0 0 0 
0 0 0 0 0 0 0 0 0 0 0 0 0 0 1 0 0 0 2 0 0 0 0 0 0 0 0 0 0 0 0 0 0 0 0 0 0 0 0 0 0 0 0 0 0 0 0 0 0 0 0 0 0 
0 0 0 0 0 0 0 0 0 0 0 0 0 1 0 0 0 0 2 0 0 0 0 0 0 0 0 0 0 0 0 0 0 0 0 0 0 0 0 0 0 0 0 0 0 0 0 0 0 0 0 0 0 
0 0 0 0 0 0 1 0 0 0 0 0 0 0 0 0 0 0 2 0 0 0 0 0 0 0 0 0 0 0 0 0 0 0 0 0 0 0 0 0 0 0 0 0 0 0 0 0 0 0 0 0 0 
0 0 0 0 0 1 0 0 0 0 0 0 0 0 0 0 0 0 2 0 0 0 0 0 0 0 0 0 0 0 0 0 0 0 0 0 0 0 0 0 0 0 0 0 0 0 0 0 0 0 0 0 0 

Groups 0 and 2 collide.
Solution of group 0
Mulirobot solution: (|moves| = 10, paralellism = 1.250) [
    Step 0: 1#25->24 2#9->17 
    Step 1: 1#24->23 2#17->18 
    Step 2: 1#23->16 
    Step 3: 1#16->15 
    Step 4: 1#15->14 
    Step 5: 1#14->13 
    Step 6: 1#13->6 
    Step 7: 1#6->5 
]
Solution of group 2
Mulirobot solution: (|moves| = 6, paralellism = 1.000) [
    Step 0: 1#35->29 
    Step 1: 1#29->22 
    Step 2: 1#22->15 
    Step 3: 1#15->14 
    Step 4: 1#14->13 
    Step 5: 1#13->6 
]
Occupation table complementary for group 0
1 0 0 0 1 0 0 1 0 0 1 1 1 1 0 1 0 0 0 1 1 0 0 1 1 0 1 0 1 0 0 0 1 0 0 1 0 0 1 1 0 0 1 1 0 0 0 0 0 1 1 1 0 
0 0 0 1 0 1 0 0 0 1 1 0 0 1 1 1 0 1 1 0 1 0 0 0 1 1 0 1 0 1 0 1 0 1 1 1 0 0 1 0 0 0 0 1 1 0 0 0 0 0 1 0 0 
0 0 0 0 0 0 0 0 1 1 1 0 1 0 0 0 0 0 1 0 1 1 1 0 0 1 0 1 0 1 0 1 0 1 1 1 0 1 1 0 0 0 0 1 0 0 0 0 0 1 0 0 0 
0 0 0 0 0 0 0 1 1 1 1 0 0 1 0 1 0 0 0 0 1 0 1 1 0 1 1 0 1 0 0 0 0 1 0 1 1 1 0 0 1 0 0 0 0 0 0 0 0 1 0 0 0 
0 0 0 1 0 0 0 1 1 1 1 0 0 0 1 1 0 0 1 0 1 0 0 1 1 1 1 0 0 0 1 0 0 0 1 0 1 1 1 0 1 0 0 0 0 0 1 0 0 1 0 0 0 
0 0 0 1 0 0 0 1 0 1 1 0 0 1 1 1 0 0 0 0 1 0 0 1 1 1 1 0 0 0 0 1 0 0 0 0 1 1 1 0 0 1 0 0 0 0 1 0 0 1 0 0 0 
0 0 0 1 0 0 1 0 0 1 1 0 0 0 1 1 1 0 0 0 1 1 0 0 1 1 1 0 0 0 0 1 0 0 0 0 1 0 1 1 0 1 0 0 0 0 1 1 0 1 0 0 0 
0 0 0 1 0 0 1 0 1 1 1 0 0 1 0 0 1 1 1 0 1 1 1 0 1 1 1 0 0 0 0 1 0 0 0 0 1 0 1 1 0 1 0 0 0 0 1 1 0 1 0 0 0 
0 0 0 1 0 0 1 0 1 1 1 0 0 0 0 0 1 1 0 0 1 1 0 0 1 1 1 0 0 1 0 1 0 0 0 0 1 0 1 1 0 1 0 0 0 0 1 1 0 1 0 0 0 
0 0 0 1 0 1 1 0 1 1 1 0 0 0 0 0 1 1 0 0 1 1 0 0 1 1 1 0 0 0 0 1 0 0 0 1 1 0 1 1 0 1 0 0 0 0 1 1 0 1 0 0 0 
1 0 0 1 1 0 1 0 1 1 1 0 0 0 0 0 1 1 0 0 1 1 0 0 1 1 1 0 0 0 0 1 0 0 0 0 1 0 1 1 0 1 1 0 0 0 1 1 0 1 0 0 0 

Occupation table complementary for group 2
1 0 0 0 1 0 0 1 0 2 1 1 1 1 0 1 0 0 0 1 1 0 0 1 1 1 1 0 1 0 0 0 1 0 0 0 0 0 1 1 0 0 1 1 0 0 0 0 0 1 1 1 0 
0 0 0 1 0 1 0 0 0 1 1 0 0 1 1 1 0 1 1 0 1 0 0 0 1 1 0 1 0 0 0 1 0 1 1 1 0 0 1 0 0 0 0 1 1 0 0 0 0 0 1 0 0 
0 0 0 0 0 0 0 0 1 1 1 0 1 0 0 0 0 0 1 0 1 1 1 1 0 1 0 1 0 1 0 1 0 1 1 1 0 1 1 0 0 0 0 1 0 0 0 0 0 1 0 0 0 
0 0 0 0 0 0 0 1 1 1 1 0 0 1 0 0 1 0 2 0 1 0 1 1 0 1 1 0 1 0 0 0 0 1 0 1 1 1 0 0 1 0 0 0 0 0 0 0 0 1 0 0 0 
0 0 0 1 0 0 0 1 1 1 1 0 0 0 1 1 0 0 1 0 1 0 0 1 1 1 1 0 0 0 1 0 0 0 1 0 1 1 1 0 1 0 0 0 0 0 1 0 0 1 0 0 0 
0 0 0 1 0 0 0 1 0 1 1 0 0 0 1 1 0 0 2 0 1 0 0 1 1 1 1 0 0 0 0 1 0 0 0 0 1 1 1 0 0 1 0 0 0 0 1 0 0 1 0 0 0 
0 0 0 1 0 0 0 0 0 1 1 0 0 1 1 1 1 0 2 0 1 1 0 0 1 1 1 0 0 0 0 1 0 0 0 0 1 0 1 1 0 1 0 0 0 0 1 1 0 1 0 0 0 
0 0 0 1 0 0 1 0 1 1 1 0 0 1 0 0 1 1 1 0 1 1 1 0 1 1 1 0 0 0 0 1 0 0 0 0 1 0 1 1 0 1 0 0 0 0 1 1 0 1 0 0 0 
0 0 0 1 0 1 1 0 1 1 1 0 0 0 0 0 1 1 2 0 1 1 0 0 1 1 1 0 0 1 0 1 0 0 0 0 1 0 1 1 0 1 0 0 0 0 1 1 0 1 0 0 0 
0 0 0 1 0 1 0 0 1 1 1 0 0 0 0 0 1 1 2 0 1 1 0 0 1 1 1 0 0 0 0 1 0 0 0 1 1 0 1 1 0 1 0 0 0 0 1 1 0 1 0 0 0 
1 0 0 1 1 1 0 0 1 1 1 0 0 0 0 0 1 1 2 0 1 1 0 0 1 1 1 0 0 0 0 1 0 0 0 0 1 0 1 1 0 1 1 0 0 0 1 1 0 1 0 0 0 

Unable to resolve collision between groups 0 and 2.
Merging groups 0 and 2.
Searching solution for merged group 0+2.
Open/close/exp size (steps): 2243/1334/2243 (9497)
Open/close/exp size (steps): 3897/3248/3897 (11411)
Open/close/exp size (steps): 6634/5545/6634 (13708)
Open/close/exp size (steps): 10595/8302/10595 (16465)
Open/close/exp size (steps): 13695/11611/13695 (19774)
Open/close/exp size (steps): 15217/15582/15217 (23745)
Open/close/exp size (steps): 14280/20348/14280 (28511)
Open/close/exp size (steps): 17339/26068/17339 (34231)
Open/close/exp size (steps): 23102/32932/23102 (41095)
Open/close/exp size (steps): 34472/41169/34472 (49332)
Open/close/exp size (steps): 36032/51054/36032 (59217)
Open/close/exp size (steps): 39757/62916/39757 (71079)
Open/close/exp size (steps): 45998/77151/45998 (85314)
Open/close/exp size (steps): 51083/94233/51083 (102396)
Open/close/exp size (steps): 65509/114732/65509 (122895)
Open/close/exp size (steps): 49912/139331/49912 (147494)
Open/close/exp size (steps): 83120/168850/83120 (177013)
Open/close/exp size (steps): 106317/204273/106317 (212436)
Open/close/exp size (steps): 119598/246781/119598 (254944)
Open/close/exp size (steps): 118174/297791/118174 (305954)
Open/close/exp size (steps): 99454/359003/99454 (367166)
Open/close/exp size (steps): 75339/432458/75339 (440621)
Open/close/exp size (steps): 161069/520604/161069 (528767)
Open/close/exp size (steps): 171665/626380/171665 (634543)
Open/close/exp size (steps): 147462/753312/147462 (761475)
