================================================================
reLOC 0.13-odaiba : Multirobot Solver
(C) Copyright 2016 Pavel Surynek
----------------------------------------------------------------
Reading graph...
Reading graph... FINISHED
Reading initial arrangement...
Reading initial arrangement... FINISHED.
Reading goal arrangement...
Reading goal arrangement... FINISHED.
Building instance...
Building instance... FINISHED.
Open/close/exp size (steps): 3/1/3 (2)
Open/close/exp size (steps): 8/2/8 (5)
Open/close/exp size (steps): 17/6/17 (9)
Open/close/exp size (steps): 1/0/1 (14)
Open/close/exp size (steps): 20/6/20 (20)
Open/close/exp size (steps): 37/14/37 (28)
Open/close/exp size (steps): 56/24/56 (38)
Open/close/exp size (steps): 2/1/2 (50)
Open/close/exp size (steps): 39/16/39 (65)
Open/close/exp size (steps): 74/34/74 (83)
Open/close/exp size (steps): 32/11/32 (105)
Open/close/exp size (steps): 80/38/80 (132)
Open/close/exp size (steps): 23/10/23 (165)
Open/close/exp size (steps): 25/7/25 (205)
Open/close/exp size (steps): 28/9/28 (253)
Open/close/exp size (steps): 14/5/14 (311)
Open/close/exp size (steps): 29/9/29 (381)
0 0 0 0 0 0 0 0 0 0 0 0 0 0 0 0 0 0 0 0 0 0 0 0 0 0 0 0 0 0 0 1 0 0 0 0 0 0 0 0 0 0 0 0 0 0 0 0 0 0 0 0 0 
0 0 0 0 0 0 0 0 0 0 0 0 0 0 0 0 0 0 0 0 0 0 0 0 0 1 0 0 0 0 0 0 0 0 0 0 0 0 0 0 0 0 0 0 0 0 0 0 0 0 0 0 0 
0 0 0 0 0 0 0 0 0 0 0 0 0 0 0 0 0 0 1 0 0 0 0 0 0 0 0 0 0 0 0 0 0 0 0 0 0 0 0 0 0 0 0 0 0 0 0 0 0 0 0 0 0 
0 0 0 0 0 0 0 0 0 0 0 0 0 0 0 0 0 0 1 0 0 0 0 0 0 0 0 0 0 0 0 0 0 0 0 0 0 0 0 0 0 0 0 0 0 0 0 0 0 0 0 0 0 
0 0 0 0 0 0 0 0 0 0 0 0 0 0 0 0 0 0 1 0 0 0 0 0 0 0 0 0 0 0 0 0 0 0 0 0 0 0 0 0 0 0 0 0 0 0 0 0 0 0 0 0 0 
0 0 0 0 0 0 0 0 0 0 0 0 0 0 0 0 0 0 1 0 0 0 0 0 0 0 0 0 0 0 0 0 0 0 0 0 0 0 0 0 0 0 0 0 0 0 0 0 0 0 0 0 0 
0 0 0 0 0 0 0 0 0 0 0 0 0 0 0 0 0 0 1 0 0 0 0 0 0 0 0 0 0 0 0 0 0 0 0 0 0 0 0 0 0 0 0 0 0 0 0 0 0 0 0 0 0 

0 0 0 0 0 0 0 0 0 0 0 0 0 0 0 0 0 0 0 0 0 0 0 0 0 0 0 0 0 0 0 1 0 0 0 0 0 0 0 0 0 0 0 0 0 0 0 0 0 0 0 0 0 
0 0 0 0 0 0 0 0 0 0 0 0 0 0 0 0 0 0 0 0 0 0 0 0 0 1 0 0 0 0 0 0 0 0 0 0 0 0 0 0 0 0 0 0 0 0 0 0 0 0 0 0 0 
0 0 0 0 0 0 0 0 0 0 0 0 0 0 0 0 0 0 1 0 0 0 0 0 0 0 0 0 0 0 0 0 0 0 0 0 0 0 0 0 0 0 0 0 0 0 0 0 0 0 0 0 0 
0 0 0 0 0 0 0 0 0 0 0 0 0 0 0 0 0 0 1 0 0 0 0 0 0 0 0 0 0 0 0 0 0 0 0 0 0 0 0 0 0 0 0 0 0 0 0 0 0 0 0 0 0 
0 0 0 0 0 0 0 0 0 0 0 0 0 0 0 0 0 0 1 0 0 0 0 0 0 0 0 0 0 0 0 0 0 0 0 0 0 0 0 0 0 0 0 0 0 0 0 0 0 0 0 0 0 
0 0 0 0 0 0 0 0 0 0 0 0 0 0 0 0 0 0 1 0 0 0 0 0 0 0 0 0 0 0 0 0 0 0 0 0 0 0 0 0 0 0 0 0 0 0 0 0 0 0 0 0 0 
0 0 0 0 0 0 0 0 0 0 0 0 0 0 0 0 0 0 1 0 0 0 0 0 0 0 0 0 0 0 0 0 0 0 0 0 0 0 0 0 0 0 0 0 0 0 0 0 0 0 0 0 0 
0 0 0 0 0 0 0 0 0 0 0 0 0 0 0 0 0 0 1 0 0 0 0 0 0 0 0 0 0 0 0 0 0 0 0 0 0 0 0 0 0 0 0 0 0 0 0 0 0 0 0 0 0 
0 0 0 0 0 0 0 0 0 0 0 0 0 0 0 0 0 0 1 0 0 0 0 0 0 0 0 0 0 0 0 0 0 0 0 0 0 0 0 0 0 0 0 0 0 0 0 0 0 0 0 0 0 
0 0 0 0 0 0 0 0 0 0 0 0 0 0 0 0 0 0 1 0 0 0 0 0 0 0 0 0 0 0 0 0 0 0 0 0 0 0 0 0 0 0 0 0 0 0 0 0 0 0 0 0 0 
0 0 0 0 0 0 0 0 0 0 0 0 0 0 0 0 0 0 1 0 0 0 0 0 0 0 0 0 0 0 0 0 0 0 0 0 0 0 0 0 0 0 0 0 0 0 0 0 0 0 0 0 0 

0 0 0 0 0 0 0 0 0 0 0 0 0 0 0 0 0 0 0 0 0 0 0 0 0 0 0 0 0 0 0 1 0 0 0 0 0 0 0 0 0 0 0 0 0 0 0 0 0 0 0 0 0 
0 0 0 0 0 0 0 0 0 0 0 0 0 0 0 0 0 0 0 0 0 0 0 0 0 1 0 0 0 0 0 0 0 0 0 0 0 0 0 0 0 0 0 0 0 0 0 0 0 0 0 0 0 
0 0 0 0 0 0 0 0 0 0 0 0 0 0 0 0 0 0 1 0 0 0 0 0 0 0 0 0 0 0 0 0 0 0 0 0 0 0 0 0 0 0 0 0 0 0 0 0 0 0 0 0 0 
0 0 0 0 0 0 0 0 0 0 0 0 0 0 0 0 0 0 1 0 0 0 0 0 0 0 0 0 0 0 0 0 0 0 0 0 0 0 0 0 0 0 0 0 0 0 0 0 0 0 0 0 0 
0 0 0 0 0 0 0 0 0 0 0 0 0 0 0 0 0 0 1 0 0 0 0 0 0 0 0 0 0 0 0 0 0 0 0 0 0 0 0 0 0 0 0 0 0 0 0 0 0 0 0 0 0 
0 0 0 0 0 0 0 0 0 0 0 0 0 0 0 0 0 0 1 0 0 0 0 0 0 0 0 0 0 0 0 0 0 0 0 0 0 0 0 0 0 0 0 0 0 0 0 0 0 0 0 0 0 
0 0 0 0 0 0 0 0 0 0 0 0 0 0 0 0 0 0 1 0 0 0 0 0 0 0 0 0 0 0 0 0 0 0 0 0 0 0 0 0 0 0 0 0 0 0 0 0 0 0 0 0 0 
0 0 0 0 0 0 0 0 0 0 0 0 0 0 0 0 0 0 1 0 0 0 0 0 0 0 0 0 0 0 0 0 0 0 0 0 0 0 0 0 0 0 0 0 0 0 0 0 0 0 0 0 0 
0 0 0 0 0 0 0 0 0 0 0 0 0 0 0 0 0 0 1 0 0 0 0 0 0 0 0 0 0 0 0 0 0 0 0 0 0 0 0 0 0 0 0 0 0 0 0 0 0 0 0 0 0 
0 0 0 0 0 0 0 0 0 0 0 0 0 0 0 0 0 0 1 0 0 0 0 0 0 0 0 0 0 0 0 0 0 0 0 0 0 0 0 0 0 0 0 0 0 0 0 0 0 0 0 0 0 
0 0 0 0 0 0 0 0 0 0 0 0 0 0 0 0 0 0 1 0 0 0 0 0 0 0 0 0 0 0 0 0 0 0 0 0 0 0 0 0 0 0 0 0 0 0 0 0 0 0 0 0 0 

Groups 0 and 3 collide.
Solution of group 0
Mulirobot solution: (|moves| = 2, paralellism = 1.000) [
    Step 0: 1#31->25 
    Step 1: 1#25->18 
]
Solution of group 3
Mulirobot solution: (|moves| = 10, paralellism = 1.000) [
    Step 0: 1#52->51 
    Step 1: 1#51->44 
    Step 2: 1#44->38 
    Step 3: 1#38->31 
    Step 4: 1#31->25 
    Step 5: 1#25->18 
    Step 6: 1#18->17 
    Step 7: 1#17->16 
    Step 8: 1#16->15 
    Step 9: 1#15->14 
]
Occupation table complementary for group 0
1 0 0 0 1 0 1 1 0 1 1 1 1 1 1 1 0 0 1 1 1 0 1 1 1 1 1 1 1 0 0 0 1 0 0 1 0 0 1 1 0 0 1 1 0 0 0 0 0 1 1 1 1 
0 0 0 1 0 1 0 1 1 0 1 0 0 1 0 1 1 1 1 0 1 1 0 1 1 1 0 1 0 0 0 0 0 1 0 1 0 1 1 0 0 0 1 1 1 0 0 0 1 0 0 1 0 
0 0 1 1 0 0 0 1 1 1 1 0 1 0 1 1 1 0 1 0 1 0 1 1 1 1 0 1 0 1 0 0 0 0 1 0 1 1 1 0 1 0 1 0 1 0 0 0 1 0 0 0 0 
0 0 1 1 0 0 0 0 1 1 1 0 0 1 1 1 0 0 1 0 0 1 1 0 0 1 0 1 0 1 1 1 0 1 0 1 1 0 1 0 0 0 0 1 0 0 1 0 0 1 0 0 0 
0 0 1 1 0 0 0 1 0 1 1 0 0 1 1 1 0 0 0 0 1 0 1 1 0 1 0 1 0 1 1 1 0 1 1 1 0 0 0 0 0 0 0 1 0 0 0 1 0 1 0 0 0 
0 0 1 1 0 0 1 0 1 0 1 0 0 1 0 1 1 0 0 0 1 1 1 1 0 1 1 1 0 1 0 1 0 0 1 1 0 0 0 0 0 0 1 1 0 0 0 0 1 1 0 0 0 
0 0 1 1 1 0 1 0 1 0 1 1 0 0 1 1 1 0 1 0 1 0 1 0 0 1 1 1 0 1 0 1 0 0 0 1 1 0 1 0 0 0 0 1 0 0 0 0 1 1 0 0 0 
0 0 1 1 1 0 1 0 1 0 1 1 0 0 1 1 1 1 0 0 1 1 1 1 0 1 1 1 0 1 0 1 0 0 0 1 1 0 0 0 0 0 0 1 1 0 0 0 1 1 0 0 0 
0 0 1 1 1 0 1 1 1 0 1 1 0 1 0 1 1 0 0 0 1 1 1 1 0 1 1 1 0 1 0 1 0 1 0 1 1 1 0 0 0 0 0 1 1 0 0 0 1 1 1 0 0 
0 0 1 1 1 0 1 1 1 0 1 1 1 0 0 1 1 0 0 0 1 1 1 1 0 1 1 1 0 1 0 1 0 0 0 1 1 0 1 0 1 0 0 1 1 0 0 0 1 1 0 1 0 
0 0 1 1 1 0 1 1 1 0 1 1 1 0 1 1 1 0 0 0 1 1 1 1 0 1 1 1 0 1 0 1 0 0 0 1 1 0 1 1 0 0 0 1 1 0 1 0 1 1 0 0 1 
0 0 1 1 1 0 1 1 1 0 1 1 1 0 1 1 1 0 0 0 1 1 1 1 0 1 1 1 0 1 0 1 0 0 0 1 1 0 1 1 0 0 0 1 1 1 0 0 1 1 0 0 1 

** Open/close/exp size (steps): 1/1/1 (2)
Occupation table complementary for group 3
1 0 0 0 1 0 1 1 0 1 1 1 1 1 1 1 0 0 1 1 1 0 1 1 1 1 1 1 1 0 0 1 1 0 0 1 0 0 1 1 0 0 1 1 0 0 0 0 0 1 1 1 0 
0 0 0 1 0 1 0 1 1 0 1 0 0 1 0 1 1 1 1 0 1 1 0 1 1 1 0 1 0 0 0 0 0 1 0 1 0 1 1 0 0 0 1 1 1 0 0 0 1 0 0 0 0 
0 0 1 1 0 0 0 1 1 1 1 0 1 0 1 1 1 0 1 0 1 0 1 1 1 1 0 1 0 1 0 0 0 0 1 0 1 1 1 0 1 0 1 0 0 0 0 0 1 0 0 0 0 
0 0 1 1 0 0 0 0 1 1 1 0 0 1 1 1 0 0 1 0 0 1 1 0 0 1 0 1 0 1 1 1 0 1 0 1 1 0 0 0 0 0 0 1 0 0 1 0 0 1 0 0 0 
0 0 1 1 0 0 0 1 0 1 1 0 0 1 1 1 0 0 1 0 1 0 1 1 0 1 0 1 0 1 1 1 0 1 1 1 0 0 0 0 0 0 0 1 0 0 0 1 0 1 0 0 0 
0 0 1 1 0 0 1 0 1 0 1 0 0 1 0 1 1 0 1 0 1 1 1 1 0 1 1 1 0 1 0 1 0 0 1 1 0 0 0 0 0 0 1 1 0 0 0 0 1 1 0 0 0 
0 0 1 1 1 0 1 0 1 0 1 1 0 0 1 1 1 0 1 0 1 0 1 0 0 1 1 1 0 1 0 1 0 0 0 1 1 0 1 0 0 0 0 1 0 0 0 0 1 1 0 0 0 
0 0 1 1 1 0 1 0 1 0 1 1 0 0 1 1 1 0 1 0 1 1 1 1 0 1 1 1 0 1 0 1 0 0 0 1 1 0 0 0 0 0 0 1 1 0 0 0 1 1 0 0 0 
0 0 1 1 1 0 1 1 1 0 1 1 0 1 0 1 1 0 1 0 1 1 1 1 0 1 1 1 0 1 0 1 0 1 0 1 1 1 0 0 0 0 0 1 1 0 0 0 1 1 1 0 0 
0 0 1 1 1 0 1 1 1 0 1 1 1 0 0 1 1 0 1 0 1 1 1 1 0 1 1 1 0 1 0 1 0 0 0 1 1 0 1 0 1 0 0 1 1 0 0 0 1 1 0 1 0 
0 0 1 1 1 0 1 1 1 0 1 1 1 0 0 1 1 0 1 0 1 1 1 1 0 1 1 1 0 1 0 1 0 0 0 1 1 0 1 1 0 0 0 1 1 0 1 0 1 1 0 0 1 
0 0 1 1 1 0 1 1 1 0 1 1 1 0 0 1 1 0 1 0 1 1 1 1 0 1 1 1 0 1 0 1 0 0 0 1 1 0 1 1 0 0 0 1 1 1 0 0 1 1 0 0 1 

** Open/close/exp size (steps): 1/2/1 (5)
** Open/close/exp size (steps): 9/6/9 (9)
** Open/close/exp size (steps): 5/11/5 (14)
Unable to resolve collision between groups 0 and 3.
Merging groups 0 and 3.
Searching solution for merged group 0+3.
Open/close/exp size (steps): 57/43/57 (465)
Open/close/exp size (steps): 198/144/198 (566)
Open/close/exp size (steps): 275/266/275 (688)
Open/close/exp size (steps): 218/413/218 (835)
Open/close/exp size (steps): 285/590/285 (1012)
Open/close/exp size (steps): 208/803/208 (1225)
Open/close/exp size (steps): 572/1059/572 (1481)
Open/close/exp size (steps): 446/1367/446 (1789)
Open/close/exp size (steps): 553/1737/553 (2159)
Open/close/exp size (steps): 763/2181/763 (2603)
Open/close/exp size (steps): 489/2714/489 (3136)
Open/close/exp size (steps): 1069/3354/1069 (3776)
Open/close/exp size (steps): 979/4122/979 (4544)
Open/close/exp size (steps): 1064/5044/1064 (5466)
Open/close/exp size (steps): 1670/6151/1670 (6573)
Open/close/exp size (steps): 1458/7480/1458 (7902)
0 0 0 0 0 0 0 0 0 0 0 0 0 0 0 0 0 0 0 0 0 0 0 0 0 0 0 0 0 0 0 1 0 0 0 0 0 0 0 0 0 0 0 0 0 0 0 0 0 0 0 0 2 
0 0 0 0 0 0 0 0 0 0 0 0 0 0 0 0 0 0 0 0 0 0 0 0 0 1 0 0 0 0 0 0 0 0 0 0 0 0 0 0 0 0 0 0 0 0 0 0 0 0 0 2 0 
0 0 0 0 0 0 0 0 0 0 0 0 0 0 0 0 0 0 1 0 0 0 0 0 0 0 0 0 0 0 0 0 0 0 0 0 0 0 0 0 0 0 0 0 2 0 0 0 0 0 0 0 0 
0 0 0 0 0 0 0 0 0 0 0 0 0 0 0 0 0 0 1 0 0 0 0 0 0 0 0 0 0 0 0 0 0 0 0 0 0 0 2 0 0 0 0 0 0 0 0 0 0 0 0 0 0 
0 0 0 0 0 0 0 0 0 0 0 0 0 0 0 0 0 0 1 0 0 0 0 0 0 0 0 0 0 0 0 2 0 0 0 0 0 0 0 0 0 0 0 0 0 0 0 0 0 0 0 0 0 
0 0 0 0 0 0 0 0 0 0 0 0 0 0 0 0 0 0 1 0 0 0 0 0 0 2 0 0 0 0 0 0 0 0 0 0 0 0 0 0 0 0 0 0 0 0 0 0 0 0 0 0 0 
0 0 0 0 0 0 0 0 0 0 0 0 0 0 0 0 0 0 1 0 0 0 0 0 2 0 0 0 0 0 0 0 0 0 0 0 0 0 0 0 0 0 0 0 0 0 0 0 0 0 0 0 0 
0 0 0 0 0 0 0 0 0 0 0 0 0 0 0 0 0 2 1 0 0 0 0 0 0 0 0 0 0 0 0 0 0 0 0 0 0 0 0 0 0 0 0 0 0 0 0 0 0 0 0 0 0 
0 0 0 0 0 0 0 0 0 0 0 0 0 0 0 0 2 0 1 0 0 0 0 0 0 0 0 0 0 0 0 0 0 0 0 0 0 0 0 0 0 0 0 0 0 0 0 0 0 0 0 0 0 
0 0 0 0 0 0 0 0 0 0 0 0 0 0 0 2 0 0 1 0 0 0 0 0 0 0 0 0 0 0 0 0 0 0 0 0 0 0 0 0 0 0 0 0 0 0 0 0 0 0 0 0 0 
0 0 0 0 0 0 0 0 0 0 0 0 0 0 2 0 0 0 1 0 0 0 0 0 0 0 0 0 0 0 0 0 0 0 0 0 0 0 0 0 0 0 0 0 0 0 0 0 0 0 0 0 0 

0 0 0 0 0 0 0 0 0 0 0 0 0 0 0 0 0 0 0 0 0 0 0 0 0 0 0 0 0 0 0 1 0 0 0 0 0 0 0 0 0 0 0 0 0 0 0 0 0 0 0 0 2 
0 0 0 0 0 0 0 0 0 0 0 0 0 0 0 0 0 0 0 0 0 0 0 0 0 1 0 0 0 0 0 0 0 0 0 0 0 0 0 0 0 0 0 0 0 0 0 0 0 0 0 2 0 
0 0 0 0 0 0 0 0 0 0 0 0 0 0 0 0 0 0 1 0 0 0 0 0 0 0 0 0 0 0 0 0 0 0 0 0 0 0 0 0 0 0 0 0 2 0 0 0 0 0 0 0 0 
0 0 0 0 0 0 0 0 0 0 0 0 0 0 0 0 0 0 1 0 0 0 0 0 0 0 0 0 0 0 0 0 0 0 0 0 0 0 2 0 0 0 0 0 0 0 0 0 0 0 0 0 0 
0 0 0 0 0 0 0 0 0 0 0 0 0 0 0 0 0 0 1 0 0 0 0 0 0 0 0 0 0 0 0 2 0 0 0 0 0 0 0 0 0 0 0 0 0 0 0 0 0 0 0 0 0 
0 0 0 0 0 0 0 0 0 0 0 0 0 0 0 0 0 0 1 0 0 0 0 0 0 2 0 0 0 0 0 0 0 0 0 0 0 0 0 0 0 0 0 0 0 0 0 0 0 0 0 0 0 
0 0 0 0 0 0 0 0 0 0 0 0 0 0 0 0 0 0 1 0 0 0 0 0 2 0 0 0 0 0 0 0 0 0 0 0 0 0 0 0 0 0 0 0 0 0 0 0 0 0 0 0 0 
0 0 0 0 0 0 0 0 0 0 0 0 0 0 0 0 0 2 1 0 0 0 0 0 0 0 0 0 0 0 0 0 0 0 0 0 0 0 0 0 0 0 0 0 0 0 0 0 0 0 0 0 0 
0 0 0 0 0 0 0 0 0 0 0 0 0 0 0 0 2 0 1 0 0 0 0 0 0 0 0 0 0 0 0 0 0 0 0 0 0 0 0 0 0 0 0 0 0 0 0 0 0 0 0 0 0 
0 0 0 0 0 0 0 0 0 0 0 0 0 0 0 2 0 0 1 0 0 0 0 0 0 0 0 0 0 0 0 0 0 0 0 0 0 0 0 0 0 0 0 0 0 0 0 0 0 0 0 0 0 
0 0 0 0 0 0 0 0 0 0 0 0 0 0 2 0 0 0 1 0 0 0 0 0 0 0 0 0 0 0 0 0 0 0 0 0 0 0 0 0 0 0 0 0 0 0 0 0 0 0 0 0 0 

0 0 0 0 0 0 0 0 0 0 0 0 0 0 0 0 0 0 0 0 0 0 0 0 0 0 0 0 0 0 0 1 0 0 0 0 0 0 0 0 0 0 0 0 0 0 0 0 0 0 0 0 2 
0 0 0 0 0 0 0 0 0 0 0 0 0 0 0 0 0 0 0 0 0 0 0 0 0 1 0 0 0 0 0 0 0 0 0 0 0 0 0 0 0 0 0 0 0 0 0 0 0 0 0 2 0 
0 0 0 0 0 0 0 0 0 0 0 0 0 0 0 0 0 0 1 0 0 0 0 0 0 0 0 0 0 0 0 0 0 0 0 0 0 0 0 0 0 0 0 0 2 0 0 0 0 0 0 0 0 
0 0 0 0 0 0 0 0 0 0 0 0 0 0 0 0 0 0 1 0 0 0 0 0 0 0 0 0 0 0 0 0 0 0 0 0 0 0 2 0 0 0 0 0 0 0 0 0 0 0 0 0 0 
0 0 0 0 0 0 0 0 0 0 0 0 0 0 0 0 0 0 1 0 0 0 0 0 0 0 0 0 0 0 0 2 0 0 0 0 0 0 0 0 0 0 0 0 0 0 0 0 0 0 0 0 0 
0 0 0 0 0 0 0 0 0 0 0 0 0 0 0 0 0 0 1 0 0 0 0 0 0 2 0 0 0 0 0 0 0 0 0 0 0 0 0 0 0 0 0 0 0 0 0 0 0 0 0 0 0 
0 0 0 0 0 0 0 0 0 0 0 0 0 0 0 0 0 0 1 0 0 0 0 0 2 0 0 0 0 0 0 0 0 0 0 0 0 0 0 0 0 0 0 0 0 0 0 0 0 0 0 0 0 
0 0 0 0 0 0 0 0 0 0 0 0 0 0 0 0 0 2 1 0 0 0 0 0 0 0 0 0 0 0 0 0 0 0 0 0 0 0 0 0 0 0 0 0 0 0 0 0 0 0 0 0 0 
0 0 0 0 0 0 0 0 0 0 0 0 0 0 0 0 2 0 1 0 0 0 0 0 0 0 0 0 0 0 0 0 0 0 0 0 0 0 0 0 0 0 0 0 0 0 0 0 0 0 0 0 0 
0 0 0 0 0 0 0 0 0 0 0 0 0 0 0 2 0 0 1 0 0 0 0 0 0 0 0 0 0 0 0 0 0 0 0 0 0 0 0 0 0 0 0 0 0 0 0 0 0 0 0 0 0 
0 0 0 0 0 0 0 0 0 0 0 0 0 0 2 0 0 0 1 0 0 0 0 0 0 0 0 0 0 0 0 0 0 0 0 0 0 0 0 0 0 0 0 0 0 0 0 0 0 0 0 0 0 

0 0 0 0 0 0 0 0 0 0 0 0 0 0 0 0 0 0 0 0 0 0 0 0 0 0 0 0 0 0 0 1 0 0 0 0 0 0 0 0 0 0 0 0 0 0 0 0 0 0 0 0 2 
0 0 0 0 0 0 0 0 0 0 0 0 0 0 0 0 0 0 0 0 0 0 0 0 0 1 0 0 0 0 0 0 0 0 0 0 0 0 0 0 0 0 0 0 0 0 0 0 0 0 0 2 0 
0 0 0 0 0 0 0 0 0 0 0 0 0 0 0 0 0 0 1 0 0 0 0 0 0 0 0 0 0 0 0 0 0 0 0 0 0 0 0 0 0 0 0 0 2 0 0 0 0 0 0 0 0 
0 0 0 0 0 0 0 0 0 0 0 0 0 0 0 0 0 0 1 0 0 0 0 0 0 0 0 0 0 0 0 0 0 0 0 0 0 0 2 0 0 0 0 0 0 0 0 0 0 0 0 0 0 
0 0 0 0 0 0 0 0 0 0 0 0 0 0 0 0 0 0 1 0 0 0 0 0 0 0 0 0 0 0 0 2 0 0 0 0 0 0 0 0 0 0 0 0 0 0 0 0 0 0 0 0 0 
0 0 0 0 0 0 0 0 0 0 0 0 0 0 0 0 0 0 1 0 0 0 0 0 0 2 0 0 0 0 0 0 0 0 0 0 0 0 0 0 0 0 0 0 0 0 0 0 0 0 0 0 0 
0 0 0 0 0 0 0 0 0 0 0 0 0 0 0 0 0 0 1 0 0 0 0 0 2 0 0 0 0 0 0 0 0 0 0 0 0 0 0 0 0 0 0 0 0 0 0 0 0 0 0 0 0 
0 0 0 0 0 0 0 0 0 0 0 0 0 0 0 0 0 2 1 0 0 0 0 0 0 0 0 0 0 0 0 0 0 0 0 0 0 0 0 0 0 0 0 0 0 0 0 0 0 0 0 0 0 
0 0 0 0 0 0 0 0 0 0 0 0 0 0 0 0 2 0 1 0 0 0 0 0 0 0 0 0 0 0 0 0 0 0 0 0 0 0 0 0 0 0 0 0 0 0 0 0 0 0 0 0 0 
0 0 0 0 0 0 0 0 0 0 0 0 0 0 0 2 0 0 1 0 0 0 0 0 0 0 0 0 0 0 0 0 0 0 0 0 0 0 0 0 0 0 0 0 0 0 0 0 0 0 0 0 0 
0 0 0 0 0 0 0 0 0 0 0 0 0 0 2 0 0 0 1 0 0 0 0 0 0 0 0 0 0 0 0 0 0 0 0 0 0 0 0 0 0 0 0 0 0 0 0 0 0 0 0 0 0 

0 0 0 0 0 0 0 0 0 0 0 0 0 0 0 0 0 0 0 0 0 0 0 0 0 0 0 0 0 0 0 1 0 0 0 0 0 0 0 0 0 0 0 0 0 0 0 0 0 0 0 0 2 
0 0 0 0 0 0 0 0 0 0 0 0 0 0 0 0 0 0 0 0 0 0 0 0 0 1 0 0 0 0 0 0 0 0 0 0 0 0 0 0 0 0 0 0 0 0 0 0 0 0 0 2 0 
0 0 0 0 0 0 0 0 0 0 0 0 0 0 0 0 0 0 1 0 0 0 0 0 0 0 0 0 0 0 0 0 0 0 0 0 0 0 0 0 0 0 0 0 2 0 0 0 0 0 0 0 0 
0 0 0 0 0 0 0 0 0 0 0 0 0 0 0 0 0 0 1 0 0 0 0 0 0 0 0 0 0 0 0 0 0 0 0 0 0 0 2 0 0 0 0 0 0 0 0 0 0 0 0 0 0 
0 0 0 0 0 0 0 0 0 0 0 0 0 0 0 0 0 0 1 0 0 0 0 0 0 0 0 0 0 0 0 2 0 0 0 0 0 0 0 0 0 0 0 0 0 0 0 0 0 0 0 0 0 
0 0 0 0 0 0 0 0 0 0 0 0 0 0 0 0 0 0 1 0 0 0 0 0 0 2 0 0 0 0 0 0 0 0 0 0 0 0 0 0 0 0 0 0 0 0 0 0 0 0 0 0 0 
0 0 0 0 0 0 0 0 0 0 0 0 0 0 0 0 0 0 1 0 0 0 0 0 2 0 0 0 0 0 0 0 0 0 0 0 0 0 0 0 0 0 0 0 0 0 0 0 0 0 0 0 0 
0 0 0 0 0 0 0 0 0 0 0 0 0 0 0 0 0 2 1 0 0 0 0 0 0 0 0 0 0 0 0 0 0 0 0 0 0 0 0 0 0 0 0 0 0 0 0 0 0 0 0 0 0 
0 0 0 0 0 0 0 0 0 0 0 0 0 0 0 0 2 0 1 0 0 0 0 0 0 0 0 0 0 0 0 0 0 0 0 0 0 0 0 0 0 0 0 0 0 0 0 0 0 0 0 0 0 
0 0 0 0 0 0 0 0 0 0 0 0 0 0 0 2 0 0 1 0 0 0 0 0 0 0 0 0 0 0 0 0 0 0 0 0 0 0 0 0 0 0 0 0 0 0 0 0 0 0 0 0 0 
0 0 0 0 0 0 0 0 0 0 0 0 0 0 2 0 0 0 1 0 0 0 0 0 0 0 0 0 0 0 0 0 0 0 0 0 0 0 0 0 0 0 0 0 0 0 0 0 0 0 0 0 0 

Groups 0 and 5 collide.
Solution of group 0
Mulirobot solution: (|moves| = 12, paralellism = 1.200) [
    Step 0: 1#31->25 2#52->51 
    Step 1: 1#25->18 2#51->44 
    Step 2: 2#44->38 
    Step 3: 2#38->31 
    Step 4: 2#31->25 
    Step 5: 2#25->24 
    Step 6: 2#24->17 
    Step 7: 2#17->16 
    Step 8: 2#16->15 
    Step 9: 2#15->14 
]
Solution of group 5
Mulirobot solution: (|moves| = 3, paralellism = 1.000) [
    Step 0: 1#22->23 
    Step 1: 1#23->24 
    Step 2: 1#24->25 
]
Occupation table complementary for group 0
1 0 0 0 1 0 1 1 0 1 1 1 1 1 1 1 0 0 1 1 1 0 1 1 1 1 1 1 1 0 0 0 1 0 0 1 0 0 1 1 0 0 1 1 0 0 0 0 0 1 1 1 0 
0 0 0 1 0 1 0 1 1 0 1 0 0 1 0 1 1 1 1 0 1 1 0 1 1 1 0 1 0 0 0 0 0 1 0 1 0 1 1 0 0 0 1 1 1 0 0 0 1 0 0 0 0 
0 0 1 1 0 0 0 1 1 1 1 0 1 0 1 1 1 0 1 0 1 0 1 1 1 1 0 1 0 1 0 0 0 0 1 0 1 1 1 0 1 0 1 0 0 0 0 0 1 0 0 0 0 
0 0 1 1 0 0 0 0 1 1 1 0 0 1 1 1 0 0 1 0 0 1 1 0 0 1 0 1 0 1 1 1 0 1 0 1 1 0 0 0 0 0 0 1 0 0 1 0 0 1 0 0 0 
0 0 1 1 0 0 0 1 0 1 1 0 0 1 1 1 0 0 0 0 1 0 1 1 0 1 0 1 0 1 1 1 0 1 1 1 0 0 0 0 0 0 0 1 0 0 0 1 0 1 0 0 0 
0 0 1 1 0 0 1 0 1 0 1 0 0 1 0 1 1 0 0 0 1 1 1 1 0 1 1 1 0 1 0 1 0 0 1 1 0 0 0 0 0 0 1 1 0 0 0 0 1 1 0 0 0 
0 0 1 1 1 0 1 0 1 0 1 1 0 0 1 1 1 0 0 0 1 0 1 0 0 1 1 1 0 1 0 1 0 0 0 1 1 0 1 0 0 0 0 1 0 0 0 0 1 1 0 0 0 
0 0 1 1 1 0 1 0 1 0 1 1 0 0 1 1 1 0 0 0 1 1 1 1 0 1 1 1 0 1 0 1 0 0 0 1 1 0 0 0 0 0 0 1 1 0 0 0 1 1 0 0 0 
0 0 1 1 1 0 1 1 1 0 1 1 0 1 0 1 1 0 0 0 1 1 1 1 0 1 1 1 0 1 0 1 0 1 0 1 1 1 0 0 0 0 0 1 1 0 0 0 1 1 1 0 0 
0 0 1 1 1 0 1 1 1 0 1 1 1 0 0 1 1 0 0 0 1 1 1 1 0 1 1 1 0 1 0 1 0 0 0 1 1 0 1 0 1 0 0 1 1 0 0 0 1 1 0 1 0 
0 0 1 1 1 0 1 1 1 0 1 1 1 0 0 1 1 0 0 0 1 1 1 1 0 1 1 1 0 1 0 1 0 0 0 1 1 0 1 1 0 0 0 1 1 0 1 0 1 1 0 0 1 
0 0 1 1 1 0 1 1 1 0 1 1 1 0 0 1 1 0 0 0 1 1 1 1 0 1 1 1 0 1 0 1 0 0 0 1 1 0 1 1 0 0 0 1 1 1 0 0 1 1 0 0 1 

** Open/close/exp size (steps): 1/0/1 (20)
Occupation table complementary for group 5
1 0 0 0 1 0 1 1 0 1 1 1 1 1 1 1 0 0 1 1 1 0 0 1 1 1 1 1 1 0 0 1 1 0 0 1 0 0 1 1 0 0 1 1 0 0 0 0 0 1 1 1 2 
0 0 0 1 0 1 0 1 1 0 1 0 0 1 0 1 1 1 1 0 1 1 0 1 1 1 0 1 0 0 terminate called after throwing an instance of 'std::bad_alloc'
  what():  std::bad_alloc
0 0 0 1 0 1 0 1 1 0 0 0 1 1 1 0 0 0 1 0 0 2 0 
0 0 1 1 0 0 0 1 1 1 1 0 1 0 1 1 1 0 1 0 1 0 1 1 0 1 0 1 0 1 0 0 0 0 1 0 1 1 1 0 1 0 1 0 2 0 0 0 1 0 0 0 0 
0 0 1 1 0 0 0 0 1 1 1 0 0 1 1 1 0 0 1 0 0 1 1 0 0 0 0 1 0 1 1 1 0 1 0 1 1 0 2 0 0 0 0 1 0 0 1 0 0 1 0 0 0 
0 0 1 1 0 0 0 1 0 1 1 0 0 1 1 1 0 0 1 0 1 0 1 1 0 1 0 1 0 1 1 1 0 1 1 1 0 0 0 0 0 0 0 1 0 0 0 1 0 1 0 0 0 
0 0 1 1 0 0 1 0 1 0 1 0 0 1 0 1 1 0 1 0 1 1 1 1 0 2 1 1 0 1 0 1 0 0 1 1 0 0 0 0 0 0 1 1 0 0 0 0 1 1 0 0 0 
0 0 1 1 1 0 1 0 1 0 1 1 0 0 1 1 1 0 1 0 1 0 1 0 2 0 1 1 0 1 0 1 0 0 0 1 1 0 1 0 0 0 0 1 0 0 0 0 1 1 0 0 0 
0 0 1 1 1 0 1 0 1 0 1 1 0 0 1 1 1 2 1 0 1 1 1 1 0 0 1 1 0 1 0 1 0 0 0 1 1 0 0 0 0 0 0 1 1 0 0 0 1 1 0 0 0 
0 0 1 1 1 0 1 1 1 0 1 1 0 1 0 1 1 0 1 0 1 1 1 1 0 0 1 1 0 1 0 1 0 1 0 1 1 1 0 0 0 0 0 1 1 0 0 0 1 1 1 0 0 
0 0 1 1 1 0 1 1 1 0 1 1 1 0 0 1 1 0 1 0 1 1 1 1 0 0 1 1 0 1 0 1 0 0 0 1 1 0 1 0 1 0 0 1 1 0 0 0 1 1 0 1 0 
0 0 1 1 1 0 1 1 1 0 1 1 1 0 2 1 1 0 1 0 1 1 1 1 0 0 1 1 0 1 0 1 0 0 0 1 1 0 1 1 0 0 0 1 1 0 1 0 1 1 0 0 1 
0 0 1 1 1 0 1 1 1 0 1 1 1 0 2 1 1 0 1 0 1 1 1 1 0 0 1 1 0 1 0 1 0 0 0 1 1 0 1 1 0 0 0 1 1 1 0 0 1 1 0 0 1 

Unable to resolve collision between groups 0 and 5.
Merging groups 0 and 5.
Searching solution for merged group 0+5.
Open/close/exp size (steps): 1013/416/1013 (9497)
Open/close/exp size (steps): 1052/2330/1052 (11411)
Open/close/exp size (steps): 7224/4627/7224 (13708)
Open/close/exp size (steps): 7038/7384/7038 (16465)
Open/close/exp size (steps): 5166/10693/5166 (19774)
Open/close/exp size (steps): 15229/14664/15229 (23745)
Open/close/exp size (steps): 15498/19430/15498 (28511)
Open/close/exp size (steps): 10098/25150/10098 (34231)
Open/close/exp size (steps): 12209/32014/12209 (41095)
Open/close/exp size (steps): 27237/40251/27237 (49332)
Open/close/exp size (steps): 33853/50136/33853 (59217)
Open/close/exp size (steps): 23945/61998/23945 (71079)
Open/close/exp size (steps): 30755/76233/30755 (85314)
Open/close/exp size (steps): 27891/93315/27891 (102396)
Open/close/exp size (steps): 56317/113814/56317 (122895)
Open/close/exp size (steps): 88198/138413/88198 (147494)
Open/close/exp size (steps): 77498/167932/77498 (177013)
Open/close/exp size (steps): 49556/203355/49556 (212436)
Open/close/exp size (steps): 73686/245863/73686 (254944)
Open/close/exp size (steps): 54320/296873/54320 (305954)
Open/close/exp size (steps): 125732/358085/125732 (367166)
Open/close/exp size (steps): 130863/431540/130863 (440621)
Open/close/exp size (steps): 112178/519686/112178 (528767)
Open/close/exp size (steps): 108613/625462/108613 (634543)
Aborted (core dumped)
