================================================================
reLOC 0.13-odaiba : Multirobot Solver
(C) Copyright 2016 Pavel Surynek
----------------------------------------------------------------
Reading graph...
Reading graph... FINISHED
Reading initial arrangement...
Reading initial arrangement... FINISHED.
Reading goal arrangement...
Reading goal arrangement... FINISHED.
Building instance...
Building instance... FINISHED.
Open/close/exp size (steps): 4/1/4 (2)
Open/close/exp size (steps): 12/4/12 (5)
Open/close/exp size (steps): 25/8/25 (9)
Open/close/exp size (steps): 1/0/1 (14)
Open/close/exp size (steps): 11/3/11 (20)
Open/close/exp size (steps): 5/2/5 (28)
Open/close/exp size (steps): 30/12/30 (38)
Open/close/exp size (steps): 11/3/11 (50)
Open/close/exp size (steps): 3/1/3 (65)
Open/close/exp size (steps): 7/2/7 (83)
Open/close/exp size (steps): 18/5/18 (105)
Open/close/exp size (steps): 32/14/32 (132)
Open/close/exp size (steps): 13/5/13 (165)
Open/close/exp size (steps): 17/5/17 (205)
Open/close/exp size (steps): 14/4/14 (253)
0 0 0 0 0 0 0 0 0 0 0 0 0 0 0 0 0 0 0 0 0 0 0 0 0 0 0 0 0 0 0 0 0 0 0 0 0 0 0 0 1 0 0 0 0 0 0 0 0 0 
0 0 0 0 0 0 0 0 0 0 0 0 0 0 0 0 0 0 0 0 0 0 0 0 0 0 0 0 0 0 0 0 0 0 0 1 0 0 0 0 0 0 0 0 0 0 0 0 0 0 
0 0 0 0 0 0 0 0 0 0 0 0 0 0 0 0 0 0 0 0 0 0 0 0 0 0 0 0 0 1 0 0 0 0 0 0 0 0 0 0 0 0 0 0 0 0 0 0 0 0 
0 0 0 0 0 0 0 0 0 0 0 0 0 0 0 0 0 0 0 0 0 1 0 0 0 0 0 0 0 0 0 0 0 0 0 0 0 0 0 0 0 0 0 0 0 0 0 0 0 0 
0 0 0 0 0 0 0 0 0 0 0 0 0 0 0 0 0 0 0 0 0 0 1 0 0 0 0 0 0 0 0 0 0 0 0 0 0 0 0 0 0 0 0 0 0 0 0 0 0 0 
0 0 0 0 0 0 0 0 0 0 0 0 0 0 0 0 0 0 0 0 0 0 0 1 0 0 0 0 0 0 0 0 0 0 0 0 0 0 0 0 0 0 0 0 0 0 0 0 0 0 
0 0 0 0 0 0 0 0 0 0 0 0 0 0 0 0 0 0 0 0 0 0 0 0 1 0 0 0 0 0 0 0 0 0 0 0 0 0 0 0 0 0 0 0 0 0 0 0 0 0 

0 0 0 0 0 0 0 0 0 0 0 0 0 0 0 0 0 0 0 0 0 0 0 0 0 0 0 0 0 0 0 0 0 0 0 0 0 0 0 0 1 0 0 0 0 0 0 0 0 0 
0 0 0 0 0 0 0 0 0 0 0 0 0 0 0 0 0 0 0 0 0 0 0 0 0 0 0 0 0 0 0 0 0 0 0 1 0 0 0 0 0 0 0 0 0 0 0 0 0 0 
0 0 0 0 0 0 0 0 0 0 0 0 0 0 0 0 0 0 0 0 0 0 0 0 0 0 0 0 0 1 0 0 0 0 0 0 0 0 0 0 0 0 0 0 0 0 0 0 0 0 
0 0 0 0 0 0 0 0 0 0 0 0 0 0 0 0 0 0 0 0 0 1 0 0 0 0 0 0 0 0 0 0 0 0 0 0 0 0 0 0 0 0 0 0 0 0 0 0 0 0 
0 0 0 0 0 0 0 0 0 0 0 0 0 0 0 0 0 0 0 0 0 0 1 0 0 0 0 0 0 0 0 0 0 0 0 0 0 0 0 0 0 0 0 0 0 0 0 0 0 0 
0 0 0 0 0 0 0 0 0 0 0 0 0 0 0 0 0 0 0 0 0 0 0 1 0 0 0 0 0 0 0 0 0 0 0 0 0 0 0 0 0 0 0 0 0 0 0 0 0 0 
0 0 0 0 0 0 0 0 0 0 0 0 0 0 0 0 0 0 0 0 0 0 0 0 1 0 0 0 0 0 0 0 0 0 0 0 0 0 0 0 0 0 0 0 0 0 0 0 0 0 

0 0 0 0 0 0 0 0 0 0 0 0 0 0 0 0 0 0 0 0 0 0 0 0 0 0 0 0 0 0 0 0 0 0 0 0 0 0 0 0 1 0 0 0 0 0 0 0 0 0 
0 0 0 0 0 0 0 0 0 0 0 0 0 0 0 0 0 0 0 0 0 0 0 0 0 0 0 0 0 0 0 0 0 0 0 1 0 0 0 0 0 0 0 0 0 0 0 0 0 0 
0 0 0 0 0 0 0 0 0 0 0 0 0 0 0 0 0 0 0 0 0 0 0 0 0 0 0 0 0 1 0 0 0 0 0 0 0 0 0 0 0 0 0 0 0 0 0 0 0 0 
0 0 0 0 0 0 0 0 0 0 0 0 0 0 0 0 0 0 0 0 0 1 0 0 0 0 0 0 0 0 0 0 0 0 0 0 0 0 0 0 0 0 0 0 0 0 0 0 0 0 
0 0 0 0 0 0 0 0 0 0 0 0 0 0 0 0 0 0 0 0 0 0 1 0 0 0 0 0 0 0 0 0 0 0 0 0 0 0 0 0 0 0 0 0 0 0 0 0 0 0 
0 0 0 0 0 0 0 0 0 0 0 0 0 0 0 0 0 0 0 0 0 0 0 1 0 0 0 0 0 0 0 0 0 0 0 0 0 0 0 0 0 0 0 0 0 0 0 0 0 0 
0 0 0 0 0 0 0 0 0 0 0 0 0 0 0 0 0 0 0 0 0 0 0 0 1 0 0 0 0 0 0 0 0 0 0 0 0 0 0 0 0 0 0 0 0 0 0 0 0 0 

0 0 0 0 0 0 0 0 0 0 0 0 0 0 0 0 0 0 0 0 0 0 0 0 0 0 0 0 0 0 0 0 0 0 0 0 0 0 0 0 1 0 0 0 0 0 0 0 0 0 
0 0 0 0 0 0 0 0 0 0 0 0 0 0 0 0 0 0 0 0 0 0 0 0 0 0 0 0 0 0 0 0 0 0 0 1 0 0 0 0 0 0 0 0 0 0 0 0 0 0 
0 0 0 0 0 0 0 0 0 0 0 0 0 0 0 0 0 0 0 0 0 0 0 0 0 0 0 0 0 1 0 0 0 0 0 0 0 0 0 0 0 0 0 0 0 0 0 0 0 0 
0 0 0 0 0 0 0 0 0 0 0 0 0 0 0 0 0 0 0 0 0 1 0 0 0 0 0 0 0 0 0 0 0 0 0 0 0 0 0 0 0 0 0 0 0 0 0 0 0 0 
0 0 0 0 0 0 0 0 0 0 0 0 0 0 0 0 0 0 0 0 0 0 1 0 0 0 0 0 0 0 0 0 0 0 0 0 0 0 0 0 0 0 0 0 0 0 0 0 0 0 
0 0 0 0 0 0 0 0 0 0 0 0 0 0 0 0 0 0 0 0 0 0 0 1 0 0 0 0 0 0 0 0 0 0 0 0 0 0 0 0 0 0 0 0 0 0 0 0 0 0 
0 0 0 0 0 0 0 0 0 0 0 0 0 0 0 0 0 0 0 0 0 0 0 0 1 0 0 0 0 0 0 0 0 0 0 0 0 0 0 0 0 0 0 0 0 0 0 0 0 0 
0 0 0 0 0 0 0 0 0 0 0 0 0 0 0 0 0 0 0 0 0 0 0 0 1 0 0 0 0 0 0 0 0 0 0 0 0 0 0 0 0 0 0 0 0 0 0 0 0 0 
0 0 0 0 0 0 0 0 0 0 0 0 0 0 0 0 0 0 0 0 0 0 0 0 1 0 0 0 0 0 0 0 0 0 0 0 0 0 0 0 0 0 0 0 0 0 0 0 0 0 
0 0 0 0 0 0 0 0 0 0 0 0 0 0 0 0 0 0 0 0 0 0 0 0 1 0 0 0 0 0 0 0 0 0 0 0 0 0 0 0 0 0 0 0 0 0 0 0 0 0 

0 0 0 0 0 0 0 0 0 0 0 0 0 0 0 0 0 0 0 0 0 0 0 0 0 0 0 0 0 0 0 0 0 0 0 0 0 0 0 0 1 0 0 0 0 0 0 0 0 0 
0 0 0 0 0 0 0 0 0 0 0 0 0 0 0 0 0 0 0 0 0 0 0 0 0 0 0 0 0 0 0 0 0 0 0 1 0 0 0 0 0 0 0 0 0 0 0 0 0 0 
0 0 0 0 0 0 0 0 0 0 0 0 0 0 0 0 0 0 0 0 0 0 0 0 0 0 0 0 0 1 0 0 0 0 0 0 0 0 0 0 0 0 0 0 0 0 0 0 0 0 
0 0 0 0 0 0 0 0 0 0 0 0 0 0 0 0 0 0 0 0 0 1 0 0 0 0 0 0 0 0 0 0 0 0 0 0 0 0 0 0 0 0 0 0 0 0 0 0 0 0 
0 0 0 0 0 0 0 0 0 0 0 0 0 0 0 0 0 0 0 0 0 0 1 0 0 0 0 0 0 0 0 0 0 0 0 0 0 0 0 0 0 0 0 0 0 0 0 0 0 0 
0 0 0 0 0 0 0 0 0 0 0 0 0 0 0 0 0 0 0 0 0 0 0 1 0 0 0 0 0 0 0 0 0 0 0 0 0 0 0 0 0 0 0 0 0 0 0 0 0 0 
0 0 0 0 0 0 0 0 0 0 0 0 0 0 0 0 0 0 0 0 0 0 0 0 1 0 0 0 0 0 0 0 0 0 0 0 0 0 0 0 0 0 0 0 0 0 0 0 0 0 

0 0 0 0 0 0 0 0 0 0 0 0 0 0 0 0 0 0 0 0 0 0 0 0 0 0 0 0 0 0 0 0 0 0 0 0 0 0 0 0 1 0 0 0 0 0 0 0 0 0 
0 0 0 0 0 0 0 0 0 0 0 0 0 0 0 0 0 0 0 0 0 0 0 0 0 0 0 0 0 0 0 0 0 0 0 1 0 0 0 0 0 0 0 0 0 0 0 0 0 0 
0 0 0 0 0 0 0 0 0 0 0 0 0 0 0 0 0 0 0 0 0 0 0 0 0 0 0 0 0 1 0 0 0 0 0 0 0 0 0 0 0 0 0 0 0 0 0 0 0 0 
0 0 0 0 0 0 0 0 0 0 0 0 0 0 0 0 0 0 0 0 0 1 0 0 0 0 0 0 0 0 0 0 0 0 0 0 0 0 0 0 0 0 0 0 0 0 0 0 0 0 
0 0 0 0 0 0 0 0 0 0 0 0 0 0 0 0 0 0 0 0 0 0 1 0 0 0 0 0 0 0 0 0 0 0 0 0 0 0 0 0 0 0 0 0 0 0 0 0 0 0 
0 0 0 0 0 0 0 0 0 0 0 0 0 0 0 0 0 0 0 0 0 0 0 1 0 0 0 0 0 0 0 0 0 0 0 0 0 0 0 0 0 0 0 0 0 0 0 0 0 0 
0 0 0 0 0 0 0 0 0 0 0 0 0 0 0 0 0 0 0 0 0 0 0 0 1 0 0 0 0 0 0 0 0 0 0 0 0 0 0 0 0 0 0 0 0 0 0 0 0 0 

0 0 0 0 0 0 0 0 0 0 0 0 0 0 0 0 0 0 0 0 0 0 0 0 0 0 0 0 0 0 0 0 0 0 0 0 0 0 0 0 1 0 0 0 0 0 0 0 0 0 
0 0 0 0 0 0 0 0 0 0 0 0 0 0 0 0 0 0 0 0 0 0 0 0 0 0 0 0 0 0 0 0 0 0 0 1 0 0 0 0 0 0 0 0 0 0 0 0 0 0 
0 0 0 0 0 0 0 0 0 0 0 0 0 0 0 0 0 0 0 0 0 0 0 0 0 0 0 0 0 1 0 0 0 0 0 0 0 0 0 0 0 0 0 0 0 0 0 0 0 0 
0 0 0 0 0 0 0 0 0 0 0 0 0 0 0 0 0 0 0 0 0 1 0 0 0 0 0 0 0 0 0 0 0 0 0 0 0 0 0 0 0 0 0 0 0 0 0 0 0 0 
0 0 0 0 0 0 0 0 0 0 0 0 0 0 0 0 0 0 0 0 0 0 1 0 0 0 0 0 0 0 0 0 0 0 0 0 0 0 0 0 0 0 0 0 0 0 0 0 0 0 
0 0 0 0 0 0 0 0 0 0 0 0 0 0 0 0 0 0 0 0 0 0 0 1 0 0 0 0 0 0 0 0 0 0 0 0 0 0 0 0 0 0 0 0 0 0 0 0 0 0 
0 0 0 0 0 0 0 0 0 0 0 0 0 0 0 0 0 0 0 0 0 0 0 0 1 0 0 0 0 0 0 0 0 0 0 0 0 0 0 0 0 0 0 0 0 0 0 0 0 0 

0 0 0 0 0 0 0 0 0 0 0 0 0 0 0 0 0 0 0 0 0 0 0 0 0 0 0 0 0 0 0 0 0 0 0 0 0 0 0 0 1 0 0 0 0 0 0 0 0 0 
0 0 0 0 0 0 0 0 0 0 0 0 0 0 0 0 0 0 0 0 0 0 0 0 0 0 0 0 0 0 0 0 0 0 0 1 0 0 0 0 0 0 0 0 0 0 0 0 0 0 
0 0 0 0 0 0 0 0 0 0 0 0 0 0 0 0 0 0 0 0 0 0 0 0 0 0 0 0 0 1 0 0 0 0 0 0 0 0 0 0 0 0 0 0 0 0 0 0 0 0 
0 0 0 0 0 0 0 0 0 0 0 0 0 0 0 0 0 0 0 0 0 1 0 0 0 0 0 0 0 0 0 0 0 0 0 0 0 0 0 0 0 0 0 0 0 0 0 0 0 0 
0 0 0 0 0 0 0 0 0 0 0 0 0 0 0 0 0 0 0 0 0 0 1 0 0 0 0 0 0 0 0 0 0 0 0 0 0 0 0 0 0 0 0 0 0 0 0 0 0 0 
0 0 0 0 0 0 0 0 0 0 0 0 0 0 0 0 0 0 0 0 0 0 0 1 0 0 0 0 0 0 0 0 0 0 0 0 0 0 0 0 0 0 0 0 0 0 0 0 0 0 
0 0 0 0 0 0 0 0 0 0 0 0 0 0 0 0 0 0 0 0 0 0 0 0 1 0 0 0 0 0 0 0 0 0 0 0 0 0 0 0 0 0 0 0 0 0 0 0 0 0 
0 0 0 0 0 0 0 0 0 0 0 0 0 0 0 0 0 0 0 0 0 0 0 0 1 0 0 0 0 0 0 0 0 0 0 0 0 0 0 0 0 0 0 0 0 0 0 0 0 0 
0 0 0 0 0 0 0 0 0 0 0 0 0 0 0 0 0 0 0 0 0 0 0 0 1 0 0 0 0 0 0 0 0 0 0 0 0 0 0 0 0 0 0 0 0 0 0 0 0 0 

Groups 0 and 8 collide.
Solution of group 0
Mulirobot solution: (|moves| = 6, paralellism = 1.000) [
    Step 0: 1#40->35 
    Step 1: 1#35->29 
    Step 2: 1#29->21 
    Step 3: 1#21->22 
    Step 4: 1#22->23 
    Step 5: 1#23->24 
]
Solution of group 8
Mulirobot solution: (|moves| = 8, paralellism = 1.000) [
    Step 0: 1#41->40 
    Step 1: 1#40->35 
    Step 2: 1#35->29 
    Step 3: 1#29->28 
    Step 4: 1#28->27 
    Step 5: 1#27->26 
    Step 6: 1#26->25 
    Step 7: 1#25->32 
]
Occupation table complementary for group 0
0 0 0 1 0 0 1 1 0 1 1 1 0 1 1 0 1 1 0 0 0 0 1 1 0 1 1 0 1 1 1 1 0 1 1 0 0 0 0 0 0 1 0 1 1 0 1 0 0 0 
0 0 0 0 0 0 0 0 0 1 1 0 0 1 1 1 1 0 1 0 0 1 1 1 0 0 1 1 1 0 1 0 0 0 1 1 0 1 0 0 1 0 1 0 0 1 0 0 0 0 
0 0 0 0 0 0 1 0 1 1 0 0 0 0 1 0 0 1 0 1 1 1 0 0 1 0 0 1 0 0 0 0 0 0 0 1 1 0 0 0 1 0 0 1 1 1 0 0 0 0 
0 0 1 0 0 1 0 0 1 0 1 0 0 0 0 0 0 0 1 1 1 1 0 0 0 0 0 1 1 1 1 1 0 0 0 0 0 0 0 1 1 0 1 1 0 1 0 1 0 0 
0 1 0 0 0 1 0 1 0 0 0 1 0 0 1 0 0 0 1 1 0 1 0 1 0 0 0 1 1 0 0 1 0 0 1 0 0 0 0 1 0 1 0 1 0 1 1 0 1 0 
1 0 0 0 0 1 0 0 0 0 0 1 0 0 0 1 0 1 1 0 0 1 1 0 0 0 0 1 0 0 0 1 0 1 0 1 0 0 0 1 0 0 1 1 0 1 0 0 0 1 
1 0 0 0 0 1 0 1 0 0 1 1 0 0 1 0 0 0 1 0 0 1 0 1 0 0 1 1 0 0 0 1 0 1 1 0 1 0 0 1 1 0 0 1 1 1 0 0 1 1 
1 0 0 0 0 1 0 0 1 1 0 1 0 1 0 0 0 0 1 1 0 1 0 0 0 1 1 1 0 0 1 1 0 1 0 1 0 1 0 1 0 0 0 1 1 1 0 1 1 1 
1 0 0 0 0 1 1 0 1 1 0 1 0 0 0 0 0 0 1 0 0 1 0 0 0 0 1 1 0 0 0 1 1 1 0 0 1 1 0 1 1 0 0 1 1 1 1 0 1 1 
1 0 0 0 0 1 1 1 0 0 1 1 0 0 0 0 0 0 1 0 0 1 0 0 0 0 1 1 0 0 0 1 1 1 0 0 1 1 0 1 0 1 0 1 1 1 1 0 1 1 
1 0 0 0 0 1 1 1 0 0 1 1 0 0 0 0 0 0 1 0 0 1 0 0 0 1 1 1 0 0 0 1 1 1 0 0 1 1 0 1 0 0 1 1 1 1 1 0 1 1 
1 0 0 0 0 1 1 1 0 0 1 1 0 0 0 0 0 0 1 0 0 1 0 0 0 0 1 1 0 0 0 1 1 1 0 0 1 1 0 1 0 0 1 1 1 1 1 0 1 1 
1 0 0 0 0 1 1 1 0 0 1 1 0 0 0 0 0 0 1 0 0 1 0 0 0 0 1 1 0 0 0 1 1 1 0 0 1 1 1 1 0 0 1 1 1 1 1 0 1 1 

Occupation table complementary for group 8
0 0 0 1 0 0 1 1 0 1 1 1 0 1 1 0 1 1 0 0 0 0 1 1 0 1 1 0 1 1 1 1 0 1 1 0 0 0 0 0 1 0 0 1 1 0 1 0 0 0 
0 0 0 0 0 0 0 0 0 1 1 0 0 1 1 1 1 0 1 0 0 1 1 1 0 0 1 1 1 0 1 0 0 0 1 1 0 1 0 0 0 0 1 0 0 1 0 0 0 0 
0 0 0 0 0 0 1 0 1 1 0 0 0 0 1 0 0 1 0 1 1 1 0 0 1 0 0 1 0 1 0 0 0 0 0 1 1 0 0 0 1 0 0 1 1 1 0 0 0 0 
0 0 1 0 0 1 0 0 1 0 1 0 0 0 0 0 0 0 1 1 1 1 0 0 0 0 0 1 1 0 1 1 0 0 0 0 0 0 0 1 1 0 1 1 0 1 0 1 0 0 
0 1 0 0 0 1 0 1 0 0 0 1 0 0 1 0 0 0 1 1 0 1 1 1 0 0 0 1 0 0 0 1 0 0 1 0 0 0 0 1 0 1 0 1 0 1 1 0 1 0 
1 0 0 0 0 1 0 0 0 0 0 1 0 0 0 1 0 1 1 0 0 1 1 1 0 0 0 1 0 0 0 1 0 1 0 1 0 0 0 1 0 0 1 1 0 1 0 0 0 1 
1 0 0 0 0 1 0 1 0 0 1 1 0 0 1 0 0 0 1 0 0 1 0 1 1 0 1 1 0 0 0 1 0 1 1 0 1 0 0 1 1 0 0 1 1 1 0 0 1 1 
1 0 0 0 0 1 0 0 1 1 0 1 0 1 0 0 0 0 1 1 0 1 0 0 1 0 1 1 0 0 1 1 0 1 0 1 0 1 0 1 0 0 0 1 1 1 0 1 1 1 
1 0 0 0 0 1 1 0 1 1 0 1 0 0 0 0 0 0 1 0 0 1 0 0 1 0 1 1 0 0 0 1 0 1 0 0 1 1 0 1 1 0 0 1 1 1 1 0 1 1 
1 0 0 0 0 1 1 1 0 0 1 1 0 0 0 0 0 0 1 0 0 1 0 0 1 0 1 1 0 0 0 1 0 1 0 0 1 1 0 1 0 1 0 1 1 1 1 0 1 1 
1 0 0 0 0 1 1 1 0 0 1 1 0 0 0 0 0 0 1 0 0 1 0 0 1 1 1 1 0 0 0 1 0 1 0 0 1 1 0 1 0 0 1 1 1 1 1 0 1 1 
1 0 0 0 0 1 1 1 0 0 1 1 0 0 0 0 0 0 1 0 0 1 0 0 1 0 1 1 0 0 0 1 1 1 0 0 1 1 0 1 0 0 1 1 1 1 1 0 1 1 
1 0 0 0 0 1 1 1 0 0 1 1 0 0 0 0 0 0 1 0 0 1 0 0 1 0 1 1 0 0 0 1 0 1 0 0 1 1 1 1 0 0 1 1 1 1 1 0 1 1 

** Open/close/exp size (steps): 1/1/1 (2)
Unable to resolve collision between groups 0 and 8.
Merging groups 0 and 8.
Searching solution for merged group 0+8.
Open/close/exp size (steps): 72/44/72 (311)
Open/close/exp size (steps): 173/114/173 (381)
Open/close/exp size (steps): 277/198/277 (465)
Open/close/exp size (steps): 403/299/403 (566)
Open/close/exp size (steps): 460/421/460 (688)
Open/close/exp size (steps): 360/568/360 (835)
Open/close/exp size (steps): 329/745/329 (1012)
Open/close/exp size (steps): 560/958/560 (1225)
Open/close/exp size (steps): 816/1214/816 (1481)
Open/close/exp size (steps): 1360/1522/1360 (1789)
Open/close/exp size (steps): 1336/1892/1336 (2159)
Open/close/exp size (steps): 1154/2336/1154 (2603)
Open/close/exp size (steps): 1730/2869/1730 (3136)
Open/close/exp size (steps): 1097/3509/1097 (3776)
0 0 0 0 0 0 0 0 0 0 0 0 0 0 0 0 0 0 0 0 0 0 0 0 0 0 0 0 0 0 0 0 0 0 0 0 0 0 0 0 1 2 0 0 0 0 0 0 0 0 
0 0 0 0 0 0 0 0 0 0 0 0 0 0 0 0 0 0 0 0 0 0 0 0 0 0 0 0 0 0 0 0 0 0 0 1 0 0 0 0 0 2 0 0 0 0 0 0 0 0 
0 0 0 0 0 0 0 0 0 0 0 0 0 0 0 0 0 0 0 0 0 0 0 0 0 0 0 0 0 1 0 0 0 0 0 0 0 0 0 0 2 0 0 0 0 0 0 0 0 0 
0 0 0 0 0 0 0 0 0 0 0 0 0 0 0 0 0 0 0 0 0 1 0 0 0 0 0 0 0 0 0 0 0 0 0 2 0 0 0 0 0 0 0 0 0 0 0 0 0 0 
0 0 0 0 0 0 0 0 0 0 0 0 0 0 0 0 0 0 0 0 0 0 1 0 0 0 0 0 0 2 0 0 0 0 0 0 0 0 0 0 0 0 0 0 0 0 0 0 0 0 
0 0 0 0 0 0 0 0 0 0 0 0 0 0 0 0 0 0 0 0 0 0 0 1 0 0 0 0 2 0 0 0 0 0 0 0 0 0 0 0 0 0 0 0 0 0 0 0 0 0 
0 0 0 0 0 0 0 0 0 0 0 0 0 0 0 0 0 0 0 0 0 0 0 0 1 0 0 2 0 0 0 0 0 0 0 0 0 0 0 0 0 0 0 0 0 0 0 0 0 0 
0 0 0 0 0 0 0 0 0 0 0 0 0 0 0 0 0 0 0 0 0 0 0 0 1 0 2 0 0 0 0 0 0 0 0 0 0 0 0 0 0 0 0 0 0 0 0 0 0 0 
0 0 0 0 0 0 0 0 0 0 0 0 0 0 0 0 0 0 0 0 0 0 0 0 1 2 0 0 0 0 0 0 0 0 0 0 0 0 0 0 0 0 0 0 0 0 0 0 0 0 
0 0 0 0 0 0 0 0 0 0 0 0 0 0 0 0 0 0 0 0 0 0 0 0 1 0 0 0 0 0 0 0 2 0 0 0 0 0 0 0 0 0 0 0 0 0 0 0 0 0 

0 0 0 0 0 0 0 0 0 0 0 0 0 0 0 0 0 0 0 0 0 0 0 0 0 0 0 0 0 0 0 0 0 0 0 0 0 0 0 0 1 2 0 0 0 0 0 0 0 0 
0 0 0 0 0 0 0 0 0 0 0 0 0 0 0 0 0 0 0 0 0 0 0 0 0 0 0 0 0 0 0 0 0 0 0 1 0 0 0 0 0 2 0 0 0 0 0 0 0 0 
0 0 0 0 0 0 0 0 0 0 0 0 0 0 0 0 0 0 0 0 0 0 0 0 0 0 0 0 0 1 0 0 0 0 0 0 0 0 0 0 2 0 0 0 0 0 0 0 0 0 
0 0 0 0 0 0 0 0 0 0 0 0 0 0 0 0 0 0 0 0 0 1 0 0 0 0 0 0 0 0 0 0 0 0 0 2 0 0 0 0 0 0 0 0 0 0 0 0 0 0 
0 0 0 0 0 0 0 0 0 0 0 0 0 0 0 0 0 0 0 0 0 0 1 0 0 0 0 0 0 2 0 0 0 0 0 0 0 0 0 0 0 0 0 0 0 0 0 0 0 0 
0 0 0 0 0 0 0 0 0 0 0 0 0 0 0 0 0 0 0 0 0 0 0 1 0 0 0 0 2 0 0 0 0 0 0 0 0 0 0 0 0 0 0 0 0 0 0 0 0 0 
0 0 0 0 0 0 0 0 0 0 0 0 0 0 0 0 0 0 0 0 0 0 0 0 1 0 0 2 0 0 0 0 0 0 0 0 0 0 0 0 0 0 0 0 0 0 0 0 0 0 
0 0 0 0 0 0 0 0 0 0 0 0 0 0 0 0 0 0 0 0 0 0 0 0 1 0 2 0 0 0 0 0 0 0 0 0 0 0 0 0 0 0 0 0 0 0 0 0 0 0 
0 0 0 0 0 0 0 0 0 0 0 0 0 0 0 0 0 0 0 0 0 0 0 0 1 2 0 0 0 0 0 0 0 0 0 0 0 0 0 0 0 0 0 0 0 0 0 0 0 0 
0 0 0 0 0 0 0 0 0 0 0 0 0 0 0 0 0 0 0 0 0 0 0 0 1 0 0 0 0 0 0 0 2 0 0 0 0 0 0 0 0 0 0 0 0 0 0 0 0 0 

0 0 0 0 0 0 0 0 0 0 0 0 0 0 0 0 0 0 0 0 0 0 0 0 0 0 0 0 0 0 0 0 0 0 0 0 0 0 0 0 1 2 0 0 0 0 0 0 0 0 
0 0 0 0 0 0 0 0 0 0 0 0 0 0 0 0 0 0 0 0 0 0 0 0 0 0 0 0 0 0 0 0 0 0 0 1 0 0 0 0 0 2 0 0 0 0 0 0 0 0 
0 0 0 0 0 0 0 0 0 0 0 0 0 0 0 0 0 0 0 0 0 0 0 0 0 0 0 0 0 1 0 0 0 0 0 0 0 0 0 0 2 0 0 0 0 0 0 0 0 0 
0 0 0 0 0 0 0 0 0 0 0 0 0 0 0 0 0 0 0 0 0 1 0 0 0 0 0 0 0 0 0 0 0 0 0 2 0 0 0 0 0 0 0 0 0 0 0 0 0 0 
0 0 0 0 0 0 0 0 0 0 0 0 0 0 0 0 0 0 0 0 0 0 1 0 0 0 0 0 0 2 0 0 0 0 0 0 0 0 0 0 0 0 0 0 0 0 0 0 0 0 
0 0 0 0 0 0 0 0 0 0 0 0 0 0 0 0 0 0 0 0 0 0 0 1 0 0 0 0 2 0 0 0 0 0 0 0 0 0 0 0 0 0 0 0 0 0 0 0 0 0 
0 0 0 0 0 0 0 0 0 0 0 0 0 0 0 0 0 0 0 0 0 0 0 0 1 0 0 2 0 0 0 0 0 0 0 0 0 0 0 0 0 0 0 0 0 0 0 0 0 0 
0 0 0 0 0 0 0 0 0 0 0 0 0 0 0 0 0 0 0 0 0 0 0 0 1 0 2 0 0 0 0 0 0 0 0 0 0 0 0 0 0 0 0 0 0 0 0 0 0 0 
0 0 0 0 0 0 0 0 0 0 0 0 0 0 0 0 0 0 0 0 0 0 0 0 1 2 0 0 0 0 0 0 0 0 0 0 0 0 0 0 0 0 0 0 0 0 0 0 0 0 
0 0 0 0 0 0 0 0 0 0 0 0 0 0 0 0 0 0 0 0 0 0 0 0 1 0 0 0 0 0 0 0 2 0 0 0 0 0 0 0 0 0 0 0 0 0 0 0 0 0 

0 0 0 0 0 0 0 0 0 0 0 0 0 0 0 0 0 0 0 0 0 0 0 0 0 0 0 0 0 0 0 0 0 0 0 0 0 0 0 0 1 2 0 0 0 0 0 0 0 0 
0 0 0 0 0 0 0 0 0 0 0 0 0 0 0 0 0 0 0 0 0 0 0 0 0 0 0 0 0 0 0 0 0 0 0 1 0 0 0 0 0 2 0 0 0 0 0 0 0 0 
0 0 0 0 0 0 0 0 0 0 0 0 0 0 0 0 0 0 0 0 0 0 0 0 0 0 0 0 0 1 0 0 0 0 0 0 0 0 0 0 2 0 0 0 0 0 0 0 0 0 
0 0 0 0 0 0 0 0 0 0 0 0 0 0 0 0 0 0 0 0 0 1 0 0 0 0 0 0 0 0 0 0 0 0 0 2 0 0 0 0 0 0 0 0 0 0 0 0 0 0 
0 0 0 0 0 0 0 0 0 0 0 0 0 0 0 0 0 0 0 0 0 0 1 0 0 0 0 0 0 2 0 0 0 0 0 0 0 0 0 0 0 0 0 0 0 0 0 0 0 0 
0 0 0 0 0 0 0 0 0 0 0 0 0 0 0 0 0 0 0 0 0 0 0 1 0 0 0 0 2 0 0 0 0 0 0 0 0 0 0 0 0 0 0 0 0 0 0 0 0 0 
0 0 0 0 0 0 0 0 0 0 0 0 0 0 0 0 0 0 0 0 0 0 0 0 1 0 0 2 0 0 0 0 0 0 0 0 0 0 0 0 0 0 0 0 0 0 0 0 0 0 
0 0 0 0 0 0 0 0 0 0 0 0 0 0 0 0 0 0 0 0 0 0 0 0 1 0 2 0 0 0 0 0 0 0 0 0 0 0 0 0 0 0 0 0 0 0 0 0 0 0 
0 0 0 0 0 0 0 0 0 0 0 0 0 0 0 0 0 0 0 0 0 0 0 0 1 2 0 0 0 0 0 0 0 0 0 0 0 0 0 0 0 0 0 0 0 0 0 0 0 0 
0 0 0 0 0 0 0 0 0 0 0 0 0 0 0 0 0 0 0 0 0 0 0 0 1 0 0 0 0 0 0 0 2 0 0 0 0 0 0 0 0 0 0 0 0 0 0 0 0 0 

0 0 0 0 0 0 0 0 0 0 0 0 0 0 0 0 0 0 0 0 0 0 0 0 0 0 0 0 0 0 0 0 0 0 0 0 0 0 0 0 1 2 0 0 0 0 0 0 0 0 
0 0 0 0 0 0 0 0 0 0 0 0 0 0 0 0 0 0 0 0 0 0 0 0 0 0 0 0 0 0 0 0 0 0 0 1 0 0 0 0 0 2 0 0 0 0 0 0 0 0 
0 0 0 0 0 0 0 0 0 0 0 0 0 0 0 0 0 0 0 0 0 0 0 0 0 0 0 0 0 1 0 0 0 0 0 0 0 0 0 0 2 0 0 0 0 0 0 0 0 0 
0 0 0 0 0 0 0 0 0 0 0 0 0 0 0 0 0 0 0 0 0 1 0 0 0 0 0 0 0 0 0 0 0 0 0 2 0 0 0 0 0 0 0 0 0 0 0 0 0 0 
0 0 0 0 0 0 0 0 0 0 0 0 0 0 0 0 0 0 0 0 0 0 1 0 0 0 0 0 0 2 0 0 0 0 0 0 0 0 0 0 0 0 0 0 0 0 0 0 0 0 
0 0 0 0 0 0 0 0 0 0 0 0 0 0 0 0 0 0 0 0 0 0 0 1 0 0 0 0 2 0 0 0 0 0 0 0 0 0 0 0 0 0 0 0 0 0 0 0 0 0 
0 0 0 0 0 0 0 0 0 0 0 0 0 0 0 0 0 0 0 0 0 0 0 0 1 0 0 2 0 0 0 0 0 0 0 0 0 0 0 0 0 0 0 0 0 0 0 0 0 0 
0 0 0 0 0 0 0 0 0 0 0 0 0 0 0 0 0 0 0 0 0 0 0 0 1 0 2 0 0 0 0 0 0 0 0 0 0 0 0 0 0 0 0 0 0 0 0 0 0 0 
0 0 0 0 0 0 0 0 0 0 0 0 0 0 0 0 0 0 0 0 0 0 0 0 1 2 0 0 0 0 0 0 0 0 0 0 0 0 0 0 0 0 0 0 0 0 0 0 0 0 
0 0 0 0 0 0 0 0 0 0 0 0 0 0 0 0 0 0 0 0 0 0 0 0 1 0 0 0 0 0 0 0 2 0 0 0 0 0 0 0 0 0 0 0 0 0 0 0 0 0 

0 0 0 0 0 0 0 0 0 0 0 0 0 0 0 0 0 0 0 0 0 0 0 0 0 0 0 0 0 0 0 0 0 0 0 0 0 0 0 0 1 2 0 0 0 0 0 0 0 0 
0 0 0 0 0 0 0 0 0 0 0 0 0 0 0 0 0 0 0 0 0 0 0 0 0 0 0 0 0 0 0 0 0 0 0 1 0 0 0 0 0 2 0 0 0 0 0 0 0 0 
0 0 0 0 0 0 0 0 0 0 0 0 0 0 0 0 0 0 0 0 0 0 0 0 0 0 0 0 0 1 0 0 0 0 0 0 0 0 0 0 2 0 0 0 0 0 0 0 0 0 
0 0 0 0 0 0 0 0 0 0 0 0 0 0 0 0 0 0 0 0 0 1 0 0 0 0 0 0 0 0 0 0 0 0 0 2 0 0 0 0 0 0 0 0 0 0 0 0 0 0 
0 0 0 0 0 0 0 0 0 0 0 0 0 0 0 0 0 0 0 0 0 0 1 0 0 0 0 0 0 2 0 0 0 0 0 0 0 0 0 0 0 0 0 0 0 0 0 0 0 0 
0 0 0 0 0 0 0 0 0 0 0 0 0 0 0 0 0 0 0 0 0 0 0 1 0 0 0 0 2 0 0 0 0 0 0 0 0 0 0 0 0 0 0 0 0 0 0 0 0 0 
0 0 0 0 0 0 0 0 0 0 0 0 0 0 0 0 0 0 0 0 0 0 0 0 1 0 0 2 0 0 0 0 0 0 0 0 0 0 0 0 0 0 0 0 0 0 0 0 0 0 
0 0 0 0 0 0 0 0 0 0 0 0 0 0 0 0 0 0 0 0 0 0 0 0 1 0 2 0 0 0 0 0 0 0 0 0 0 0 0 0 0 0 0 0 0 0 0 0 0 0 
0 0 0 0 0 0 0 0 0 0 0 0 0 0 0 0 0 0 0 0 0 0 0 0 1 2 0 0 0 0 0 0 0 0 0 0 0 0 0 0 0 0 0 0 0 0 0 0 0 0 
0 0 0 0 0 0 0 0 0 0 0 0 0 0 0 0 0 0 0 0 0 0 0 0 1 0 0 0 0 0 0 0 2 0 0 0 0 0 0 0 0 0 0 0 0 0 0 0 0 0 

0 0 0 0 0 0 0 0 0 0 0 0 0 0 0 0 0 0 0 0 0 0 0 0 0 0 0 0 0 0 0 0 0 0 0 0 0 0 0 0 1 2 0 0 0 0 0 0 0 0 
0 0 0 0 0 0 0 0 0 0 0 0 0 0 0 0 0 0 0 0 0 0 0 0 0 0 0 0 0 0 0 0 0 0 0 1 0 0 0 0 0 2 0 0 0 0 0 0 0 0 
0 0 0 0 0 0 0 0 0 0 0 0 0 0 0 0 0 0 0 0 0 0 0 0 0 0 0 0 0 1 0 0 0 0 0 0 0 0 0 0 2 0 0 0 0 0 0 0 0 0 
0 0 0 0 0 0 0 0 0 0 0 0 0 0 0 0 0 0 0 0 0 1 0 0 0 0 0 0 0 0 0 0 0 0 0 2 0 0 0 0 0 0 0 0 0 0 0 0 0 0 
0 0 0 0 0 0 0 0 0 0 0 0 0 0 0 0 0 0 0 0 0 0 1 0 0 0 0 0 0 2 0 0 0 0 0 0 0 0 0 0 0 0 0 0 0 0 0 0 0 0 
0 0 0 0 0 0 0 0 0 0 0 0 0 0 0 0 0 0 0 0 0 0 0 1 0 0 0 0 2 0 0 0 0 0 0 0 0 0 0 0 0 0 0 0 0 0 0 0 0 0 
0 0 0 0 0 0 0 0 0 0 0 0 0 0 0 0 0 0 0 0 0 0 0 0 1 0 0 2 0 0 0 0 0 0 0 0 0 0 0 0 0 0 0 0 0 0 0 0 0 0 
0 0 0 0 0 0 0 0 0 0 0 0 0 0 0 0 0 0 0 0 0 0 0 0 1 0 2 0 0 0 0 0 0 0 0 0 0 0 0 0 0 0 0 0 0 0 0 0 0 0 
0 0 0 0 0 0 0 0 0 0 0 0 0 0 0 0 0 0 0 0 0 0 0 0 1 2 0 0 0 0 0 0 0 0 0 0 0 0 0 0 0 0 0 0 0 0 0 0 0 0 
0 0 0 0 0 0 0 0 0 0 0 0 0 0 0 0 0 0 0 0 0 0 0 0 1 0 0 0 0 0 0 0 2 0 0 0 0 0 0 0 0 0 0 0 0 0 0 0 0 0 

0 0 0 0 0 0 0 0 0 0 0 0 0 0 0 0 0 0 0 0 0 0 0 0 0 0 0 0 0 0 0 0 0 0 0 0 0 0 0 0 1 2 0 0 0 0 0 0 0 0 
0 0 0 0 0 0 0 0 0 0 0 0 0 0 0 0 0 0 0 0 0 0 0 0 0 0 0 0 0 0 0 0 0 0 0 1 0 0 0 0 0 2 0 0 0 0 0 0 0 0 
0 0 0 0 0 0 0 0 0 0 0 0 0 0 0 0 0 0 0 0 0 0 0 0 0 0 0 0 0 1 0 0 0 0 0 0 0 0 0 0 2 0 0 0 0 0 0 0 0 0 
0 0 0 0 0 0 0 0 0 0 0 0 0 0 0 0 0 0 0 0 0 1 0 0 0 0 0 0 0 0 0 0 0 0 0 2 0 0 0 0 0 0 0 0 0 0 0 0 0 0 
0 0 0 0 0 0 0 0 0 0 0 0 0 0 0 0 0 0 0 0 0 0 1 0 0 0 0 0 0 2 0 0 0 0 0 0 0 0 0 0 0 0 0 0 0 0 0 0 0 0 
0 0 0 0 0 0 0 0 0 0 0 0 0 0 0 0 0 0 0 0 0 0 0 1 0 0 0 0 2 0 0 0 0 0 0 0 0 0 0 0 0 0 0 0 0 0 0 0 0 0 
0 0 0 0 0 0 0 0 0 0 0 0 0 0 0 0 0 0 0 0 0 0 0 0 1 0 0 2 0 0 0 0 0 0 0 0 0 0 0 0 0 0 0 0 0 0 0 0 0 0 
0 0 0 0 0 0 0 0 0 0 0 0 0 0 0 0 0 0 0 0 0 0 0 0 1 0 2 0 0 0 0 0 0 0 0 0 0 0 0 0 0 0 0 0 0 0 0 0 0 0 
0 0 0 0 0 0 0 0 0 0 0 0 0 0 0 0 0 0 0 0 0 0 0 0 1 2 0 0 0 0 0 0 0 0 0 0 0 0 0 0 0 0 0 0 0 0 0 0 0 0 
0 0 0 0 0 0 0 0 0 0 0 0 0 0 0 0 0 0 0 0 0 0 0 0 1 0 0 0 0 0 0 0 2 0 0 0 0 0 0 0 0 0 0 0 0 0 0 0 0 0 

Groups 0 and 8 collide.
Solution of group 0
Mulirobot solution: (|moves| = 14, paralellism = 1.556) [
    Step 0: 1#40->35 
    Step 1: 1#35->29 2#41->40 
    Step 2: 1#29->21 2#40->35 
    Step 3: 1#21->22 2#35->29 
    Step 4: 1#22->23 2#29->28 
    Step 5: 1#23->24 2#28->27 
    Step 6: 2#27->26 
    Step 7: 2#26->25 
    Step 8: 2#25->32 
]
Solution of group 8
Mulirobot solution: (|moves| = 6, paralellism = 1.000) [
    Step 0: 1#16->22 
    Step 1: 1#22->21 
    Step 2: 1#21->20 
    Step 3: 1#20->19 
    Step 4: 1#19->27 
    Step 5: 1#27->26 
]
Occupation table complementary for group 0
0 0 0 1 0 0 1 1 0 1 1 1 0 1 1 0 1 1 0 0 0 0 1 1 0 1 1 0 1 1 1 1 0 1 1 0 0 0 0 0 0 0 0 1 1 0 1 0 0 0 
0 0 0 0 0 0 0 0 0 1 1 0 0 1 1 1 1 0 1 0 0 1 1 1 0 0 1 1 1 0 1 0 0 0 1 1 0 1 0 0 0 0 1 0 0 1 0 0 0 0 
0 0 0 0 0 0 1 0 1 1 0 0 0 0 1 0 0 1 0 1 1 1 0 0 1 0 0 1 0 0 0 0 0 0 0 1 1 0 0 0 1 0 0 1 1 1 0 0 0 0 
0 0 1 0 0 1 0 0 1 0 1 0 0 0 0 0 0 0 1 1 1 1 0 0 0 0 0 1 1 0 1 1 0 0 0 0 0 0 0 1 1 0 1 1 0 1 0 1 0 0 
0 1 0 0 0 1 0 1 0 0 0 1 0 0 1 0 0 0 1 1 0 1 0 1 0 0 0 1 0 0 0 1 0 0 1 0 0 0 0 1 0 1 0 1 0 1 1 0 1 0 
1 0 0 0 0 1 0 0 0 0 0 1 0 0 0 1 0 1 1 0 0 1 1 0 0 0 0 1 0 0 0 1 0 1 0 1 0 0 0 1 0 0 1 1 0 1 0 0 0 1 
1 0 0 0 0 1 0 1 0 0 1 1 0 0 1 0 0 0 1 0 0 1 0 1 0 0 1 1 0 0 0 1 0 1 1 0 1 0 0 1 1 0 0 1 1 1 0 0 1 1 
1 0 0 0 0 1 0 0 1 1 0 1 0 1 0 0 0 0 1 1 0 1 0 0 0 0 1 1 0 0 1 1 0 1 0 1 0 1 0 1 0 0 0 1 1 1 0 1 1 1 
1 0 0 0 0 1 1 0 1 1 0 1 0 0 0 0 0 0 1 0 0 1 0 0 0 0 1 1 0 0 0 1 0 1 0 0 1 1 0 1 1 0 0 1 1 1 1 0 1 1 
1 0 0 0 0 1 1 1 0 0 1 1 0 0 0 0 0 0 1 0 0 1 0 0 0 0 1 1 0 0 0 1 0 1 0 0 1 1 0 1 0 1 0 1 1 1 1 0 1 1 
1 0 0 0 0 1 1 1 0 0 1 1 0 0 0 0 0 0 1 0 0 1 0 0 0 1 1 1 0 0 0 1 0 1 0 0 1 1 0 1 0 0 1 1 1 1 1 0 1 1 
1 0 0 0 0 1 1 1 0 0 1 1 0 0 0 0 0 0 1 0 0 1 0 0 0 0 1 1 0 0 0 1 1 1 0 0 1 1 0 1 0 0 1 1 1 1 1 0 1 1 
1 0 0 0 0 1 1 1 0 0 1 1 0 0 0 0 0 0 1 0 0 1 0 0 0 0 1 1 0 0 0 1 0 1 0 0 1 1 1 1 0 0 1 1 1 1 1 0 1 1 

** Open/close/exp size (steps): 1/2/1 (5)
Occupation table complementary for group 8
0 0 0 1 0 0 1 1 0 1 1 1 0 1 1 0 0 1 0 0 0 0 1 1 0 1 1 0 1 1 1 1 0 1 1 0 0 0 0 0 1 2 0 1 1 0 1 0 0 0 
0 0 0 0 0 0 0 0 0 1 1 0 0 1 1 1 1 0 1 0 0 1 0 1 0 0 1 1 1 0 1 0 0 0 1 1 0 1 0 0 0 2 1 0 0 1 0 0 0 0 
0 0 0 0 0 0 1 0 1 1 0 0 0 0 1 0 0 1 0 1 1 0 0 0 1 0 0 1 0 1 0 0 0 0 0 1 1 0 0 0 1 0 0 1 1 1 0 0 0 0 
0 0 1 0 0 1 0 0 1 0 1 0 0 0 0 0 0 0 1 1 1 1 0 0 0 0 0 1 1 0 1 1 0 0 0 2 0 0 0 1 1 0 1 1 0 1 0 1 0 0 
0 1 0 0 0 1 0 1 0 0 0 1 0 0 1 0 0 0 1 0 0 1 1 1 0 0 0 1 0 2 0 1 0 0 1 0 0 0 0 1 0 1 0 1 0 1 1 0 1 0 
1 0 0 0 0 1 0 0 0 0 0 1 0 0 0 1 0 1 1 0 0 1 1 1 0 0 0 1 2 0 0 1 0 1 0 1 0 0 0 1 0 0 1 1 0 1 0 0 0 1 
1 0 0 0 0 1 0 1 0 0 1 1 0 0 1 0 0 0 1 0 0 1 0 1 1 0 0 1 0 0 0 1 0 1 1 0 1 0 0 1 1 0 0 1 1 1 0 0 1 1 
1 0 0 0 0 1 0 0 1 1 0 1 0 1 0 0 0 0 1 1 0 1 0 0 1 0 2 1 0 0 1 1 0 1 0 1 0 1 0 1 0 0 0 1 1 1 0 1 1 1 
1 0 0 0 0 1 1 0 1 1 0 1 0 0 0 0 0 0 1 0 0 1 0 0 1 2 0 1 0 0 0 1 0 1 0 0 1 1 0 1 1 0 0 1 1 1 1 0 1 1 
1 0 0 0 0 1 1 1 0 0 1 1 0 0 0 0 0 0 1 0 0 1 0 0 1 0 1 1 0 0 0 1 2 1 0 0 1 1 0 1 0 1 0 1 1 1 1 0 1 1 
1 0 0 0 0 1 1 1 0 0 1 1 0 0 0 0 0 0 1 0 0 1 0 0 1 1 0 1 0 0 0 1 2 1 0 0 1 1 0 1 0 0 1 1 1 1 1 0 1 1 
1 0 0 0 0 1 1 1 0 0 1 1 0 0 0 0 0 0 1 0 0 1 0 0 1 0 0 1 0 0 0 1 1 1 0 0 1 1 0 1 0 0 1 1 1 1 1 0 1 1 
1 0 0 0 0 1 1 1 0 0 1 1 0 0 0 0 0 0 1 0 0 1 0 0 1 0 0 1 0 0 0 1 2 1 0 0 1 1 1 1 0 0 1 1 1 1 1 0 1 1 

Unable to resolve collision between groups 0 and 8.
Merging groups 0 and 8.
Searching solution for merged group 0+8.
Open/close/exp size (steps): 206/72/206 (4544)
Open/close/exp size (steps): 928/994/928 (5466)
Open/close/exp size (steps): 2780/2101/2780 (6573)
Open/close/exp size (steps): 2143/3430/2143 (7902)
Open/close/exp size (steps): 4663/5025/4663 (9497)
Open/close/exp size (steps): 4441/6939/4441 (11411)
Open/close/exp size (steps): 5710/9236/5710 (13708)
Open/close/exp size (steps): 7609/11993/7609 (16465)
Open/close/exp size (steps): 5773/15302/5773 (19774)
Open/close/exp size (steps): 16310/19273/16310 (23745)
Open/close/exp size (steps): 26820/24039/26820 (28511)
Open/close/exp size (steps): 22379/29759/22379 (34231)
Open/close/exp size (steps): 17219/36623/17219 (41095)
Open/close/exp size (steps): 10302/44860/10302 (49332)
Open/close/exp size (steps): 25177/54745/25177 (59217)
Open/close/exp size (steps): 27520/66607/27520 (71079)
Open/close/exp size (steps): 29585/80842/29585 (85314)
Open/close/exp size (steps): 44450/97924/44450 (102396)
Open/close/exp size (steps): 62915/118423/62915 (122895)
Open/close/exp size (steps): 70041/143022/70041 (147494)
Open/close/exp size (steps): 79815/172541/79815 (177013)
Open/close/exp size (steps): 66006/207964/66006 (212436)
Open/close/exp size (steps): 127299/250472/127299 (254944)
Open/close/exp size (steps): 171991/301482/171991 (305954)
Open/close/exp size (steps): 128405/362694/128405 (367166)
Open/close/exp size (steps): 150758/436149/150758 (440621)
Open/close/exp size (steps): 106019/524295/106019 (528767)
0 0 0 0 0 0 0 0 0 0 0 0 0 0 0 0 3 0 0 0 0 0 0 0 0 0 0 0 0 0 0 0 0 0 0 0 0 0 0 0 1 2 0 0 0 0 0 0 0 0 
0 0 0 0 0 0 0 0 0 3 0 0 0 0 0 0 0 0 0 0 0 0 0 0 0 0 0 0 0 0 0 0 0 0 0 1 0 0 0 0 0 2 0 0 0 0 0 0 0 0 
0 0 0 0 0 0 0 0 3 0 0 0 0 0 0 0 0 0 0 0 0 0 0 0 0 0 0 0 0 1 0 0 0 0 0 0 0 0 0 0 2 0 0 0 0 0 0 0 0 0 
0 0 0 0 0 0 0 3 0 0 0 0 0 0 0 0 0 0 0 0 0 1 0 0 0 0 0 0 0 0 0 0 0 0 0 0 0 0 0 0 0 0 0 0 0 0 0 2 0 0 
0 0 0 0 0 0 0 0 0 0 0 0 0 0 0 3 0 0 0 0 0 0 1 0 0 0 0 0 0 0 0 0 0 0 0 0 0 0 0 0 0 0 0 0 0 0 2 0 0 0 
0 0 0 0 0 0 0 0 0 0 0 0 0 0 3 0 0 0 0 0 0 0 0 1 0 0 0 0 0 0 0 0 0 0 0 0 0 0 0 0 0 0 0 0 0 2 0 0 0 0 
0 0 0 0 0 0 0 0 0 0 0 0 0 0 0 0 0 0 0 3 0 0 0 0 1 0 0 0 0 0 0 0 0 0 0 0 0 0 0 0 0 0 0 0 2 0 0 0 0 0 
0 0 0 0 0 0 0 0 0 0 0 0 0 0 0 0 0 0 0 0 0 0 0 0 1 0 0 3 0 0 0 0 0 0 0 0 0 0 0 2 0 0 0 0 0 0 0 0 0 0 
0 0 0 0 0 0 0 0 0 0 0 0 0 0 0 0 0 0 0 0 0 0 0 0 1 0 3 0 0 0 0 0 0 0 0 0 0 0 2 0 0 0 0 0 0 0 0 0 0 0 
0 0 0 0 0 0 0 0 0 0 0 0 0 0 0 0 0 0 0 0 0 0 0 0 1 0 3 0 0 0 0 0 2 0 0 0 0 0 0 0 0 0 0 0 0 0 0 0 0 0 

0 0 0 0 0 0 0 0 0 0 0 0 0 0 0 0 3 0 0 0 0 0 0 0 0 0 0 0 0 0 0 0 0 0 0 0 0 0 0 0 1 2 0 0 0 0 0 0 0 0 
0 0 0 0 0 0 0 0 0 3 0 0 0 0 0 0 0 0 0 0 0 0 0 0 0 0 0 0 0 0 0 0 0 0 0 1 0 0 0 0 0 2 0 0 0 0 0 0 0 0 
0 0 0 0 0 0 0 0 3 0 0 0 0 0 0 0 0 0 0 0 0 0 0 0 0 0 0 0 0 1 0 0 0 0 0 0 0 0 0 0 2 0 0 0 0 0 0 0 0 0 
0 0 0 0 0 0 0 3 0 0 0 0 0 0 0 0 0 0 0 0 0 1 0 0 0 0 0 0 0 0 0 0 0 0 0 0 0 0 0 0 0 0 0 0 0 0 0 2 0 0 
0 0 0 0 0 0 0 0 0 0 0 0 0 0 0 3 0 0 0 0 0 0 1 0 0 0 0 0 0 0 0 0 0 0 0 0 0 0 0 0 0 0 0 0 0 0 2 0 0 0 
0 0 0 0 0 0 0 0 0 0 0 0 0 0 3 0 0 0 0 0 0 0 0 1 0 0 0 0 0 0 0 0 0 0 0 0 0 0 0 0 0 0 0 0 0 2 0 0 0 0 
0 0 0 0 0 0 0 0 0 0 0 0 0 0 0 0 0 0 0 3 0 0 0 0 1 0 0 0 0 0 0 0 0 0 0 0 0 0 0 0 0 0 0 0 2 0 0 0 0 0 
0 0 0 0 0 0 0 0 0 0 0 0 0 0 0 0 0 0 0 0 0 0 0 0 1 0 0 3 0 0 0 0 0 0 0 0 0 0 0 2 0 0 0 0 0 0 0 0 0 0 
0 0 0 0 0 0 0 0 0 0 0 0 0 0 0 0 0 0 0 0 0 0 0 0 1 0 3 0 0 0 0 0 0 0 0 0 0 0 2 0 0 0 0 0 0 0 0 0 0 0 
0 0 0 0 0 0 0 0 0 0 0 0 0 0 0 0 0 0 0 0 0 0 0 0 1 0 3 0 0 0 0 0 2 0 0 0 0 0 0 0 0 0 0 0 0 0 0 0 0 0 

Groups 0 and 2 collide.
Solution of group 0
Mulirobot solution: (|moves| = 22, paralellism = 2.444) [
    Step 0: 1#40->35 3#16->9 
    Step 1: 1#35->29 2#41->40 3#9->8 
    Step 2: 1#29->21 2#40->47 3#8->7 
    Step 3: 1#21->22 2#47->46 3#7->15 
    Step 4: 1#22->23 2#46->45 3#15->14 
    Step 5: 1#23->24 2#45->44 3#14->19 
    Step 6: 2#44->39 3#19->27 
    Step 7: 2#39->38 3#27->26 
    Step 8: 2#38->32 
]
Solution of group 2
Mulirobot solution: (|moves| = 5, paralellism = 1.000) [
    Step 0: 1#10->9 
    Step 1: 1#9->8 
    Step 2: 1#8->2 
    Step 3: 1#2->1 
    Step 4: 1#1->0 
]
Occupation table complementary for group 0
0 0 0 1 0 0 1 1 0 1 1 1 0 1 1 0 0 1 0 0 0 0 1 1 0 1 1 0 1 1 1 1 0 1 1 0 0 0 0 0 0 0 0 1 1 0 1 0 0 0 
0 0 0 0 0 0 0 0 0 1 1 0 0 1 1 1 1 0 1 0 0 1 0 1 0 0 1 1 1 0 1 0 0 0 1 1 0 1 0 0 0 0 1 0 0 1 0 0 0 0 
0 0 0 0 0 0 1 0 1 1 0 0 0 0 1 0 0 1 0 1 1 0 0 0 1 0 0 1 0 0 0 0 0 0 0 1 1 0 0 0 1 0 0 1 1 1 0 0 0 0 
0 0 1 0 0 1 0 0 1 0 1 0 0 0 0 0 0 0 1 1 1 1 0 0 0 0 0 1 1 0 1 1 0 0 0 0 0 0 0 1 1 0 1 1 0 1 0 1 0 0 
0 1 0 0 0 1 0 1 0 0 0 1 0 0 1 0 0 0 1 0 0 1 0 1 0 0 0 1 0 0 0 1 0 0 1 0 0 0 0 1 0 1 0 1 0 1 1 0 1 0 
1 0 0 0 0 1 0 0 0 0 0 1 0 0 0 1 0 1 1 0 0 1 1 0 0 0 0 1 0 0 0 1 0 1 0 1 0 0 0 1 0 0 1 1 0 1 0 0 0 1 
1 0 0 0 0 1 0 1 0 0 1 1 0 0 1 0 0 0 1 0 0 1 0 1 0 0 0 1 0 0 0 1 0 1 1 0 1 0 0 1 1 0 0 1 1 1 0 0 1 1 
1 0 0 0 0 1 0 0 1 1 0 1 0 1 0 0 0 0 1 1 0 1 0 0 0 0 0 1 0 0 1 1 0 1 0 1 0 1 0 1 0 0 0 1 1 1 0 1 1 1 
1 0 0 0 0 1 1 0 1 1 0 1 0 0 0 0 0 0 1 0 0 1 0 0 0 0 0 1 0 0 0 1 0 1 0 0 1 1 0 1 1 0 0 1 1 1 1 0 1 1 
1 0 0 0 0 1 1 1 0 0 1 1 0 0 0 0 0 0 1 0 0 1 0 0 0 0 1 1 0 0 0 1 0 1 0 0 1 1 0 1 0 1 0 1 1 1 1 0 1 1 
1 0 0 0 0 1 1 1 0 0 1 1 0 0 0 0 0 0 1 0 0 1 0 0 0 1 0 1 0 0 0 1 0 1 0 0 1 1 0 1 0 0 1 1 1 1 1 0 1 1 
1 0 0 0 0 1 1 1 0 0 1 1 0 0 0 0 0 0 1 0 0 1 0 0 0 0 0 1 0 0 0 1 1 1 0 0 1 1 0 1 0 0 1 1 1 1 1 0 1 1 
1 0 0 0 0 1 1 1 0 0 1 1 0 0 0 0 0 0 1 0 0 1 0 0 0 0 0 1 0 0 0 1 0 1 0 0 1 1 1 1 0 0 1 1 1 1 1 0 1 1 

Occupation table complementary for group 2
0 0 0 1 0 0 1 1 0 1 0 1 0 1 1 0 3 1 0 0 0 0 1 1 0 1 1 0 1 1 1 1 0 1 1 0 0 0 0 0 1 2 0 1 1 0 1 0 0 0 
0 0 0 0 0 0 0 0 0 3 1 0 0 1 1 1 1 0 1 0 0 1 0 1 0 0 1 1 1 0 1 0 0 0 1 1 0 1 0 0 0 2 1 0 0 1 0 0 0 0 
0 0 0 0 0 0 1 0 3 1 0 0 0 0 1 0 0 1 0 1 1 0 0 0 1 0 0 1 0 1 0 0 0 0 0 1 1 0 0 0 1 0 0 1 1 1 0 0 0 0 
0 0 0 0 0 1 0 3 1 0 1 0 0 0 0 0 0 0 1 1 1 1 0 0 0 0 0 1 1 0 1 1 0 0 0 0 0 0 0 1 1 0 1 1 0terminate called after throwing an instance of 'std::bad_alloc'
  what():  std::bad_alloc
 1 0 1 0 0 
0 0 0 0 0 1 0 1 0 0 0 1 0 0 1 3 0 0 1 0 0 1 1 1 0 0 0 1 0 0 0 1 0 0 1 0 0 0 0 1 0 1 0 1 0 1 1 0 1 0 
0 0 0 0 0 1 0 0 0 0 0 1 0 0 3 1 0 1 1 0 0 1 1 1 0 0 0 1 0 0 0 1 0 1 0 1 0 0 0 1 0 0 1 1 0 1 0 0 0 1 
0 0 0 0 0 1 0 1 0 0 1 1 0 0 1 0 0 0 1 3 0 1 0 1 1 0 0 1 0 0 0 1 0 1 1 0 1 0 0 1 1 0 0 1 1 1 0 0 1 1 
0 0 0 0 0 1 0 0 1 1 0 1 0 1 0 0 0 0 1 1 0 1 0 0 1 0 0 1 0 0 1 1 0 1 0 1 0 1 0 1 0 0 0 1 1 1 0 1 1 1 
0 0 0 0 0 1 1 0 1 1 0 1 0 0 0 0 0 0 1 0 0 1 0 0 1 0 3 1 0 0 0 1 0 1 0 0 1 1 2 1 1 0 0 1 1 1 1 0 1 1 
0 0 0 0 0 1 1 1 0 0 1 1 0 0 0 0 0 0 1 0 0 1 0 0 1 0 1 1 0 0 0 1 2 1 0 0 1 1 0 1 0 1 0 1 1 1 1 0 1 1 
0 0 0 0 0 1 1 1 0 0 1 1 0 0 0 0 0 0 1 0 0 1 0 0 1 1 3 1 0 0 0 1 2 1 0 0 1 1 0 1 0 0 1 1 1 1 1 0 1 1 
0 0 0 0 0 1 1 1 0 0 1 1 0 0 0 0 0 0 1 0 0 1 0 0 1 0 3 1 0 0 0 1 1 1 0 0 1 1 0 1 0 0 1 1 1 1 1 0 1 1 
0 0 0 0 0 1 1 1 0 0 1 1 0 0 0 0 0 0 1 0 0 1 0 0 1 0 3 1 0 0 0 1 2 1 0 0 1 1 1 1 0 0 1 1 1 1 1 0 1 1 

Unable to resolve collision between groups 0 and 2.
Merging groups 0 and 2.
Searching solution for merged group 0+2.
Open/close/exp size (steps): 7156/14303/7156 (634543)
Open/close/exp size (steps): 31533/141235/31533 (761475)
Open/close/exp size (steps): 61204/293554/61204 (913794)
Open/close/exp size (steps): 116699/476337/116699 (1096577)
Open/close/exp size (steps): 240987/695677/240987 (1315917)
Aborted (core dumped)
