================================================================
reLOC 0.13-odaiba : Multirobot Solver
(C) Copyright 2016 Pavel Surynek
----------------------------------------------------------------
Reading graph...
Reading graph... FINISHED
Reading initial arrangement...
Reading initial arrangement... FINISHED.
Reading goal arrangement...
Reading goal arrangement... FINISHED.
Building instance...
Building instance... FINISHED.
Open/close/exp size (steps): 4/1/4 (2)
Open/close/exp size (steps): 14/4/14 (5)
Open/close/exp size (steps): 1/0/1 (9)
Open/close/exp size (steps): 14/5/14 (14)
Open/close/exp size (steps): 10/3/10 (20)
Open/close/exp size (steps): 8/2/8 (28)
Open/close/exp size (steps): 29/12/29 (38)
Open/close/exp size (steps): 21/8/21 (50)
Open/close/exp size (steps): 19/7/19 (65)
Open/close/exp size (steps): 29/12/29 (83)
Open/close/exp size (steps): 18/6/18 (105)
Open/close/exp size (steps): 2/1/2 (132)
Open/close/exp size (steps): 30/10/30 (165)
Open/close/exp size (steps): 21/8/21 (205)
0 0 0 0 0 0 0 0 0 0 0 0 0 0 0 0 0 0 0 0 0 0 0 0 0 0 0 0 1 0 0 0 0 0 0 0 0 0 0 0 0 0 0 0 0 0 0 0 0 0 
0 0 0 0 0 0 0 0 0 0 0 0 0 0 0 0 0 0 0 0 0 1 0 0 0 0 0 0 0 0 0 0 0 0 0 0 0 0 0 0 0 0 0 0 0 0 0 0 0 0 
0 0 0 0 0 0 0 0 0 0 0 0 0 0 0 1 0 0 0 0 0 0 0 0 0 0 0 0 0 0 0 0 0 0 0 0 0 0 0 0 0 0 0 0 0 0 0 0 0 0 
0 0 0 0 0 0 0 0 0 0 0 0 0 0 0 0 1 0 0 0 0 0 0 0 0 0 0 0 0 0 0 0 0 0 0 0 0 0 0 0 0 0 0 0 0 0 0 0 0 0 
0 0 0 0 0 0 0 0 0 0 0 0 0 0 0 0 0 1 0 0 0 0 0 0 0 0 0 0 0 0 0 0 0 0 0 0 0 0 0 0 0 0 0 0 0 0 0 0 0 0 
0 0 0 0 0 0 0 0 0 0 0 0 0 0 0 0 0 0 1 0 0 0 0 0 0 0 0 0 0 0 0 0 0 0 0 0 0 0 0 0 0 0 0 0 0 0 0 0 0 0 

0 0 0 0 0 0 0 0 0 0 0 0 0 0 0 0 0 0 0 0 0 0 0 0 0 0 0 0 1 0 0 0 0 0 0 0 0 0 0 0 0 0 0 0 0 0 0 0 0 0 
0 0 0 0 0 0 0 0 0 0 0 0 0 0 0 0 0 0 0 0 0 1 0 0 0 0 0 0 0 0 0 0 0 0 0 0 0 0 0 0 0 0 0 0 0 0 0 0 0 0 
0 0 0 0 0 0 0 0 0 0 0 0 0 0 0 1 0 0 0 0 0 0 0 0 0 0 0 0 0 0 0 0 0 0 0 0 0 0 0 0 0 0 0 0 0 0 0 0 0 0 
0 0 0 0 0 0 0 0 0 0 0 0 0 0 0 0 1 0 0 0 0 0 0 0 0 0 0 0 0 0 0 0 0 0 0 0 0 0 0 0 0 0 0 0 0 0 0 0 0 0 
0 0 0 0 0 0 0 0 0 0 0 0 0 0 0 0 0 1 0 0 0 0 0 0 0 0 0 0 0 0 0 0 0 0 0 0 0 0 0 0 0 0 0 0 0 0 0 0 0 0 
0 0 0 0 0 0 0 0 0 0 0 0 0 0 0 0 0 0 1 0 0 0 0 0 0 0 0 0 0 0 0 0 0 0 0 0 0 0 0 0 0 0 0 0 0 0 0 0 0 0 
0 0 0 0 0 0 0 0 0 0 0 0 0 0 0 0 0 0 1 0 0 0 0 0 0 0 0 0 0 0 0 0 0 0 0 0 0 0 0 0 0 0 0 0 0 0 0 0 0 0 
0 0 0 0 0 0 0 0 0 0 0 0 0 0 0 0 0 0 1 0 0 0 0 0 0 0 0 0 0 0 0 0 0 0 0 0 0 0 0 0 0 0 0 0 0 0 0 0 0 0 

0 0 0 0 0 0 0 0 0 0 0 0 0 0 0 0 0 0 0 0 0 0 0 0 0 0 0 0 1 0 0 0 0 0 0 0 0 0 0 0 0 0 0 0 0 0 0 0 0 0 
0 0 0 0 0 0 0 0 0 0 0 0 0 0 0 0 0 0 0 0 0 1 0 0 0 0 0 0 0 0 0 0 0 0 0 0 0 0 0 0 0 0 0 0 0 0 0 0 0 0 
0 0 0 0 0 0 0 0 0 0 0 0 0 0 0 1 0 0 0 0 0 0 0 0 0 0 0 0 0 0 0 0 0 0 0 0 0 0 0 0 0 0 0 0 0 0 0 0 0 0 
0 0 0 0 0 0 0 0 0 0 0 0 0 0 0 0 1 0 0 0 0 0 0 0 0 0 0 0 0 0 0 0 0 0 0 0 0 0 0 0 0 0 0 0 0 0 0 0 0 0 
0 0 0 0 0 0 0 0 0 0 0 0 0 0 0 0 0 1 0 0 0 0 0 0 0 0 0 0 0 0 0 0 0 0 0 0 0 0 0 0 0 0 0 0 0 0 0 0 0 0 
0 0 0 0 0 0 0 0 0 0 0 0 0 0 0 0 0 0 1 0 0 0 0 0 0 0 0 0 0 0 0 0 0 0 0 0 0 0 0 0 0 0 0 0 0 0 0 0 0 0 

0 0 0 0 0 0 0 0 0 0 0 0 0 0 0 0 0 0 0 0 0 0 0 0 0 0 0 0 1 0 0 0 0 0 0 0 0 0 0 0 0 0 0 0 0 0 0 0 0 0 
0 0 0 0 0 0 0 0 0 0 0 0 0 0 0 0 0 0 0 0 0 1 0 0 0 0 0 0 0 0 0 0 0 0 0 0 0 0 0 0 0 0 0 0 0 0 0 0 0 0 
0 0 0 0 0 0 0 0 0 0 0 0 0 0 0 1 0 0 0 0 0 0 0 0 0 0 0 0 0 0 0 0 0 0 0 0 0 0 0 0 0 0 0 0 0 0 0 0 0 0 
0 0 0 0 0 0 0 0 0 0 0 0 0 0 0 0 1 0 0 0 0 0 0 0 0 0 0 0 0 0 0 0 0 0 0 0 0 0 0 0 0 0 0 0 0 0 0 0 0 0 
0 0 0 0 0 0 0 0 0 0 0 0 0 0 0 0 0 1 0 0 0 0 0 0 0 0 0 0 0 0 0 0 0 0 0 0 0 0 0 0 0 0 0 0 0 0 0 0 0 0 
0 0 0 0 0 0 0 0 0 0 0 0 0 0 0 0 0 0 1 0 0 0 0 0 0 0 0 0 0 0 0 0 0 0 0 0 0 0 0 0 0 0 0 0 0 0 0 0 0 0 
0 0 0 0 0 0 0 0 0 0 0 0 0 0 0 0 0 0 1 0 0 0 0 0 0 0 0 0 0 0 0 0 0 0 0 0 0 0 0 0 0 0 0 0 0 0 0 0 0 0 

0 0 0 0 0 0 0 0 0 0 0 0 0 0 0 0 0 0 0 0 0 0 0 0 0 0 0 0 1 0 0 0 0 0 0 0 0 0 0 0 0 0 0 0 0 0 0 0 0 0 
0 0 0 0 0 0 0 0 0 0 0 0 0 0 0 0 0 0 0 0 0 1 0 0 0 0 0 0 0 0 0 0 0 0 0 0 0 0 0 0 0 0 0 0 0 0 0 0 0 0 
0 0 0 0 0 0 0 0 0 0 0 0 0 0 0 1 0 0 0 0 0 0 0 0 0 0 0 0 0 0 0 0 0 0 0 0 0 0 0 0 0 0 0 0 0 0 0 0 0 0 
0 0 0 0 0 0 0 0 0 0 0 0 0 0 0 0 1 0 0 0 0 0 0 0 0 0 0 0 0 0 0 0 0 0 0 0 0 0 0 0 0 0 0 0 0 0 0 0 0 0 
0 0 0 0 0 0 0 0 0 0 0 0 0 0 0 0 0 1 0 0 0 0 0 0 0 0 0 0 0 0 0 0 0 0 0 0 0 0 0 0 0 0 0 0 0 0 0 0 0 0 
0 0 0 0 0 0 0 0 0 0 0 0 0 0 0 0 0 0 1 0 0 0 0 0 0 0 0 0 0 0 0 0 0 0 0 0 0 0 0 0 0 0 0 0 0 0 0 0 0 0 
0 0 0 0 0 0 0 0 0 0 0 0 0 0 0 0 0 0 1 0 0 0 0 0 0 0 0 0 0 0 0 0 0 0 0 0 0 0 0 0 0 0 0 0 0 0 0 0 0 0 
0 0 0 0 0 0 0 0 0 0 0 0 0 0 0 0 0 0 1 0 0 0 0 0 0 0 0 0 0 0 0 0 0 0 0 0 0 0 0 0 0 0 0 0 0 0 0 0 0 0 
0 0 0 0 0 0 0 0 0 0 0 0 0 0 0 0 0 0 1 0 0 0 0 0 0 0 0 0 0 0 0 0 0 0 0 0 0 0 0 0 0 0 0 0 0 0 0 0 0 0 

Groups 0 and 5 collide.
Solution of group 0
Mulirobot solution: (|moves| = 5, paralellism = 1.000) [
    Step 0: 1#28->21 
    Step 1: 1#21->15 
    Step 2: 1#15->16 
    Step 3: 1#16->17 
    Step 4: 1#17->18 
]
Solution of group 5
Mulirobot solution: (|moves| = 8, paralellism = 1.000) [
    Step 0: 1#25->24 
    Step 1: 1#24->23 
    Step 2: 1#23->18 
    Step 3: 1#18->17 
    Step 4: 1#17->16 
    Step 5: 1#16->15 
    Step 6: 1#15->14 
    Step 7: 1#14->20 
]
Occupation table complementary for group 0
1 0 1 1 1 0 1 1 0 0 1 1 0 0 1 1 0 1 0 0 0 0 1 0 0 1 0 1 0 0 1 0 1 0 0 1 0 1 0 1 1 0 1 1 1 0 0 0 0 1 
0 1 0 0 0 1 0 1 0 1 1 1 0 0 1 1 0 0 0 0 0 0 0 1 1 0 0 0 0 1 0 1 0 0 1 1 1 0 1 0 1 1 0 0 1 0 0 0 1 0 
0 0 1 0 0 0 1 1 1 0 1 0 0 1 0 1 1 1 1 0 0 0 0 1 1 0 0 0 1 1 0 0 0 0 1 1 1 0 1 0 0 0 1 0 0 0 0 1 0 0 
0 0 0 1 0 0 1 1 0 0 0 1 0 0 1 0 1 1 1 0 0 1 1 1 0 0 0 1 0 1 1 1 0 1 1 0 1 0 0 1 0 0 1 0 0 0 1 0 0 0 
0 0 0 1 0 0 1 0 0 0 0 1 0 0 1 1 0 1 0 0 1 0 1 1 1 0 0 1 0 0 1 1 0 1 1 0 1 0 0 0 1 0 1 0 0 1 0 0 0 0 
0 0 0 1 0 0 1 1 0 0 0 1 0 0 0 0 1 0 0 0 1 1 1 1 1 0 0 1 0 1 1 1 0 1 0 0 1 0 1 0 1 0 1 0 0 1 0 0 0 0 
0 0 0 1 0 0 1 0 0 0 0 1 0 0 1 1 0 0 0 0 0 0 0 1 1 0 0 1 1 0 1 1 0 1 1 1 1 0 0 1 0 0 1 0 1 0 1 0 1 0 
0 0 0 1 0 1 1 0 0 0 0 1 0 0 1 1 0 0 1 0 0 0 0 0 1 0 0 1 1 0 1 1 0 1 0 0 1 0 1 1 1 0 1 0 1 0 1 0 0 1 
1 0 0 1 0 0 1 0 0 0 1 1 0 0 0 1 0 0 0 0 1 0 0 0 1 0 0 1 1 0 1 1 1 1 0 0 1 0 1 1 0 0 1 0 1 1 1 0 0 1 
1 0 0 1 0 0 1 0 0 0 1 1 0 0 0 1 0 0 0 0 1 0 0 0 1 0 0 1 1 0 1 1 1 1 0 0 1 0 1 1 0 1 1 0 1 0 1 0 0 1 
1 0 0 1 0 0 1 0 0 0 1 1 0 0 0 1 0 0 0 0 1 0 0 0 1 0 0 1 1 0 1 1 1 1 0 0 1 1 1 1 0 1 1 0 1 0 1 1 0 1 

** Open/close/exp size (steps): 1/1/1 (2)
Occupation table complementary for group 5
1 0 1 1 1 0 1 1 0 0 1 1 0 0 1 1 0 1 0 0 0 0 1 0 0 0 0 1 1 0 1 0 1 0 0 1 0 1 0 1 1 0 1 1 1 0 0 0 0 1 
0 1 0 0 0 1 0 1 0 1 1 1 0 0 1 1 0 0 0 0 0 1 0 1 0 0 0 0 0 1 0 1 0 0 1 1 1 0 1 0 1 1 0 0 1 0 0 0 1 0 
0 0 1 0 0 0 1 1 1 0 1 0 0 1 0 1 1 1 1 0 0 0 0 0 1 0 0 0 1 1 0 0 0 0 1 1 1 0 1 0 0 0 1 0 0 0 0 1 0 0 
0 0 0 1 0 0 1 1 0 0 0 1 0 0 1 0 1 1 1 0 0 1 1 1 0 0 0 1 0 1 1 1 0 1 1 0 1 0 0 1 0 0 1 0 0 0 1 0 0 0 
0 0 0 1 0 0 1 0 0 0 0 1 0 0 1 1 0 1 0 0 1 0 1 1 1 0 0 1 0 0 1 1 0 1 1 0 1 0 0 0 1 0 1 0 0 1 0 0 0 0 
0 0 0 1 0 0 1 1 0 0 0 1 0 0 0 0 0 0 1 0 1 1 1 1 1 0 0 1 0 1 1 1 0 1 0 0 1 0 1 0 1 0 1 0 0 1 0 0 0 0 
0 0 0 1 0 0 1 0 0 0 0 1 0 0 1 0 0 0 1 0 0 0 0 1 1 0 0 1 1 0 1 1 0 1 1 1 1 0 0 1 0 0 1 0 1 0 1 0 1 0 
0 0 0 1 0 1 1 0 0 0 0 1 0 0 0 1 0 0 1 0 0 0 0 0 1 0 0 1 1 0 1 1 0 1 0 0 1 0 1 1 1 0 1 0 1 0 1 0 0 1 
1 0 0 1 0 0 1 0 0 0 1 1 0 0 0 1 0 0 1 0 0 0 0 0 1 0 0 1 1 0 1 1 1 1 0 0 1 0 1 1 0 0 1 0 1 1 1 0 0 1 
1 0 0 1 0 0 1 0 0 0 1 1 0 0 0 1 0 0 1 0 0 0 0 0 1 0 0 1 1 0 1 1 1 1 0 0 1 0 1 1 0 1 1 0 1 0 1 0 0 1 
1 0 0 1 0 0 1 0 0 0 1 1 0 0 0 1 0 0 1 0 0 0 0 0 1 0 0 1 1 0 1 1 1 1 0 0 1 1 1 1 0 1 1 0 1 0 1 1 0 1 

** Open/close/exp size (steps): 2/1/2 (5)
** Open/close/exp size (steps): 4/5/4 (9)
** Open/close/exp size (steps): 2/10/2 (14)
Unable to resolve collision between groups 0 and 5.
Merging groups 0 and 5.
Searching solution for merged group 0+5.
Open/close/exp size (steps): 64/21/64 (253)
Open/close/exp size (steps): 145/79/145 (311)
Open/close/exp size (steps): 233/149/233 (381)
Open/close/exp size (steps): 276/233/276 (465)
Open/close/exp size (steps): 348/334/348 (566)
Open/close/exp size (steps): 479/456/479 (688)
Open/close/exp size (steps): 540/603/540 (835)
Open/close/exp size (steps): 435/780/435 (1012)
Open/close/exp size (steps): 397/993/397 (1225)
Open/close/exp size (steps): 883/1249/883 (1481)
Open/close/exp size (steps): 1096/1557/1096 (1789)
Open/close/exp size (steps): 999/1927/999 (2159)
Open/close/exp size (steps): 1255/2371/1255 (2603)
Open/close/exp size (steps): 1060/2904/1060 (3136)
Open/close/exp size (steps): 1175/3544/1175 (3776)
0 0 0 0 0 0 0 0 0 0 0 0 0 0 0 0 0 0 0 0 0 0 0 0 0 2 0 0 1 0 0 0 0 0 0 0 0 0 0 0 0 0 0 0 0 0 0 0 0 0 
0 0 0 0 0 0 0 0 0 0 0 0 0 0 0 0 0 0 0 0 0 1 0 0 2 0 0 0 0 0 0 0 0 0 0 0 0 0 0 0 0 0 0 0 0 0 0 0 0 0 
0 0 0 0 0 0 0 0 0 0 0 0 0 0 0 1 0 0 0 0 0 0 0 2 0 0 0 0 0 0 0 0 0 0 0 0 0 0 0 0 0 0 0 0 0 0 0 0 0 0 
0 0 0 0 0 0 0 0 0 0 0 0 0 0 0 0 1 0 0 0 0 0 2 0 0 0 0 0 0 0 0 0 0 0 0 0 0 0 0 0 0 0 0 0 0 0 0 0 0 0 
0 0 0 0 0 0 0 0 0 0 0 0 0 0 0 0 0 1 0 0 0 0 0 0 0 0 0 0 0 0 2 0 0 0 0 0 0 0 0 0 0 0 0 0 0 0 0 0 0 0 
0 0 0 0 0 0 0 0 0 0 0 0 0 0 0 0 0 0 1 0 0 0 0 0 0 0 0 0 0 2 0 0 0 0 0 0 0 0 0 0 0 0 0 0 0 0 0 0 0 0 
0 0 0 0 0 0 0 0 0 0 0 0 0 0 0 0 0 0 1 0 0 0 0 0 0 0 0 0 2 0 0 0 0 0 0 0 0 0 0 0 0 0 0 0 0 0 0 0 0 0 
0 0 0 0 0 0 0 0 0 0 0 0 0 0 0 0 0 0 1 0 0 2 0 0 0 0 0 0 0 0 0 0 0 0 0 0 0 0 0 0 0 0 0 0 0 0 0 0 0 0 
0 0 0 0 0 0 0 0 0 0 0 0 0 0 0 0 0 0 1 0 2 0 0 0 0 0 0 0 0 0 0 0 0 0 0 0 0 0 0 0 0 0 0 0 0 0 0 0 0 0 

Groups 0 and 1 collide.
Solution of group 0
Mulirobot solution: (|moves| = 13, paralellism = 1.625) [
    Step 0: 1#28->21 2#25->24 
    Step 1: 1#21->15 2#24->23 
    Step 2: 1#15->16 2#23->22 
    Step 3: 1#16->17 2#22->30 
    Step 4: 1#17->18 2#30->29 
    Step 5: 2#29->28 
    Step 6: 2#28->21 
    Step 7: 2#21->20 
]
Solution of group 1
Mulirobot solution: (|moves| = 5, paralellism = 1.000) [
    Step 0: 1#11->10 
    Step 1: 1#10->18 
    Step 2: 1#18->23 
    Step 3: 1#23->24 
    Step 4: 1#24->31 
]
Occupation table complementary for group 0
1 0 1 1 1 0 1 1 0 0 1 1 0 0 1 1 0 1 0 0 0 0 1 0 0 0 0 1 0 0 1 0 1 0 0 1 0 1 0 1 1 0 1 1 1 0 0 0 0 1 
0 1 0 0 0 1 0 1 0 1 1 1 0 0 1 1 0 0 0 0 0 0 0 1 0 0 0 0 0 1 0 1 0 0 1 1 1 0 1 0 1 1 0 0 1 0 0 0 1 0 
0 0 1 0 0 0 1 1 1 0 1 0 0 1 0 1 1 1 1 0 0 0 0 0 1 0 0 0 1 1 0 0 0 0 1 1 1 0 1 0 0 0 1 0 0 0 0 1 0 0 
0 0 0 1 0 0 1 1 0 0 0 1 0 0 1 0 1 1 1 0 0 1 1 1 0 0 0 1 0 1 1 1 0 1 1 0 1 0 0 1 0 0 1 0 0 0 1 0 0 0 
0 0 0 1 0 0 1 0 0 0 0 1 0 0 1 1 0 1 0 0 1 0 1 1 1 0 0 1 0 0 1 1 0 1 1 0 1 0 0 0 1 0 1 0 0 1 0 0 0 0 
0 0 0 1 0 0 1 1 0 0 0 1 0 0 0 0 0 0 0 0 1 1 1 1 1 0 0 1 0 1 1 1 0 1 0 0 1 0 1 0 1 0 1 0 0 1 0 0 0 0 
0 0 0 1 0 0 1 0 0 0 0 1 0 0 1 0 0 0 0 0 0 0 0 1 1 0 0 1 1 0 1 1 0 1 1 1 1 0 0 1 0 0 1 0 1 0 1 0 1 0 
0 0 0 1 0 1 1 0 0 0 0 1 0 0 0 1 0 0 1 0 0 0 0 0 1 0 0 1 1 0 1 1 0 1 0 0 1 0 1 1 1 0 1 0 1 0 1 0 0 1 
1 0 0 1 0 0 1 0 0 0 1 1 0 0 0 1 0 0 0 0 0 0 0 0 1 0 0 1 1 0 1 1 1 1 0 0 1 0 1 1 0 0 1 0 1 1 1 0 0 1 
1 0 0 1 0 0 1 0 0 0 1 1 0 0 0 1 0 0 0 0 0 0 0 0 1 0 0 1 1 0 1 1 1 1 0 0 1 0 1 1 0 1 1 0 1 0 1 0 0 1 
1 0 0 1 0 0 1 0 0 0 1 1 0 0 0 1 0 0 0 0 0 0 0 0 1 0 0 1 1 0 1 1 1 1 0 0 1 1 1 1 0 1 1 0 1 0 1 1 0 1 

** Open/close/exp size (steps): 2/2/2 (20)
** Open/close/exp size (steps): 2/10/2 (28)
Occupation table complementary for group 1
1 0 1 1 1 0 1 1 0 0 1 0 0 0 1 1 0 1 0 0 0 0 1 0 0 2 0 1 1 0 1 0 1 0 0 1 0 1 0 1 1 0 1 1 1 0 0 0 0 1 
0 1 0 0 0 1 0 1 0 1 0 1 0 0 1 1 0 0 0 0 0 1 0 1 2 0 0 0 0 1 0 1 0 0 1 1 1 0 1 0 1 1 0 0 1 0 0 0 1 0 
0 0 1 0 0 0 1 1 1 0 1 0 0 1 0 1 1 1 0 0 0 0 0 2 1 0 0 0 1 1 0 0 0 0 1 1 1 0 1 0 0 0 1 0 0 0 0 1 0 0 
0 0 0 1 0 0 1 1 0 0 0 1 0 0 1 0 1 1 1 0 0 1 1 0 0 0 0 1 0 1 1 1 0 1 1 0 1 0 0 1 0 0 1 0 0 0 1 0 0 0 
0 0 0 1 0 0 1 0 0 0 0 1 0 0 1 1 0 1 0 0 1 0 1 1 0 0 0 1 0 0 1 1 0 1 1 0 1 0 0 0 1 0 1 0 0 1 0 0 0 0 
0 0 0 1 0 0 1 1 0 0 0 1 0 0 0 0 0 0 1 0 1 1 1 1 1 0 0 1 0 1 1 0 0 1 0 0 1 0 1 0 1 0 1 0 0 1 0 0 0 0 
0 0 0 1 0 0 1 0 0 0 0 1 0 0 1 0 0 0 1 0 0 0 0 1 1 0 0 1 1 0 1 1 0 1 1 1 1 0 0 1 0 0 1 0 1 0 1 0 1 0 
0 0 0 1 0 1 1 0 0 0 0 1 0 0 0 1 0 0 1 0 0 2 0 0 1 0 0 1 1 0 1 1 0 1 0 0 1 0 1 1 1 0 1 0 1 0 1 0 0 1 
1 0 0 1 0 0 1 0 0 0 1 1 0 0 0 1 0 0 1 0 2 0 0 0 1 0 0 1 1 0 1 1 1 1 0 0 1 0 1 1 0 0 1 0 1 1 1 0 0 1 
1 0 0 1 0 0 1 0 0 0 1 1 0 0 0 1 0 0 1 0 2 0 0 0 1 0 0 1 1 0 1 0 1 1 0 0 1 0 1 1 0 1 1 0 1 0 1 0 0 1 
1 0 0 1 0 0 1 0 0 0 1 1 0 0 0 1 0 0 1 0 2 0 0 0 1 0 0 1 1 0 1 0 1 1 0 0 1 1 1 1 0 1 1 0 1 0 1 1 0 1 

Unable to resolve collision between groups 0 and 1.
Merging groups 0 and 1.
Searching solution for merged group 0+1.
Open/close/exp size (steps): 913/704/913 (4544)
Open/close/exp size (steps): 1591/1626/1591 (5466)
Open/close/exp size (steps): 2341/2733/2341 (6573)
Open/close/exp size (steps): 4884/4062/4884 (7902)
Open/close/exp size (steps): 4219/5657/4219 (9497)
Open/close/exp size (steps): 2878/7571/2878 (11411)
Open/close/exp size (steps): 6737/9868/6737 (13708)
Open/close/exp size (steps): 5181/12625/5181 (16465)
Open/close/exp size (steps): 7616/15934/7616 (19774)
Open/close/exp size (steps): 12424/19905/12424 (23745)
Open/close/exp size (steps): 17150/24671/17150 (28511)
Open/close/exp size (steps): 27766/30391/27766 (34231)
Open/close/exp size (steps): 31575/37255/31575 (41095)
Open/close/exp size (steps): 33475/45492/33475 (49332)
Open/close/exp size (steps): 27894/55377/27894 (59217)
Open/close/exp size (steps): 33625/67239/33625 (71079)
Open/close/exp size (steps): 36644/81474/36644 (85314)
Open/close/exp size (steps): 30581/98556/30581 (102396)
Open/close/exp size (steps): 48969/119055/48969 (122895)
Open/close/exp size (steps): 74274/143654/74274 (147494)
Open/close/exp size (steps): 93266/173173/93266 (177013)
Open/close/exp size (steps): 88505/208596/88505 (212436)
Open/close/exp size (steps): 68535/251104/68535 (254944)
Open/close/exp size (steps): 76829/302114/76829 (305954)
Open/close/exp size (steps): 68033/363326/68033 (367166)
Open/close/exp size (steps): 84647/436781/84647 (440621)
0 0 0 0 0 0 0 0 0 0 0 2 0 0 0 0 0 0 0 0 0 0 0 0 0 3 0 0 1 0 0 0 0 0 0 0 0 0 0 0 0 0 0 0 0 0 0 0 0 0 
0 0 0 0 0 0 0 0 0 0 0 2 0 0 0 0 0 0 0 0 0 1 0 0 3 0 0 0 0 0 0 0 0 0 0 0 0 0 0 0 0 0 0 0 0 0 0 0 0 0 
0 0 0 0 0 0 0 0 0 0 0 2 0 0 0 1 0 0 0 0 0 0 0 3 0 0 0 0 0 0 0 0 0 0 0 0 0 0 0 0 0 0 0 0 0 0 0 0 0 0 
0 0 0 0 0 0 0 0 0 0 0 2 0 0 0 0 1 0 0 0 0 0 3 0 0 0 0 0 0 0 0 0 0 0 0 0 0 0 0 0 0 0 0 0 0 0 0 0 0 0 
0 0 0 0 0 0 0 0 0 0 0 0 2 0 0 0 0 1 0 0 0 0 0 0 0 0 0 0 0 0 3 0 0 0 0 0 0 0 0 0 0 0 0 0 0 0 0 0 0 0 
0 0 0 0 0 0 0 0 0 0 0 0 0 0 0 0 0 0 1 2 0 0 0 0 0 0 0 0 0 3 0 0 0 0 0 0 0 0 0 0 0 0 0 0 0 0 0 0 0 0 
0 0 0 0 0 0 0 0 0 0 0 0 0 0 0 0 0 0 1 0 0 0 0 0 0 2 0 0 3 0 0 0 0 0 0 0 0 0 0 0 0 0 0 0 0 0 0 0 0 0 
0 0 0 0 0 0 0 0 0 0 0 0 0 0 0 0 0 0 1 0 0 3 0 0 2 0 0 0 0 0 0 0 0 0 0 0 0 0 0 0 0 0 0 0 0 0 0 0 0 0 
0 0 0 0 0 0 0 0 0 0 0 0 0 0 0 0 0 0 1 0 3 0 0 0 0 0 0 0 0 0 0 2 0 0 0 0 0 0 0 0 0 0 0 0 0 0 0 0 0 0 
0 0 0 0 0 0 0 0 0 0 0 0 0 0 0 0 0 0 1 0 3 0 0 0 0 0 0 0 0 0 0 2 0 0 0 0 0 0 0 0 0 0 0 0 0 0 0 0 0 0 
0 0 0 0 0 0 0 0 0 0 0 0 0 0 0 0 0 0 1 0 3 0 0 0 0 0 0 0 0 0 0 2 0 0 0 0 0 0 0 0 0 0 0 0 0 0 0 0 0 0 

Groups 0 and 1 collide.
Solution of group 0
Mulirobot solution: (|moves| = 18, paralellism = 2.250) [
    Step 0: 1#28->21 3#25->24 
    Step 1: 1#21->15 3#24->23 
    Step 2: 1#15->16 3#23->22 
    Step 3: 1#16->17 2#11->12 3#22->30 
    Step 4: 1#17->18 2#12->19 3#30->29 
    Step 5: 2#19->25 3#29->28 
    Step 6: 2#25->24 3#28->21 
    Step 7: 2#24->31 3#21->20 
]
Solution of group 1
Mulirobot solution: (|moves| = 10, paralellism = 1.000) [
    Step 0: 1#6->14 
    Step 1: 1#14->15 
    Step 2: 1#15->16 
    Step 3: 1#16->17 
    Step 4: 1#17->22 
    Step 5: 1#22->23 
    Step 6: 1#23->24 
    Step 7: 1#24->31 
    Step 8: 1#31->36 
    Step 9: 1#36->37 
]
Occupation table complementary for group 0
1 0 1 1 1 0 1 1 0 0 1 0 0 0 1 1 0 1 0 0 0 0 1 0 0 0 0 1 0 0 1 0 1 0 0 1 0 1 0 1 1 0 1 1 1 0 0 0 0 1 
0 1 0 0 0 1 0 1 0 1 0 1 0 0 1 1 0 0 0 0 0 0 0 1 0 0 0 0 0 1 0 1 0 0 1 1 1 0 1 0 1 1 0 0 1 0 0 0 1 0 
0 0 1 0 0 0 1 1 1 0 1 0 0 1 0 1 1 1 0 0 0 0 0 0 1 0 0 0 1 1 0 0 0 0 1 1 1 0 1 0 0 0 1 0 0 0 0 1 0 0 
0 0 0 1 0 0 1 1 0 0 0 1 0 0 1 0 1 1 1 0 0 1 1 0 0 0 0 1 0 1 1 1 0 1 1 0 1 0 0 1 0 0 1 0 0 0 1 0 0 0 
0 0 0 1 0 0 1 0 0 0 0 1 0 0 1 1 0 1 0 0 1 0 1 1 0 0 0 1 0 0 1 1 0 1 1 0 1 0 0 0 1 0 1 0 0 1 0 0 0 0 
0 0 0 1 0 0 1 1 0 0 0 1 0 0 0 0 0 0 0 0 1 1 1 1 1 0 0 1 0 1 1 0 0 1 0 0 1 0 1 0 1 0 1 0 0 1 0 0 0 0 
0 0 0 1 0 0 1 0 0 0 0 1 0 0 1 0 0 0 0 0 0 0 0 1 1 0 0 1 1 0 1 1 0 1 1 1 1 0 0 1 0 0 1 0 1 0 1 0 1 0 
0 0 0 1 0 1 1 0 0 0 0 1 0 0 0 1 0 0 1 0 0 0 0 0 1 0 0 terminate called after throwing an instance of 'St9bad_alloc'
  what():  std::bad_alloc
1 1 0 1 1 0 1 0 0 1 0 1 1 1 0 1 0 1 0 1 0 0 1 
1 0 0 1 0 0 1 0 0 0 1 1 0 0 0 1 0 0 0 0 0 0 0 0 1 0 0 1 1 0 1 1 1 1 0 0 1 0 1 1 0 0 1 0 1 1 1 0 0 1 
1 0 0 1 0 0 1 0 0 0 1 1 0 0 0 1 0 0 0 0 0 0 0 0 1 0 0 1 1 0 1 0 1 1 0 0 1 0 1 1 0 1 1 0 1 0 1 0 0 1 
1 0 0 1 0 0 1 0 0 0 1 1 0 0 0 1 0 0 0 0 0 0 0 0 1 0 0 1 1 0 1 0 1 1 0 0 1 1 1 1 0 1 1 0 1 0 1 1 0 1 

Occupation table complementary for group 1
1 0 1 1 1 0 0 1 0 0 1 2 0 0 1 1 0 1 0 0 0 0 1 0 0 3 0 1 1 0 1 0 1 0 0 1 0 1 0 1 1 0 1 1 1 0 0 0 0 1 
0 1 0 0 0 1 0 1 0 1 0 1 0 0 0 1 0 0 0 0 0 1 0 1 3 0 0 0 0 1 0 1 0 0 1 1 1 0 1 0 1 1 0 0 1 0 0 0 1 0 
0 0 1 0 0 0 1 1 1 0 1 2 0 1 0 1 1 1 0 0 0 0 0 3 1 0 0 0 1 1 0 0 0 0 1 1 1 0 1 0 0 0 1 0 0 0 0 1 0 0 
0 0 0 1 0 0 1 1 0 0 0 1 0 0 1 0 1 1 1 0 0 1 1 0 0 0 0 1 0 1 1 1 0 1 1 0 1 0 0 1 0 0 1 0 0 0 1 0 0 0 
0 0 0 1 0 0 1 0 0 0 0 1 2 0 1 1 0 1 0 0 1 0 1 1 0 0 0 1 0 0 1 1 0 1 1 0 1 0 0 0 1 0 1 0 0 1 0 0 0 0 
0 0 0 1 0 0 1 1 0 0 0 1 0 0 0 0 0 0 1 2 1 1 1 1 1 0 0 1 0 1 1 0 0 1 0 0 1 0 1 0 1 0 1 0 0 1 0 0 0 0 
0 0 0 1 0 0 1 0 0 0 0 1 0 0 1 0 0 0 1 0 0 0 0 1 1 2 0 1 1 0 1 1 0 1 1 1 1 0 0 1 0 0 1 0 1 0 1 0 1 0 
0 0 0 1 0 1 1 0 0 0 0 1 0 0 0 1 0 0 1 0 0 3 0 0 1 0 0 1 1 0 1 1 0 1 0 0 1 0 1 1 1 0 1 0 1 0 1 0 0 1 
1 0 0 1 0 0 1 0 0 0 1 1 0 0 0 1 0 0 1 0 3 0 0 0 1 0 0 1 1 0 1 2 1 1 0 0 1 0 1 1 0 0 1 0 1 1 1 0 0 1 
1 0 0 1 0 0 1 0 0 0 1 1 0 0 0 1 0 0 1 0 3 0 0 0 1 0 0 1 1 0 1 2 1 1 0 0 1 0 1 1 0 1 1 0 1 0 1 0 0 1 
1 0 0 1 0 0 1 0 0 0 1 1 0 0 0 1 0 0 1 0 3 0 0 0 1 0 0 1 1 0 1 2 1 1 0 0 1 0 1 1 0 1 1 0 1 0 1 1 0 1 

Unable to resolve collision between groups 0 and 1.
Merging groups 0 and 1.
Searching solution for merged group 0+1.
Open/close/exp size (steps): 6412/4598/6412 (528767)
Open/close/exp size (steps): 117432/110374/117432 (634543)
Open/close/exp size (steps): 142700/237306/142700 (761475)
Open/close/exp size (steps): 156204/389625/156204 (913794)
Open/close/exp size (steps): 255734/572408/255734 (1096577)
Open/close/exp size (steps): 100423/791748/100423 (1315917)
Aborted (core dumped)
