================================================================
reLOC 0.13-odaiba : Multirobot Solver
(C) Copyright 2016 Pavel Surynek
----------------------------------------------------------------
Reading graph...
Reading graph... FINISHED
Reading initial arrangement...
Reading initial arrangement... FINISHED.
Reading goal arrangement...
Reading goal arrangement... FINISHED.
Building instance...
Building instance... FINISHED.
Open/close/exp size (steps): 1/0/1 (2)
Open/close/exp size (steps): 13/3/13 (5)
Open/close/exp size (steps): 11/3/11 (9)
Open/close/exp size (steps): 24/8/24 (14)
Open/close/exp size (steps): 35/14/35 (20)
Open/close/exp size (steps): 1/0/1 (28)
Open/close/exp size (steps): 26/10/26 (38)
Open/close/exp size (steps): 17/4/17 (50)
Open/close/exp size (steps): 49/19/49 (65)
Open/close/exp size (steps): 80/37/80 (83)
Open/close/exp size (steps): 44/15/44 (105)
Open/close/exp size (steps): 26/8/26 (132)
Open/close/exp size (steps): 41/16/41 (165)
Open/close/exp size (steps): 4/1/4 (205)
Open/close/exp size (steps): 3/1/3 (253)
Open/close/exp size (steps): 13/4/13 (311)
Open/close/exp size (steps): 8/2/8 (381)
Open/close/exp size (steps): 53/28/53 (465)
0 0 0 0 0 0 0 0 0 0 0 0 0 0 0 0 0 0 0 0 0 0 0 0 0 0 0 0 0 0 0 0 0 0 0 0 0 0 0 0 0 0 0 1 0 0 0 0 0 0 0 0 0 0 0 0 0 
0 0 0 0 0 0 0 0 0 0 0 0 0 0 0 0 0 0 0 0 0 0 0 0 0 0 0 0 0 0 0 0 0 0 0 0 0 0 0 0 0 0 1 0 0 0 0 0 0 0 0 0 0 0 0 0 0 
0 0 0 0 0 0 0 0 0 0 0 0 0 0 0 0 0 0 0 0 0 0 0 0 0 0 0 0 0 0 0 0 0 0 0 0 0 0 0 0 0 0 1 0 0 0 0 0 0 0 0 0 0 0 0 0 0 
0 0 0 0 0 0 0 0 0 0 0 0 0 0 0 0 0 0 0 0 0 0 0 0 0 0 0 0 0 0 0 0 0 0 0 0 0 0 0 0 0 0 1 0 0 0 0 0 0 0 0 0 0 0 0 0 0 

0 0 0 0 0 0 0 0 0 0 0 0 0 0 0 0 0 0 0 0 0 0 0 0 0 0 0 0 0 0 0 0 0 0 0 0 0 0 0 0 0 0 0 1 0 0 0 0 0 0 0 0 0 0 0 0 0 
0 0 0 0 0 0 0 0 0 0 0 0 0 0 0 0 0 0 0 0 0 0 0 0 0 0 0 0 0 0 0 0 0 0 0 0 0 0 0 0 0 0 1 0 0 0 0 0 0 0 0 0 0 0 0 0 0 
0 0 0 0 0 0 0 0 0 0 0 0 0 0 0 0 0 0 0 0 0 0 0 0 0 0 0 0 0 0 0 0 0 0 0 0 0 0 0 0 0 0 1 0 0 0 0 0 0 0 0 0 0 0 0 0 0 
0 0 0 0 0 0 0 0 0 0 0 0 0 0 0 0 0 0 0 0 0 0 0 0 0 0 0 0 0 0 0 0 0 0 0 0 0 0 0 0 0 0 1 0 0 0 0 0 0 0 0 0 0 0 0 0 0 
0 0 0 0 0 0 0 0 0 0 0 0 0 0 0 0 0 0 0 0 0 0 0 0 0 0 0 0 0 0 0 0 0 0 0 0 0 0 0 0 0 0 1 0 0 0 0 0 0 0 0 0 0 0 0 0 0 
0 0 0 0 0 0 0 0 0 0 0 0 0 0 0 0 0 0 0 0 0 0 0 0 0 0 0 0 0 0 0 0 0 0 0 0 0 0 0 0 0 0 1 0 0 0 0 0 0 0 0 0 0 0 0 0 0 
0 0 0 0 0 0 0 0 0 0 0 0 0 0 0 0 0 0 0 0 0 0 0 0 0 0 0 0 0 0 0 0 0 0 0 0 0 0 0 0 0 0 1 0 0 0 0 0 0 0 0 0 0 0 0 0 0 
0 0 0 0 0 0 0 0 0 0 0 0 0 0 0 0 0 0 0 0 0 0 0 0 0 0 0 0 0 0 0 0 0 0 0 0 0 0 0 0 0 0 1 0 0 0 0 0 0 0 0 0 0 0 0 0 0 

Groups 0 and 2 collide.
Solution of group 0
Mulirobot solution: (|moves| = 1, paralellism = 1.000) [
    Step 0: 1#43->42 
]
Solution of group 2
Mulirobot solution: (|moves| = 7, paralellism = 1.000) [
    Step 0: 1#7->14 
    Step 1: 1#14->20 
    Step 2: 1#20->28 
    Step 3: 1#28->35 
    Step 4: 1#35->42 
    Step 5: 1#42->43 
    Step 6: 1#43->44 
]
Occupation table complementary for group 0
1 1 1 0 0 0 0 1 0 0 0 1 1 1 0 1 1 1 1 1 0 0 1 1 1 0 0 0 1 1 0 1 1 1 1 0 0 0 1 0 1 0 0 0 0 1 1 1 1 0 1 0 1 0 1 0 1 
0 0 0 0 0 0 0 1 1 1 1 0 1 0 1 1 0 0 1 0 0 0 0 1 0 1 1 0 0 0 1 1 1 0 1 1 0 1 0 1 1 0 0 1 0 1 0 1 0 1 0 0 0 0 0 0 0 
0 1 0 0 0 0 0 0 0 0 1 1 0 1 1 1 1 1 0 0 1 1 0 1 1 1 1 0 0 0 1 1 0 1 1 0 1 1 1 1 0 0 1 0 1 0 0 0 1 0 0 0 0 0 0 0 0 
0 0 1 0 0 1 0 0 0 0 1 0 0 0 0 0 0 0 0 0 1 1 1 1 1 1 1 0 1 1 0 1 0 1 1 0 1 1 0 0 1 0 0 1 1 1 0 0 0 0 0 0 0 0 0 0 0 
0 0 1 0 0 0 1 0 0 1 1 0 0 0 0 0 0 1 1 1 0 0 1 1 0 1 1 0 1 1 1 1 1 0 1 1 1 0 0 0 0 0 1 0 0 1 0 0 0 0 1 1 0 0 0 0 0 
0 0 1 0 0 0 1 0 0 0 1 0 1 1 0 0 1 1 1 0 0 0 1 1 0 0 1 1 1 1 1 1 0 0 1 1 0 0 1 0 0 0 1 0 1 1 1 0 0 0 0 1 0 0 0 0 0 
0 0 1 0 0 0 1 0 0 0 1 1 1 0 0 0 1 1 0 1 0 0 1 1 1 0 1 1 1 1 1 1 0 0 1 1 0 1 1 0 0 0 1 1 0 1 0 1 0 0 0 1 1 0 0 0 0 
0 0 1 0 1 0 1 0 0 0 1 1 0 1 0 0 1 1 0 0 0 0 1 1 1 0 1 1 1 1 1 1 0 0 1 1 0 0 1 0 0 0 0 1 1 1 0 0 1 0 1 1 0 1 0 0 0 
0 0 1 1 1 0 1 0 0 0 1 0 1 0 0 0 1 1 0 0 0 0 1 1 1 1 1 1 1 1 1 1 0 0 1 1 0 0 1 0 0 0 0 0 1 1 0 0 1 0 1 1 1 0 1 0 0 
0 0 1 1 0 0 1 0 0 1 1 1 0 1 0 0 1 1 0 0 0 0 1 1 1 1 1 1 1 1 1 1 0 0 1 1 0 0 1 0 0 0 0 0 1 1 0 0 1 0 1 1 1 0 1 0 0 
0 1 1 1 0 0 1 0 0 1 1 1 0 1 0 0 1 1 0 0 0 0 1 1 1 1 1 1 1 1 1 1 0 0 1 1 0 0 1 0 0 0 0 0 1 1 0 0 1 0 1 1 1 0 1 0 0 
0 1 1 1 0 0 1 0 0 1 1 1 0 1 0 0 1 1 0 0 0 0 1 1 1 1 1 1 1 1 1 1 0 0 1 1 0 0 1 0 0 0 0 0 1 1 0 0 1 0 1 1 1 1 1 0 0 
0 1 1 1 0 0 1 0 0 1 1 1 0 1 0 0 1 1 0 0 0 0 1 1 1 1 1 1 1 1 1 1 0 0 1 1 0 0 1 0 0 0 0 0 1 1 0 0 1 0 1 1 1 0 1 0 0 
0 1 1 1 0 0 1 0 0 1 1 1 0 1 0 0 1 1 0 0 0 0 1 1 1 1 1 1 1 1 1 1 0 0 1 1 0 0 1 0 0 0 0 0 1 1 0 0 1 0 1 1 1 0 1 1 0 

Occupation table complementary for group 2
1 1 1 0 0 0 0 0 0 0 0 1 1 1 0 1 1 1 1 1 0 0 1 1 1 0 0 0 1 1 0 1 1 1 1 0 0 0 1 0 1 0 0 1 0 1 1 1 1 0 1 0 1 0 1 0 1 
0 0 0 0 0 0 0 1 1 1 1 0 1 0 0 1 0 0 1 0 0 0 0 1 0 1 1 0 0 0 1 1 1 0 1 1 0 1 0 1 1 0 1 1 0 1 0 1 0 1 0 0 0 0 0 0 0 
0 1 0 0 0 0 0 0 0 0 1 1 0 1 1 1 1 1 0 0 0 1 0 1 1 1 1 0 0 0 1 1 0 1 1 0 1 1 1 1 0 0 1 0 1 0 0 0 1 0 0 0 0 0 0 0 0 
0 0 1 0 0 1 0 0 0 0 1 0 0 0 0 0 0 0 0 0 1 1 1 1 1 1 1 0 0 1 0 1 0 1 1 0 1 1 0 0 1 0 1 1 1 1 0 0 0 0 0 0 0 0 0 0 0 
0 0 1 0 0 0 1 0 0 1 1 0 0 0 0 0 0 1 1 1 0 0 1 1 0 1 1 0 1 1 1 1 1 0 1 0 1 0 0 0 0 0 1 0 0 1 0 0 0 0 1 1 0 0 0 0 0 
0 0 1 0 0 0 1 0 0 0 1 0 1 1 0 0 1 1 1 0 0 0 1 1 0 0 1 1 1 1 1 1 0 0 1 1 0 0 1 0 0 0 1 0 1 1 1 0 0 0 0 1 0 0 0 0 0 
0 0 1 0 0 0 1 0 0 0 1 1 1 0 0 0 1 1 0 1 0 0 1 1 1 0 1 1 1 1 1 1 0 0 1 1 0 1 1 0 0 0 1 1 0 1 0 1 0 0 0 1 1 0 0 0 0 
0 0 1 0 1 0 1 0 0 0 1 1 0 1 0 0 1 1 0 0 0 0 1 1 1 0 1 1 1 1 1 1 0 0 1 1 0 0 1 0 0 0 1 1 0 1 0 0 1 0 1 1 0 1 0 0 0 
0 0 1 1 1 0 1 0 0 0 1 0 1 0 0 0 1 1 0 0 0 0 1 1 1 1 1 1 1 1 1 1 0 0 1 1 0 0 1 0 0 0 1 0 0 1 0 0 1 0 1 1 1 0 1 0 0 
0 0 1 1 0 0 1 0 0 1 1 1 0 1 0 0 1 1 0 0 0 0 1 1 1 1 1 1 1 1 1 1 0 0 1 1 0 0 1 0 0 0 1 0 0 1 0 0 1 0 1 1 1 0 1 0 0 
0 1 1 1 0 0 1 0 0 1 1 1 0 1 0 0 1 1 0 0 0 0 1 1 1 1 1 1 1 1 1 1 0 0 1 1 0 0 1 0 0 0 1 0 0 1 0 0 1 0 1 1 1 0 1 0 0 
0 1 1 1 0 0 1 0 0 1 1 1 0 1 0 0 1 1 0 0 0 0 1 1 1 1 1 1 1 1 1 1 0 0 1 1 0 0 1 0 0 0 1 0 0 1 0 0 1 0 1 1 1 1 1 0 0 
0 1 1 1 0 0 1 0 0 1 1 1 0 1 0 0 1 1 0 0 0 0 1 1 1 1 1 1 1 1 1 1 0 0 1 1 0 0 1 0 0 0 1 0 0 1 0 0 1 0 1 1 1 0 1 0 0 
0 1 1 1 0 0 1 0 0 1 1 1 0 1 0 0 1 1 0 0 0 0 1 1 1 1 1 1 1 1 1 1 0 0 1 1 0 0 1 0 0 0 1 0 0 1 0 0 1 0 1 1 1 0 1 1 0 

Unable to resolve collision between groups 0 and 2.
Merging groups 0 and 2.
Searching solution for merged group 0+2.
Open/close/exp size (steps): 43/50/43 (566)
Open/close/exp size (steps): 146/172/146 (688)
Open/close/exp size (steps): 218/319/218 (835)
Open/close/exp size (steps): 153/496/153 (1012)
Open/close/exp size (steps): 376/709/376 (1225)
Open/close/exp size (steps): 484/965/484 (1481)
Open/close/exp size (steps): 361/1273/361 (1789)
Open/close/exp size (steps): 409/1643/409 (2159)
Open/close/exp size (steps): 484/2087/484 (2603)
0 0 0 0 0 0 0 2 0 0 0 0 0 0 0 0 0 0 0 0 0 0 0 0 0 0 0 0 0 0 0 0 0 0 0 0 0 0 0 0 0 0 0 1 0 0 0 0 0 0 0 0 0 0 0 0 0 
0 0 0 0 0 0 0 0 0 0 0 0 0 0 2 0 0 0 0 0 0 0 0 0 0 0 0 0 0 0 0 0 0 0 0 0 0 0 0 0 0 0 1 0 0 0 0 0 0 0 0 0 0 0 0 0 0 
0 0 0 0 0 0 0 0 0 0 0 0 0 0 0 0 0 0 0 0 2 0 0 0 0 0 0 0 0 0 0 0 0 0 0 0 0 0 0 0 0 0 1 0 0 0 0 0 0 0 0 0 0 0 0 0 0 
0 0 0 0 0 0 0 0 0 0 0 0 0 0 0 0 0 0 0 0 0 0 0 0 0 0 0 0 2 0 0 0 0 0 0 0 0 0 0 0 0 0 1 0 0 0 0 0 0 0 0 0 0 0 0 0 0 
0 0 0 0 0 0 0 0 0 0 0 0 0 0 0 0 0 0 0 0 0 0 0 0 0 0 0 0 0 2 0 0 0 0 0 0 0 0 0 0 0 0 1 0 0 0 0 0 0 0 0 0 0 0 0 0 0 
0 0 0 0 0 0 0 0 0 0 0 0 0 0 0 0 0 0 0 0 0 0 0 0 0 0 0 0 0 0 2 0 0 0 0 0 0 0 0 0 0 0 1 0 0 0 0 0 0 0 0 0 0 0 0 0 0 
0 0 0 0 0 0 0 0 0 0 0 0 0 0 0 0 0 0 0 0 0 0 0 0 0 0 0 0 0 0 0 0 0 0 0 0 2 0 0 0 0 0 1 0 0 0 0 0 0 0 0 0 0 0 0 0 0 
0 0 0 0 0 0 0 0 0 0 0 0 0 0 0 0 0 0 0 0 0 0 0 0 0 0 0 0 0 0 0 0 0 0 0 0 0 0 0 0 0 0 1 0 2 0 0 0 0 0 0 0 0 0 0 0 0 

0 0 0 0 0 0 0 2 0 0 0 0 0 0 0 0 0 0 0 0 0 0 0 0 0 0 0 0 0 0 0 0 0 0 0 0 0 0 0 0 0 0 0 1 0 0 0 0 0 0 0 0 0 0 0 0 0 
0 0 0 0 0 0 0 0 0 0 0 0 0 0 2 0 0 0 0 0 0 0 0 0 0 0 0 0 0 0 0 0 0 0 0 0 0 0 0 0 0 0 1 0 0 0 0 0 0 0 0 0 0 0 0 0 0 
0 0 0 0 0 0 0 0 0 0 0 0 0 0 0 0 0 0 0 0 2 0 0 0 0 0 0 0 0 0 0 0 0 0 0 0 0 0 0 0 0 0 1 0 0 0 0 0 0 0 0 0 0 0 0 0 0 
0 0 0 0 0 0 0 0 0 0 0 0 0 0 0 0 0 0 0 0 0 0 0 0 0 0 0 0 2 0 0 0 0 0 0 0 0 0 0 0 0 0 1 0 0 0 0 0 0 0 0 0 0 0 0 0 0 
0 0 0 0 0 0 0 0 0 0 0 0 0 0 0 0 0 0 0 0 0 0 0 0 0 0 0 0 0 2 0 0 0 0 0 0 0 0 0 0 0 0 1 0 0 0 0 0 0 0 0 0 0 0 0 0 0 
0 0 0 0 0 0 0 0 0 0 0 0 0 0 0 0 0 0 0 0 0 0 0 0 0 0 0 0 0 0 2 0 0 0 0 0 0 0 0 0 0 0 1 0 0 0 0 0 0 0 0 0 0 0 0 0 0 
0 0 0 0 0 0 0 0 0 0 0 0 0 0 0 0 0 0 0 0 0 0 0 0 0 0 0 0 0 0 0 0 0 0 0 0 2 0 0 0 0 0 1 0 0 0 0 0 0 0 0 0 0 0 0 0 0 
0 0 0 0 0 0 0 0 0 0 0 0 0 0 0 0 0 0 0 0 0 0 0 0 0 0 0 0 0 0 0 0 0 0 0 0 0 0 0 0 0 0 1 0 2 0 0 0 0 0 0 0 0 0 0 0 0 
0 0 0 0 0 0 0 0 0 0 0 0 0 0 0 0 0 0 0 0 0 0 0 0 0 0 0 0 0 0 0 0 0 0 0 0 0 0 0 0 0 0 1 0 2 0 0 0 0 0 0 0 0 0 0 0 0 
0 0 0 0 0 0 0 0 0 0 0 0 0 0 0 0 0 0 0 0 0 0 0 0 0 0 0 0 0 0 0 0 0 0 0 0 0 0 0 0 0 0 1 0 2 0 0 0 0 0 0 0 0 0 0 0 0 
0 0 0 0 0 0 0 0 0 0 0 0 0 0 0 0 0 0 0 0 0 0 0 0 0 0 0 0 0 0 0 0 0 0 0 0 0 0 0 0 0 0 1 0 2 0 0 0 0 0 0 0 0 0 0 0 0 
0 0 0 0 0 0 0 0 0 0 0 0 0 0 0 0 0 0 0 0 0 0 0 0 0 0 0 0 0 0 0 0 0 0 0 0 0 0 0 0 0 0 1 0 2 0 0 0 0 0 0 0 0 0 0 0 0 
0 0 0 0 0 0 0 0 0 0 0 0 0 0 0 0 0 0 0 0 0 0 0 0 0 0 0 0 0 0 0 0 0 0 0 0 0 0 0 0 0 0 1 0 2 0 0 0 0 0 0 0 0 0 0 0 0 
0 0 0 0 0 0 0 0 0 0 0 0 0 0 0 0 0 0 0 0 0 0 0 0 0 0 0 0 0 0 0 0 0 0 0 0 0 0 0 0 0 0 1 0 2 0 0 0 0 0 0 0 0 0 0 0 0 

Groups 0 and 2 collide.
Solution of group 0
Mulirobot solution: (|moves| = 8, paralellism = 1.143) [
    Step 0: 1#43->42 2#7->14 
    Step 1: 2#14->20 
    Step 2: 2#20->28 
    Step 3: 2#28->29 
    Step 4: 2#29->30 
    Step 5: 2#30->36 
    Step 6: 2#36->44 
]
Solution of group 2
Mulirobot solution: (|moves| = 13, paralellism = 1.000) [
    Step 0: 1#0->7 
    Step 1: 1#7->14 
    Step 2: 1#14->20 
    Step 3: 1#20->28 
    Step 4: 1#28->35 
    Step 5: 1#35->42 
    Step 6: 1#42->43 
    Step 7: 1#43->50 
    Step 8: 1#50->51 
    Step 9: 1#51->52 
    Step 10: 1#52->53 
    Step 11: 1#53->54 
    Step 12: 1#54->55 
]
Occupation table complementary for group 0
1 1 1 0 0 0 0 0 0 0 0 1 1 1 0 1 1 1 1 1 0 0 1 1 1 0 0 0 1 1 0 1 1 1 1 0 0 0 1 0 1 0 0 0 0 1 1 1 1 0 1 0 1 0 1 0 1 
0 0 0 0 0 0 0 1 1 1 1 0 1 0 0 1 0 0 1 0 0 0 0 1 0 1 1 0 0 0 1 1 1 0 1 1 0 1 0 1 1 0 0 1 0 1 0 1 0 1 0 0 0 0 0 0 0 
0 1 0 0 0 0 0 0 0 0 1 1 0 1 1 1 1 1 0 0 0 1 0 1 1 1 1 0 0 0 1 1 0 1 1 0 1 1 1 1 0 0 1 0 1 0 0 0 1 0 0 0 0 0 0 0 0 
0 0 1 0 0 1 0 0 0 0 1 0 0 0 0 0 0 0 0 0 1 1 1 1 1 1 1 0 0 1 0 1 0 1 1 0 1 1 0 0 1 0 0 1 1 1 0 0 0 0 0 0 0 0 0 0 0 
0 0 1 0 0 0 1 0 0 1 1 0 0 0 0 0 0 1 1 1 0 0 1 1 0 1 1 0 1 1 1 1 1 0 1 0 1 0 0 0 0 0 1 0 0 1 0 0 0 0 1 1 0 0 0 0 0 
0 0 1 0 0 0 1 0 0 0 1 0 1 1 0 0 1 1 1 0 0 0 1 1 0 0 1 1 1 1 1 1 0 0 1 1 0 0 1 0 0 0 0 0 1 1 1 0 0 0 0 1 0 0 0 0 0 
0 0 1 0 0 0 1 0 0 0 1 1 1 0 0 0 1 1 0 1 0 0 1 1 1 0 1 1 1 1 1 1 0 0 1 1 0 1 1 0 0 0 1 1 0 1 0 1 0 0 0 1 1 0 0 0 0 
0 0 1 0 1 0 1 0 0 0 1 1 0 1 0 0 1 1 0 0 0 0 1 1 1 0 1 1 1 1 1 1 0 0 1 1 0 0 1 0 0 0 0 1 0 1 0 0 1 0 1 1 0 1 0 0 0 
0 0 1 1 1 0 1 0 0 0 1 0 1 0 0 0 1 1 0 0 0 0 1 1 1 1 1 1 1 1 1 1 0 0 1 1 0 0 1 0 0 0 0 0 0 1 0 0 1 0 1 1 1 0 1 0 0 
0 0 1 1 0 0 1 0 0 1 1 1 0 1 0 0 1 1 0 0 0 0 1 1 1 1 1 1 1 1 1 1 0 0 1 1 0 0 1 0 0 0 0 0 0 1 0 0 1 0 1 1 1 0 1 0 0 
0 1 1 1 0 0 1 0 0 1 1 1 0 1 0 0 1 1 0 0 0 0 1 1 1 1 1 1 1 1 1 1 0 0 1 1 0 0 1 0 0 0 0 0 0 1 0 0 1 0 1 1 1 0 1 0 0 
0 1 1 1 0 0 1 0 0 1 1 1 0 1 0 0 1 1 0 0 0 0 1 1 1 1 1 1 1 1 1 1 0 0 1 1 0 0 1 0 0 0 0 0 0 1 0 0 1 0 1 1 1 1 1 0 0 
0 1 1 1 0 0 1 0 0 1 1 1 0 1 0 0 1 1 0 0 0 0 1 1 1 1 1 1 1 1 1 1 0 0 1 1 0 0 1 0 0 0 0 0 0 1 0 0 1 0 1 1 1 0 1 0 0 
0 1 1 1 0 0 1 0 0 1 1 1 0 1 0 0 1 1 0 0 0 0 1 1 1 1 1 1 1 1 1 1 0 0 1 1 0 0 1 0 0 0 0 0 0 1 0 0 1 0 1 1 1 0 1 1 0 

Occupation table complementary for group 2
0 1 1 0 0 0 0 2 0 0 0 1 1 1 0 1 1 1 1 1 0 0 1 1 1 0 0 0 1 1 0 1 1 1 1 0 0 0 1 0 1 0 0 1 0 1 1 1 1 0 1 0 1 0 1 0 1 
0 0 0 0 0 0 0 0 1 1 1 0 1 0 2 1 0 0 1 0 0 0 0 1 0 1 1 0 0 0 1 1 1 0 1 1 0 1 0 1 1 0 1 1 0 1 0 1 0 1 0 0 0 0 0 0 0 
0 1 0 0 0 0 0 0 0 0 1 1 0 1 0 1 1 1 0 0 2 1 0 1 1 1 1 0 0 0 1 1 0 1 1 0 1 1 1 1 0 0 1 0 1 0 0 0 1 0 0 0 0 0 0 0 0 
0 0 1 0 0 1 0 0 0 0 1 0 0 0 0 0 0 0 0 0 0 1 1 1 1 1 1 0 2 1 0 1 0 1 1 0 1 1 0 0 1 0 1 1 1 1 0 0 0 0 0 0 0 0 0 0 0 
0 0 1 0 0 0 1 0 0 1 1 0 0 0 0 0 0 1 1 1 0 0 1 1 0 1 1 0 1 1 1 1 1 0 1 0 1 0 0 0 0 0 1 0 0 1 0 0 0 0 1 1 0 0 0 0 0 
0 0 1 0 0 0 1 0 0 0 1 0 1 1 0 0 1 1 1 0 0 0 1 1 0 0 1 1 1 1 1 1 0 0 terminate called after throwing an instance of 'St9bad_alloc'
  what():  std::bad_alloc
1 1 0 0 1 0 0 0 1 0 1 1 1 0 0 0 0 1 0 0 0 0 0 
0 0 1 0 0 0 1 0 0 0 1 1 1 0 0 0 1 1 0 1 0 0 1 1 1 0 1 1 1 1 1 1 0 0 1 1 2 1 1 0 0 0 1 1 0 1 0 1 0 0 0 1 1 0 0 0 0 
0 0 1 0 1 0 1 0 0 0 1 1 0 1 0 0 1 1 0 0 0 0 1 1 1 0 1 1 1 1 1 1 0 0 1 1 0 0 1 0 0 0 1 0 2 1 0 0 1 0 1 1 0 1 0 0 0 
0 0 1 1 1 0 1 0 0 0 1 0 1 0 0 0 1 1 0 0 0 0 1 1 1 1 1 1 1 1 1 1 0 0 1 1 0 0 1 0 0 0 1 0 2 1 0 0 1 0 1 1 1 0 1 0 0 
0 0 1 1 0 0 1 0 0 1 1 1 0 1 0 0 1 1 0 0 0 0 1 1 1 1 1 1 1 1 1 1 0 0 1 1 0 0 1 0 0 0 1 0 2 1 0 0 1 0 1 1 1 0 1 0 0 
0 1 1 1 0 0 1 0 0 1 1 1 0 1 0 0 1 1 0 0 0 0 1 1 1 1 1 1 1 1 1 1 0 0 1 1 0 0 1 0 0 0 1 0 2 1 0 0 1 0 1 1 1 0 1 0 0 
0 1 1 1 0 0 1 0 0 1 1 1 0 1 0 0 1 1 0 0 0 0 1 1 1 1 1 1 1 1 1 1 0 0 1 1 0 0 1 0 0 0 1 0 2 1 0 0 1 0 1 1 1 0 1 0 0 
0 1 1 1 0 0 1 0 0 1 1 1 0 1 0 0 1 1 0 0 0 0 1 1 1 1 1 1 1 1 1 1 0 0 1 1 0 0 1 0 0 0 1 0 2 1 0 0 1 0 1 1 1 0 1 0 0 
0 1 1 1 0 0 1 0 0 1 1 1 0 1 0 0 1 1 0 0 0 0 1 1 1 1 1 1 1 1 1 1 0 0 1 1 0 0 1 0 0 0 1 0 2 1 0 0 1 0 1 1 1 0 1 0 0 

** Open/close/exp size (steps): 1/1/1 (2)
** Open/close/exp size (steps): 7/4/7 (5)
** Open/close/exp size (steps): 14/8/14 (9)
** Open/close/exp size (steps): 12/13/12 (14)
** Open/close/exp size (steps): 10/19/10 (20)
** Open/close/exp size (steps): 3/27/3 (28)
Unable to resolve collision between groups 0 and 2.
Merging groups 0 and 2.
Searching solution for merged group 0+2.
Open/close/exp size (steps): 674/448/674 (3136)
Open/close/exp size (steps): 680/1088/680 (3776)
Open/close/exp size (steps): 928/1856/928 (4544)
Open/close/exp size (steps): 1654/2778/1654 (5466)
Open/close/exp size (steps): 3176/3885/3176 (6573)
Open/close/exp size (steps): 2052/5214/2052 (7902)
Open/close/exp size (steps): 2733/6809/2733 (9497)
Open/close/exp size (steps): 2631/8723/2631 (11411)
Open/close/exp size (steps): 3372/11020/3372 (13708)
Open/close/exp size (steps): 9402/13777/9402 (16465)
Open/close/exp size (steps): 7501/17086/7501 (19774)
Open/close/exp size (steps): 3852/21057/3852 (23745)
Open/close/exp size (steps): 11201/25823/11201 (28511)
Open/close/exp size (steps): 5481/31543/5481 (34231)
Open/close/exp size (steps): 14273/38407/14273 (41095)
Open/close/exp size (steps): 19079/46644/19079 (49332)
Open/close/exp size (steps): 9946/56529/9946 (59217)
Open/close/exp size (steps): 18488/68391/18488 (71079)
Open/close/exp size (steps): 5177/82626/5177 (85314)
Open/close/exp size (steps): 39688/99708/39688 (102396)
Open/close/exp size (steps): 24273/120207/24273 (122895)
Open/close/exp size (steps): 42312/144806/42312 (147494)
Open/close/exp size (steps): 20431/174325/20431 (177013)
Open/close/exp size (steps): 38868/209748/38868 (212436)
Open/close/exp size (steps): 100362/252256/100362 (254944)
Open/close/exp size (steps): 91441/303266/91441 (305954)
Open/close/exp size (steps): 74840/364478/74840 (367166)
Open/close/exp size (steps): 123901/437933/123901 (440621)
Open/close/exp size (steps): 105051/526079/105051 (528767)
Open/close/exp size (steps): 265757/631855/265757 (634543)
Aborted (core dumped)
