================================================================
reLOC 0.13-odaiba : Multirobot Solver
(C) Copyright 2016 Pavel Surynek
----------------------------------------------------------------
Reading graph...
Reading graph... FINISHED
Reading initial arrangement...
Reading initial arrangement... FINISHED.
Reading goal arrangement...
Reading goal arrangement... FINISHED.
Building instance...
Building instance... FINISHED.
Open/close/exp size (steps): 3/1/3 (2)
Open/close/exp size (steps): 12/4/12 (5)
Open/close/exp size (steps): 1/0/1 (9)
Open/close/exp size (steps): 8/2/8 (14)
Open/close/exp size (steps): 16/5/16 (20)
Open/close/exp size (steps): 28/13/28 (28)
Open/close/exp size (steps): 5/2/5 (38)
Open/close/exp size (steps): 1/0/1 (50)
Open/close/exp size (steps): 26/10/26 (65)
Open/close/exp size (steps): 1/0/1 (83)
Open/close/exp size (steps): 14/4/14 (105)
Open/close/exp size (steps): 15/4/15 (132)
Open/close/exp size (steps): 8/2/8 (165)
Open/close/exp size (steps): 20/6/20 (205)
Open/close/exp size (steps): 18/5/18 (253)
Open/close/exp size (steps): 11/3/11 (311)
0 0 0 0 0 0 0 0 0 0 0 0 1 0 0 0 0 0 0 0 0 0 0 0 0 0 0 0 0 0 0 0 0 0 0 0 0 0 0 0 0 0 0 0 0 0 0 0 0 0 
0 0 0 0 0 0 0 0 0 0 0 0 0 1 0 0 0 0 0 0 0 0 0 0 0 0 0 0 0 0 0 0 0 0 0 0 0 0 0 0 0 0 0 0 0 0 0 0 0 0 
0 0 0 0 0 0 0 0 0 0 0 0 0 0 1 0 0 0 0 0 0 0 0 0 0 0 0 0 0 0 0 0 0 0 0 0 0 0 0 0 0 0 0 0 0 0 0 0 0 0 
0 0 0 0 0 0 0 0 0 0 0 0 0 0 0 1 0 0 0 0 0 0 0 0 0 0 0 0 0 0 0 0 0 0 0 0 0 0 0 0 0 0 0 0 0 0 0 0 0 0 
0 0 0 0 0 0 0 1 0 0 0 0 0 0 0 0 0 0 0 0 0 0 0 0 0 0 0 0 0 0 0 0 0 0 0 0 0 0 0 0 0 0 0 0 0 0 0 0 0 0 
0 0 0 0 0 0 0 0 1 0 0 0 0 0 0 0 0 0 0 0 0 0 0 0 0 0 0 0 0 0 0 0 0 0 0 0 0 0 0 0 0 0 0 0 0 0 0 0 0 0 
0 0 0 0 0 0 0 0 0 1 0 0 0 0 0 0 0 0 0 0 0 0 0 0 0 0 0 0 0 0 0 0 0 0 0 0 0 0 0 0 0 0 0 0 0 0 0 0 0 0 
0 0 0 0 0 0 0 0 0 0 1 0 0 0 0 0 0 0 0 0 0 0 0 0 0 0 0 0 0 0 0 0 0 0 0 0 0 0 0 0 0 0 0 0 0 0 0 0 0 0 
0 0 0 1 0 0 0 0 0 0 0 0 0 0 0 0 0 0 0 0 0 0 0 0 0 0 0 0 0 0 0 0 0 0 0 0 0 0 0 0 0 0 0 0 0 0 0 0 0 0 

Groups 0 and 1 collide.
Solution of group 0
Mulirobot solution: (|moves| = 8, paralellism = 1.000) [
    Step 0: 1#12->13 
    Step 1: 1#13->14 
    Step 2: 1#14->15 
    Step 3: 1#15->7 
    Step 4: 1#7->8 
    Step 5: 1#8->9 
    Step 6: 1#9->10 
    Step 7: 1#10->3 
]
Solution of group 1
Mulirobot solution: (|moves| = 3, paralellism = 1.000) [
    Step 0: 1#8->7 
    Step 1: 1#7->15 
    Step 2: 1#15->14 
]
Occupation table complementary for group 0
0 1 1 1 0 1 1 1 1 1 1 1 0 1 1 0 1 1 1 1 1 0 1 1 1 1 1 0 1 1 1 1 0 1 1 1 0 0 1 0 1 1 0 1 1 1 1 1 0 0 
0 0 0 0 0 0 0 1 1 1 1 0 1 1 1 1 0 1 1 1 1 1 1 1 0 1 1 1 1 1 1 0 1 0 0 0 0 0 0 0 1 1 1 0 0 1 1 1 0 0 
0 0 0 0 0 0 0 1 0 1 0 1 0 1 1 1 1 1 0 1 1 1 1 1 1 1 1 1 0 1 0 0 1 0 0 1 0 0 0 0 1 1 1 0 0 0 1 1 0 0 
0 0 0 0 1 0 0 0 1 0 0 0 0 1 1 1 1 0 0 1 1 1 1 1 1 1 1 0 0 1 0 0 0 1 0 1 0 0 1 0 1 0 0 0 0 0 0 1 1 0 
0 0 1 0 1 0 0 0 0 1 0 0 1 0 1 1 1 1 0 1 1 1 0 1 1 0 0 1 0 1 1 0 1 0 1 1 0 0 0 1 1 0 0 0 0 0 0 1 0 1 
0 0 1 0 1 0 0 1 0 1 1 0 1 1 1 1 1 0 1 1 1 1 1 1 1 0 0 0 1 1 0 0 0 1 1 0 1 0 1 1 1 1 0 0 0 0 1 0 0 1 
0 0 1 0 1 0 1 0 1 1 0 1 1 0 1 1 1 0 1 1 1 1 1 1 1 0 0 0 1 1 0 0 0 1 1 1 0 0 0 1 0 1 1 0 0 0 1 1 0 1 
0 0 1 0 1 1 1 1 0 1 0 1 1 0 1 1 1 1 1 1 1 1 0 1 1 0 0 1 1 1 1 0 0 1 1 0 0 0 0 1 1 1 1 0 1 0 1 1 1 1 
0 1 1 0 1 1 1 1 0 1 1 1 1 0 1 1 1 1 1 1 1 1 0 1 1 0 1 0 1 1 1 0 0 1 1 0 0 0 0 1 0 1 1 0 0 1 1 1 1 1 
1 1 1 0 1 1 1 0 0 1 1 1 1 0 1 1 1 1 1 1 1 1 0 1 1 1 1 0 1 1 1 0 0 1 1 0 1 0 0 1 0 1 1 0 0 1 1 1 1 1 
1 1 1 0 1 1 1 0 0 1 1 1 1 0 1 1 1 1 1 1 1 1 0 1 1 1 1 0 1 1 1 0 0 1 1 0 1 0 0 1 0 1 1 0 0 1 1 1 1 1 
1 1 1 0 1 1 1 0 0 1 1 1 1 0 1 1 1 1 1 1 1 1 0 1 1 1 1 0 1 1 1 0 0 1 1 0 1 0 0 1 0 1 1 0 1 1 1 1 1 1 

Occupation table complementary for group 1
0 1 1 1 0 1 1 1 0 1 1 1 1 1 1 0 1 1 1 1 1 0 1 1 1 1 1 0 1 1 1 1 0 1 1 1 0 0 1 0 1 1 0 1 1 1 1 1 0 0 
0 0 0 0 0 0 0 1 1 1 1 0 1 1 1 1 0 1 1 1 1 1 1 1 0 1 1 1 1 1 1 0 1 0 0 0 0 0 0 0 1 1 1 0 0 1 1 1 0 0 
0 0 0 0 0 0 0 1 0 1 0 1 0 1 1 1 1 1 0 1 1 1 1 1 1 1 1 1 0 1 0 0 1 0 0 1 0 0 0 0 1 1 1 0 0 0 1 1 0 0 
0 0 0 0 1 0 0 0 1 0 0 0 0 1 1 1 1 0 0 1 1 1 1 1 1 1 1 0 0 1 0 0 0 1 0 1 0 0 1 0 1 0 0 0 0 0 0 1 1 0 
0 0 1 0 1 0 0 1 0 1 0 0 1 0 1 1 1 1 0 1 1 1 0 1 1 0 0 1 0 1 1 0 1 0 1 1 0 0 0 1 1 0 0 0 0 0 0 1 0 1 
0 0 1 0 1 0 0 1 1 1 1 0 1 1 0 1 1 0 1 1 1 1 1 1 1 0 0 0 1 1 0 0 0 1 1 0 1 0 1 1 1 1 0 0 0 0 1 0 0 1 
0 0 1 0 1 0 1 0 1 1 0 1 1 0 0 1 1 0 1 1 1 1 1 1 1 0 0 0 1 1 0 0 0 1 1 1 0 0 0 1 0 1 1 0 0 0 1 1 0 1 
0 0 1 0 1 1 1 1 0 1 1 1 1 0 0 1 1 1 1 1 1 1 0 1 1 0 0 1 1 1 1 0 0 1 1 0 0 0 0 1 1 1 1 0 1 0 1 1 1 1 
0 1 1 1 1 1 1 1 0 1 1 1 1 0 0 1 1 1 1 1 1 1 0 1 1 0 1 0 1 1 1 0 0 1 1 0 0 0 0 1 0 1 1 0 0 1 1 1 1 1 
1 1 1 1 1 1 1 0 0 1 1 1 1 0 0 1 1 1 1 1 1 1 0 1 1 1 1 0 1 1 1 0 0 1 1 0 1 0 0 1 0 1 1 0 0 1 1 1 1 1 
1 1 1 1 1 1 1 0 0 1 1 1 1 0 0 1 1 1 1 1 1 1 0 1 1 1 1 0 1 1 1 0 0 1 1 0 1 0 0 1 0 1 1 0 0 1 1 1 1 1 
1 1 1 1 1 1 1 0 0 1 1 1 1 0 0 1 1 1 1 1 1 1 0 1 1 1 1 0 1 1 1 0 0 1 1 0 1 0 0 1 0 1 1 0 1 1 1 1 1 1 

Unable to resolve collision between groups 0 and 1.
Merging groups 0 and 1.
Searching solution for merged group 0+1.
Open/close/exp size (steps): 92/63/92 (381)
Open/close/exp size (steps): 135/147/135 (465)
Open/close/exp size (steps): 147/248/147 (566)
Open/close/exp size (steps): 237/370/237 (688)
Open/close/exp size (steps): 366/517/366 (835)
Open/close/exp size (steps): 368/694/368 (1012)
Open/close/exp size (steps): 447/907/447 (1225)
Open/close/exp size (steps): 614/1163/614 (1481)
Open/close/exp size (steps): 664/1471/664 (1789)
Open/close/exp size (steps): 988/1841/988 (2159)
Open/close/exp size (steps): 1272/2285/1272 (2603)
Open/close/exp size (steps): 1300/2818/1300 (3136)
0 0 0 0 0 0 0 0 2 0 0 0 1 0 0 0 0 0 0 0 0 0 0 0 0 0 0 0 0 0 0 0 0 0 0 0 0 0 0 0 0 0 0 0 0 0 0 0 0 0 
0 0 0 0 0 0 0 2 0 0 0 0 0 1 0 0 0 0 0 0 0 0 0 0 0 0 0 0 0 0 0 0 0 0 0 0 0 0 0 0 0 0 0 0 0 0 0 0 0 0 
0 0 0 0 0 0 0 2 0 0 0 0 0 0 1 0 0 0 0 0 0 0 0 0 0 0 0 0 0 0 0 0 0 0 0 0 0 0 0 0 0 0 0 0 0 0 0 0 0 0 
0 2 0 0 0 0 0 0 0 0 0 0 0 0 0 1 0 0 0 0 0 0 0 0 0 0 0 0 0 0 0 0 0 0 0 0 0 0 0 0 0 0 0 0 0 0 0 0 0 0 
0 2 0 0 0 0 0 1 0 0 0 0 0 0 0 0 0 0 0 0 0 0 0 0 0 0 0 0 0 0 0 0 0 0 0 0 0 0 0 0 0 0 0 0 0 0 0 0 0 0 
0 2 0 0 0 0 0 0 1 0 0 0 0 0 0 0 0 0 0 0 0 0 0 0 0 0 0 0 0 0 0 0 0 0 0 0 0 0 0 0 0 0 0 0 0 0 0 0 0 0 
0 0 0 0 0 0 0 2 0 1 0 0 0 0 0 0 0 0 0 0 0 0 0 0 0 0 0 0 0 0 0 0 0 0 0 0 0 0 0 0 0 0 0 0 0 0 0 0 0 0 
0 0 0 0 0 0 0 0 0 0 1 0 0 0 0 2 0 0 0 0 0 0 0 0 0 0 0 0 0 0 0 0 0 0 0 0 0 0 0 0 0 0 0 0 0 0 0 0 0 0 
0 0 0 1 0 0 0 0 0 0 0 0 0 0 2 0 0 0 0 0 0 0 0 0 0 0 0 0 0 0 0 0 0 0 0 0 0 0 0 0 0 0 0 0 0 0 0 0 0 0 

0 0 0 0 0 0 0 0 2 0 0 0 1 0 0 0 0 0 0 0 0 0 0 0 0 0 0 0 0 0 0 0 0 0 0 0 0 0 0 0 0 0 0 0 0 0 0 0 0 0 
0 0 0 0 0 0 0 2 0 0 0 0 0 1 0 0 0 0 0 0 0 0 0 0 0 0 0 0 0 0 0 0 0 0 0 0 0 0 0 0 0 0 0 0 0 0 0 0 0 0 
0 0 0 0 0 0 0 2 0 0 0 0 0 0 1 0 0 0 0 0 0 0 0 0 0 0 0 0 0 0 0 0 0 0 0 0 0 0 0 0 0 0 0 0 0 0 0 0 0 0 
0 2 0 0 0 0 0 0 0 0 0 0 0 0 0 1 0 0 0 0 0 0 0 0 0 0 0 0 0 0 0 0 0 0 0 0 0 0 0 0 0 0 0 0 0 0 0 0 0 0 
0 2 0 0 0 0 0 1 0 0 0 0 0 0 0 0 0 0 0 0 0 0 0 0 0 0 0 0 0 0 0 0 0 0 0 0 0 0 0 0 0 0 0 0 0 0 0 0 0 0 
0 2 0 0 0 0 0 0 1 0 0 0 0 0 0 0 0 0 0 0 0 0 0 0 0 0 0 0 0 0 0 0 0 0 0 0 0 0 0 0 0 0 0 0 0 0 0 0 0 0 
0 0 0 0 0 0 0 2 0 1 0 0 0 0 0 0 0 0 0 0 0 0 0 0 0 0 0 0 0 0 0 0 0 0 0 0 0 0 0 0 0 0 0 0 0 0 0 0 0 0 
0 0 0 0 0 0 0 0 0 0 1 0 0 0 0 2 0 0 0 0 0 0 0 0 0 0 0 0 0 0 0 0 0 0 0 0 0 0 0 0 0 0 0 0 0 0 0 0 0 0 
0 0 0 1 0 0 0 0 0 0 0 0 0 0 2 0 0 0 0 0 0 0 0 0 0 0 0 0 0 0 0 0 0 0 0 0 0 0 0 0 0 0 0 0 0 0 0 0 0 0 

0 0 0 0 0 0 0 0 2 0 0 0 1 0 0 0 0 0 0 0 0 0 0 0 0 0 0 0 0 0 0 0 0 0 0 0 0 0 0 0 0 0 0 0 0 0 0 0 0 0 
0 0 0 0 0 0 0 2 0 0 0 0 0 1 0 0 0 0 0 0 0 0 0 0 0 0 0 0 0 0 0 0 0 0 0 0 0 0 0 0 0 0 0 0 0 0 0 0 0 0 
0 0 0 0 0 0 0 2 0 0 0 0 0 0 1 0 0 0 0 0 0 0 0 0 0 0 0 0 0 0 0 0 0 0 0 0 0 0 0 0 0 0 0 0 0 0 0 0 0 0 
0 2 0 0 0 0 0 0 0 0 0 0 0 0 0 1 0 0 0 0 0 0 0 0 0 0 0 0 0 0 0 0 0 0 0 0 0 0 0 0 0 0 0 0 0 0 0 0 0 0 
0 2 0 0 0 0 0 1 0 0 0 0 0 0 0 0 0 0 0 0 0 0 0 0 0 0 0 0 0 0 0 0 0 0 0 0 0 0 0 0 0 0 0 0 0 0 0 0 0 0 
0 2 0 0 0 0 0 0 1 0 0 0 0 0 0 0 0 0 0 0 0 0 0 0 0 0 0 0 0 0 0 0 0 0 0 0 0 0 0 0 0 0 0 0 0 0 0 0 0 0 
0 0 0 0 0 0 0 2 0 1 0 0 0 0 0 0 0 0 0 0 0 0 0 0 0 0 0 0 0 0 0 0 0 0 0 0 0 0 0 0 0 0 0 0 0 0 0 0 0 0 
0 0 0 0 0 0 0 0 0 0 1 0 0 0 0 2 0 0 0 0 0 0 0 0 0 0 0 0 0 0 0 0 0 0 0 0 0 0 0 0 0 0 0 0 0 0 0 0 0 0 
0 0 0 1 0 0 0 0 0 0 0 0 0 0 2 0 0 0 0 0 0 0 0 0 0 0 0 0 0 0 0 0 0 0 0 0 0 0 0 0 0 0 0 0 0 0 0 0 0 0 

0 0 0 0 0 0 0 0 2 0 0 0 1 0 0 0 0 0 0 0 0 0 0 0 0 0 0 0 0 0 0 0 0 0 0 0 0 0 0 0 0 0 0 0 0 0 0 0 0 0 
0 0 0 0 0 0 0 2 0 0 0 0 0 1 0 0 0 0 0 0 0 0 0 0 0 0 0 0 0 0 0 0 0 0 0 0 0 0 0 0 0 0 0 0 0 0 0 0 0 0 
0 0 0 0 0 0 0 2 0 0 0 0 0 0 1 0 0 0 0 0 0 0 0 0 0 0 0 0 0 0 0 0 0 0 0 0 0 0 0 0 0 0 0 0 0 0 0 0 0 0 
0 2 0 0 0 0 0 0 0 0 0 0 0 0 0 1 0 0 0 0 0 0 0 0 0 0 0 0 0 0 0 0 0 0 0 0 0 0 0 0 0 0 0 0 0 0 0 0 0 0 
0 2 0 0 0 0 0 1 0 0 0 0 0 0 0 0 0 0 0 0 0 0 0 0 0 0 0 0 0 0 0 0 0 0 0 0 0 0 0 0 0 0 0 0 0 0 0 0 0 0 
0 2 0 0 0 0 0 0 1 0 0 0 0 0 0 0 0 0 0 0 0 0 0 0 0 0 0 0 0 0 0 0 0 0 0 0 0 0 0 0 0 0 0 0 0 0 0 0 0 0 
0 0 0 0 0 0 0 2 0 1 0 0 0 0 0 0 0 0 0 0 0 0 0 0 0 0 0 0 0 0 0 0 0 0 0 0 0 0 0 0 0 0 0 0 0 0 0 0 0 0 
0 0 0 0 0 0 0 0 0 0 1 0 0 0 0 2 0 0 0 0 0 0 0 0 0 0 0 0 0 0 0 0 0 0 0 0 0 0 0 0 0 0 0 0 0 0 0 0 0 0 
0 0 0 1 0 0 0 0 0 0 0 0 0 0 2 0 0 0 0 0 0 0 0 0 0 0 0 0 0 0 0 0 0 0 0 0 0 0 0 0 0 0 0 0 0 0 0 0 0 0 

0 0 0 0 0 0 0 0 2 0 0 0 1 0 0 0 0 0 0 0 0 0 0 0 0 0 0 0 0 0 0 0 0 0 0 0 0 0 0 0 0 0 0 0 0 0 0 0 0 0 
0 0 0 0 0 0 0 2 0 0 0 0 0 1 0 0 0 0 0 0 0 0 0 0 0 0 0 0 0 0 0 0 0 0 0 0 0 0 0 0 0 0 0 0 0 0 0 0 0 0 
0 0 0 0 0 0 0 2 0 0 0 0 0 0 1 0 0 0 0 0 0 0 0 0 0 0 0 0 0 0 0 0 0 0 0 0 0 0 0 0 0 0 0 0 0 0 0 0 0 0 
0 2 0 0 0 0 0 0 0 0 0 0 0 0 0 1 0 0 0 0 0 0 0 0 0 0 0 0 0 0 0 0 0 0 0 0 0 0 0 0 0 0 0 0 0 0 0 0 0 0 
0 2 0 0 0 0 0 1 0 0 0 0 0 0 0 0 0 0 0 0 0 0 0 0 0 0 0 0 0 0 0 0 0 0 0 0 0 0 0 0 0 0 0 0 0 0 0 0 0 0 
0 2 0 0 0 0 0 0 1 0 0 0 0 0 0 0 0 0 0 0 0 0 0 0 0 0 0 0 0 0 0 0 0 0 0 0 0 0 0 0 0 0 0 0 0 0 0 0 0 0 
0 0 0 0 0 0 0 2 0 1 0 0 0 0 0 0 0 0 0 0 0 0 0 0 0 0 0 0 0 0 0 0 0 0 0 0 0 0 0 0 0 0 0 0 0 0 0 0 0 0 
0 0 0 0 0 0 0 0 0 0 1 0 0 0 0 2 0 0 0 0 0 0 0 0 0 0 0 0 0 0 0 0 0 0 0 0 0 0 0 0 0 0 0 0 0 0 0 0 0 0 
0 0 0 1 0 0 0 0 0 0 0 0 0 0 2 0 0 0 0 0 0 0 0 0 0 0 0 0 0 0 0 0 0 0 0 0 0 0 0 0 0 0 0 0 0 0 0 0 0 0 

0 0 0 0 0 0 0 0 2 0 0 0 1 0 0 0 0 0 0 0 0 0 0 0 0 0 0 0 0 0 0 0 0 0 0 0 0 0 0 0 0 0 0 0 0 0 0 0 0 0 
0 0 0 0 0 0 0 2 0 0 0 0 0 1 0 0 0 0 0 0 0 0 0 0 0 0 0 0 0 0 0 0 0 0 0 0 0 0 0 0 0 0 0 0 0 0 0 0 0 0 
0 0 0 0 0 0 0 2 0 0 0 0 0 0 1 0 0 0 0 0 0 0 0 0 0 0 0 0 0 0 0 0 0 0 0 0 0 0 0 0 0 0 0 0 0 0 0 0 0 0 
0 2 0 0 0 0 0 0 0 0 0 0 0 0 0 1 0 0 0 0 0 0 0 0 0 0 0 0 0 0 0 0 0 0 0 0 0 0 0 0 0 0 0 0 0 0 0 0 0 0 
0 2 0 0 0 0 0 1 0 0 0 0 0 0 0 0 0 0 0 0 0 0 0 0 0 0 0 0 0 0 0 0 0 0 0 0 0 0 0 0 0 0 0 0 0 0 0 0 0 0 
0 2 0 0 0 0 0 0 1 0 0 0 0 0 0 0 0 0 0 0 0 0 0 0 0 0 0 0 0 0 0 0 0 0 0 0 0 0 0 0 0 0 0 0 0 0 0 0 0 0 
0 0 0 0 0 0 0 2 0 1 0 0 0 0 0 0 0 0 0 0 0 0 0 0 0 0 0 0 0 0 0 0 0 0 0 0 0 0 0 0 0 0 0 0 0 0 0 0 0 0 
0 0 0 0 0 0 0 0 0 0 1 0 0 0 0 2 0 0 0 0 0 0 0 0 0 0 0 0 0 0 0 0 0 0 0 0 0 0 0 0 0 0 0 0 0 0 0 0 0 0 
0 0 0 1 0 0 0 0 0 0 0 0 0 0 2 0 0 0 0 0 0 0 0 0 0 0 0 0 0 0 0 0 0 0 0 0 0 0 0 0 0 0 0 0 0 0 0 0 0 0 

Groups 0 and 6 collide.
Solution of group 0
Mulirobot solution: (|moves| = 13, paralellism = 1.625) [
    Step 0: 1#12->13 2#8->7 
    Step 1: 1#13->14 
    Step 2: 1#14->15 2#7->1 
    Step 3: 1#15->7 
    Step 4: 1#7->8 
    Step 5: 1#8->9 2#1->7 
    Step 6: 1#9->10 2#7->15 
    Step 7: 1#10->3 2#15->14 
]
Solution of group 6
Mulirobot solution: (|moves| = 5, paralellism = 1.000) [
    Step 0: 1#2->8 
    Step 1: 1#8->9 
    Step 2: 1#9->16 
    Step 3: 1#16->17 
    Step 4: 1#17->18 
]
Occupation table complementary for group 0
0 1 1 1 0 1 1 1 0 1 1 1 0 1 1 0 1 1 1 1 1 0 1 1 1 1 1 0 1 1 1 1 0 1 1 1 0 0 1 0 1 1 0 1 1 1 1 1 0 0 
0 0 0 0 0 0 0 1 1 1 1 0 1 1 1 1 0 1 1 1 1 1 1 1 0 1 1 1 1 1 1 0 1 0 0 0 0 0 0 0 1 1 1 0 0 1 1 1 0 0 
0 0 0 0 0 0 0 1 0 1 0 1 0 1 1 1 1 1 0 1 1 1 1 1 1 1 1 1 0 1 0 0 1 0 0 1 0 0 0 0 1 1 1 0 0 0 1 1 0 0 
0 0 0 0 1 0 0 0 1 0 0 0 0 1 1 1 1 0 0 1 1 1 1 1 1 1 1 0 0 1 0 0 0 1 0 1 0 0 1 0 1 0 0 0 0 0 0 1 1 0 
0 0 1 0 1 0 0 0 0 1 0 0 1 0 1 1 1 1 0 1 1 1 0 1 1 0 0 1 0 1 1 0 1 0 1 1 0 0 0 1 1 0 0 0 0 0 0 1 0 1 
0 0 1 0 1 0 0 1 0 1 1 0 1 1 0 1 1 0 1 1 1 1 1 1 1 0 0 0 1 1 0 0 0 1 1 0 1 0 1 1 1 1 0 0 0 0 1 0 0 1 
0 0 1 0 1 0 1 0 1 1 0 1 1 0 0 1 1 0 1 1 1 1 1 1 1 0 0 0 1 1 0 0 0 1 1 1 0 0 0 1 0 1 1 0 0 0 1 1 0 1 
0 0 1 0 1 1 1 1 0 1 0 1 1 0 0 1 1 1 1 1 1 1 0 1 1 0 0 1 1 1 1 0 0 1 1 0 0 0 0 1 1 1 1 0 1 0 1 1 1 1 
0 1 1 0 1 1 1 1 0 1 1 1 1 0 0 1 1 1 1 1 1 1 0 1 1 0 1 0 1 1 1 0 0 1 1 0 0 0 0 1 0 1 1 0 0 1 1 1 1 1 
1 1 1 0 1 1 1 0 0 1 1 1 1 0 0 1 1 1 1 1 1 1 0 1 1 1 1 0 1 1 1 0 0 1 1 0 1 0 0 1 0 1 1 0 0 1 1 1 1 1 
1 1 1 0 1 1 1 0 0 1 1 1 1 0 0 1 1 1 1 1 1 1 0 1 1 1 1 0 1 1 1 0 0 1 1 0 1 0 0 1 0 1 1 0 0 1 1 1 1 1 
1 1 1 0 1 1 1 0 0 1 1 1 1 0 0 1 1 1 1 1 1 1 0 1 1 1 1 0 1 1 1 0 0 1 1 0 1 0 0 1 0 1 1 0 1 1 1 1 1 1 

Occupation table complementary for group 6
0 1 0 1 0 1 1 1 2 1 1 1 1 1 1 0 1 1 1 1 1 0 1 1 1 1 1 0 1 1 1 1 0 1 1 1 0 0 1 0 1 1 0 1 1 1 1 1 0 0 
0 0 0 0 0 0 0 1 1 1 1 0 1 1 1 1 0 1 1 1 1 1 1 1 0 1 1 1 1 1 1 0 1 0 0 0 0 0 0 0 1 1 1 0 0 1 1 1 0 0 
0 0 0 0 0 0 0 1 0 1 0 1 0 1 1 1 1 1 0 1 1 1 1 1 1 1 1 1 0 1 0 0 1 0 0 1 0 0 0 0 1 1 1 0 0 0 1 1 0 0 
0 2 0 0 1 0 0 0 1 0 0 0 0 1 1 1 1 0 0 1 1 1 1 1 1 1 1 0 0 1 0 0 0 1 0 1 0 0 1 0 1 0 0 0 0 0 0 1 1 0 
0 2 1 0 1 0 0 1 0 1 0 0 1 0 1 1 1 0 0 1 1 1 0 1 1 0 0 1 0 1 1 0 1 0 1 1 0 0 0 1 1 0 0 0 0 0 0 1 0 1 
0 2 1 0 1 0 0 1 1 1 1 0 1 1 0 1 1 0 0 1 1 1 1 1 1 0 0 0 1 1 0 0 0 1 1 0 1 0 1 1 1 1 0 0 0 0 1 0 0 1 
0 0 1 0 1 0 1 2 1 1 0 1 1 0 0 1 1 0 0 1 1 1 1 1 1 0 0 0 1 1 0 0 0 1 1 1 0 0 0 1 0 1 1 0 0 0 1 1 0 1 
0 0 1 0 1 1 1 1 0 1 1 1 1 0 0 1 1 1 0 1 1 1 0 1 1 0 0 1 1 1 1 0 0 1 1 0 0 0 0 1 1 1 1 0 1 0 1 1 1 1 
0 1 1 1 1 1 1 1 0 1 1 1 1 0 2 1 1 1 0 1 1 1 0 1 1 0 1 0 1 1 1 0 0 1 1 0 0 0 0 1 0 1 1 0 0 1 1 1 1 1 
1 1 1 1 1 1 1 0 0 1 1 1 1 0 2 1 1 1 0 1 1 1 0 1 1 1 1 0 1 1 1 0 0 1 1 0 1 0 0 1 0 1 1 0 0 1 1 1 1 1 
1 1 1 1 1 1 1 0 0 1 1 1 1 0 2 1 1 1 0 1 1 1 0 1 1 1 1 0 1 1 1 0 0 1 1 0 1 0 0 1 0 1 1 0 0 1 1 1 1 1 
1 1 1 1 1 1 1 0 0 1 1 1 1 0 2 1 1 1 0 1 1 1 0 1 1 1 1 0 1 1 1 0 0 1 1 0 1 0 0 1 0 1 1 0 1 1 1 1 1 1 

** Open/close/exp size (steps): 1/1/1 (2)
Unable to resolve collision between groups 0 and 6.
Merging groups 0 and 6.
Searching solution for merged group 0+6.
Open/close/exp size (steps): 729/634/729 (3776)
Open/close/exp size (steps): 851/1402/851 (4544)
Open/close/exp size (steps): 1546/2324/1546 (5466)
Open/close/exp size (steps): 1504/3431/1504 (6573)
Open/close/exp size (steps): 2109/4760/2109 (7902)
Open/close/exp size (steps): 2599/6355/2599 (9497)
Open/close/exp size (steps): 4656/8269/4656 (11411)
Open/close/exp size (steps): 5555/10566/5555 (13708)
Open/close/exp size (steps): 4797/13323/4797 (16465)
Open/close/exp size (steps): 8723/16632/8723 (19774)
Open/close/exp size (steps): 10487/20603/10487 (23745)
Open/close/exp size (steps): 12021/25369/12021 (28511)
Open/close/exp size (steps): 13456/31089/13456 (34231)
Open/close/exp size (steps): 19545/37953/19545 (41095)
Open/close/exp size (steps): 29387/46190/29387 (49332)
Open/close/exp size (steps): 25953/56075/25953 (59217)
Open/close/exp size (steps): 35730/67937/35730 (71079)
Open/close/exp size (steps): 45361/82172/45361 (85314)
Open/close/exp size (steps): 56032/99254/56032 (102396)
Open/close/exp size (steps): 72529/119753/72529 (122895)
Open/close/exp size (steps): 77454/144352/77454 (147494)
Open/close/exp size (steps): 68496/173871/68496 (177013)
0 0 3 0 0 0 0 0 2 0 0 0 1 0 0 0 0 0 0 0 0 0 0 0 0 0 0 0 0 0 0 0 0 0 0 0 0 0 0 0 0 0 0 0 0 0 0 0 0 0 
0 0 3 0 0 0 0 2 0 0 0 0 0 1 0 0 0 0 0 0 0 0 0 0 0 0 0 0 0 0 0 0 0 0 0 0 0 0 0 0 0 0 0 0 0 0 0 0 0 0 
0 0 0 0 0 0 0 2 3 0 0 0 0 0 1 0 0 0 0 0 0 0 0 0 0 0 0 0 0 0 0 0 0 0 0 0 0 0 0 0 0 0 0 0 0 0 0 0 0 0 
0 2 0 0 0 0 0 0 0 3 0 0 0 0 0 1 0 0 0 0 0 0 0 0 0 0 0 0 0 0 0 0 0 0 0 0 0 0 0 0 0 0 0 0 0 0 0 0 0 0 
0 2 0 0 0 0 0 1 0 0 0 0 0 0 0 0 3 0 0 0 0 0 0 0 0 0 0 0 0 0 0 0 0 0 0 0 0 0 0 0 0 0 0 0 0 0 0 0 0 0 
0 2 0 0 0 0 0 0 1 0 0 0 0 0 0 0 0 3 0 0 0 0 0 0 0 0 0 0 0 0 0 0 0 0 0 0 0 0 0 0 0 0 0 0 0 0 0 0 0 0 
0 0 0 0 0 0 0 2 0 1 0 0 0 0 0 0 0 0 3 0 0 0 0 0 0 0 0 0 0 0 0 0 0 0 0 0 0 0 0 0 0 0 0 0 0 0 0 0 0 0 
0 0 0 0 0 0 0 0 0 0 1 0 0 0 0 2 0 0 3 0 0 0 0 0 0 0 0 0 0 0 0 0 0 0 0 0 0 0 0 0 0 0 0 0 0 0 0 0 0 0 
0 0 0 1 0 0 0 0 0 0 0 0 0 0 2 0 0 0 3 0 0 0 0 0 0 0 0 0 0 0 0 0 0 0 0 0 0 0 0 0 0 0 0 0 0 0 0 0 0 0 

0 0 3 0 0 0 0 0 2 0 0 0 1 0 0 0 0 0 0 0 0 0 0 0 0 0 0 0 0 0 0 0 0 0 0 0 0 0 0 0 0 0 0 0 0 0 0 0 0 0 
0 0 3 0 0 0 0 2 0 0 0 0 0 1 0 0 0 0 0 0 0 0 0 0 0 0 0 0 0 0 0 0 0 0 0 0 0 0 0 0 0 0 0 0 0 0 0 0 0 0 
0 0 0 0 0 0 0 2 3 0 0 0 0 0 1 0 0 0 0 0 0 0 0 0 0 0 0 0 0 0 0 0 0 0 0 0 0 0 0 0 0 0 0 0 0 0 0 0 0 0 
0 2 0 0 0 0 0 0 0 3 0 0 0 0 0 1 0 0 0 0 0 0 0 0 0 0 0 0 0 0 0 0 0 0 0 0 0 0 0 0 0 0 0 0 0 0 0 0 0 0 
0 2 0 0 0 0 0 1 0 0 0 0 0 0 0 0 3 0 0 0 0 0 0 0 0 0 0 0 0 0 0 0 0 0 0 0 0 0 0 0 0 0 0 0 0 0 0 0 0 0 
0 2 0 0 0 0 0 0 1 0 0 0 0 0 0 0 0 3 0 0 0 0 0 0 0 0 0 0 0 0 0 0 0 0 0 0 0 0 0 0 0 0 0 0 0 0 0 0 0 0 
0 0 0 0 0 0 0 2 0 1 0 0 0 0 0 0 0 0 3 0 0 0 0 0 0 0 0 0 0 0 0 0 0 0 0 0 0 0 0 0 0 0 0 0 0 0 0 0 0 0 
0 0 0 0 0 0 0 0 0 0 1 0 0 0 0 2 0 0 3 0 0 0 0 0 0 0 0 0 0 0 0 0 0 0 0 0 0 0 0 0 0 0 0 0 0 0 0 0 0 0 
0 0 0 1 0 0 0 0 0 0 0 0 0 0 2 0 0 0 3 0 0 0 0 0 0 0 0 0 0 0 0 0 0 0 0 0 0 0 0 0 0 0 0 0 0 0 0 0 0 0 

Groups 0 and 2 collide.
Solution of group 0
Mulirobot solution: (|moves| = 18, paralellism = 2.250) [
    Step 0: 1#12->13 2#8->7 
    Step 1: 1#13->14 3#2->8 
    Step 2: 1#14->15 2#7->1 3#8->9 
    Step 3: 1#15->7 3#9->16 
    Step 4: 1#7->8 3#16->17 
    Step 5: 1#8->9 2#1->7 3#17->18 
    Step 6: 1#9->10 2#7->15 
    Step 7: 1#10->3 2#15->14 
]
Solution of group 2
Mulirobot solution: (|moves| = 3, paralellism = 1.000) [
    Step 0: 1#20->21 
    Step 1: 1#21->22 
    Step 2: 1#22->16 
]
Occupation table complementary for group 0
0 1 0 1 0 1 1 1 0 1 1 1 0 1 1 0 1 1 1 1 1 0 1 1 1 1 1 0 1 1 1 1 0 1 1 1 0 0 1 0 1 1 0 1 1 1 1 1 0 0 
0 0 0 0 0 0 0 1 1 1 1 0 1 1 1 1 0 1 1 1 1 1 1 1 0 1 1 1 1 1 1 0 1 0 0 0 0 0 0 0 1 1 1 0 0 1 1 1 0 0 
0 0 0 0 0 0 0 1 0 1 0 1 0 1 1 1 1 1 0 1 1 1 1 1 1 1 1 1 0 1 0 0 1 0 0 1 0 0 0 0 1 1 1 0 0 0 1 1 0 0 
0 0 0 0 1 0 0 0 1 0 0 0 0 1 1 1 1 0 0 1 1 1 1 1 1 1 1 0 0 1 0 0 0 1 0 1 0 0 1 0 1 0 0 0 0 0 0 1 1 0 
0 0 1 0 1 0 0 0 0 1 0 0 1 0 1 1 1 0 0 1 1 1 0 1 1 0 0 1 0 1 1 0 1 0 1 1 0 0 0 1 1 0 0 0 0 0 0 1 0 1 
0 0 1 0 1 0 0 1 0 1 1 0 1 1 0 1 1 0 0 1 1 1 1 1 1 0 0 0 1 1 0 0 0 1 1 0 1 0 1 1 1 1 0 0 0 0 1 0 0 1 
0 0 1 0 1 0 1 0 1 1 0 1 1 0 0 1 1 0 0 1 1 1 1 1 1 0 0 0 1 1 0 0 0 1 1 1 0 0 0 1 0 1 1 0 0 0 1 1 0 1 
0 0 1 0 1 1 1 1 0 1 0 1 1 0 0 1 1 1 0 1 1 1 0 1 1 0 0 1 1 1 1 0 0 1 1 0 0 0 0 1 1 1 1 0 1 0 1 1 1 1 
0 1 1 0 1 1 1 1 0 1 1 1 1 0 0 1 1 1 0 1 1 1 0 1 1 0 1 0 1 1 1 0 0 1 1 0 0 0 0 1 0 1 1 0 0 1 1 1 1 1 
1 1 1 0 1 1 1 0 0 1 1 1 1 0 0 1 1 1 0 1 1 1 0 1 1 1 1 0 1 1 1 0 0 1 1 0 1 0 0 1 0 1 1 0 0 1 1 1 1 1 
1 1 1 0 1 1 1 0 0 1 1 1 1 0 0 1 1 1 0 1 1 1 0 1 1 1 1 0 1 1 1 0 0 1 1 0 1 0 0 1 0 1 1 0 0 1 1 1 1 1 
1 1 1 0 1 1 1 0 0 1 1 1 1 0 0 1 1 1 0 1 1 1 0 1 1 1 1 0 1 1 1 0 0 1 1 0 1 0 0 1 0 1 1 0 1 1 1 1 1 1 

Occupation table complementary for group 2
0 1 3 1 0 1 1 1 2 1 1 1 1 1 1 0 1 1 1 1 0 0 1 1 1 1 1 0 1 1 1 1 0 1 1 1 0 0 1 0 1 1 0 1 1 1 1 1 0 0 
0 0 3 0 0 0 0 1 1 1 1 0 1 1 1 1 0 1 1 1 1 1 1 1 0 1 1 1 1 1 1 0 1 0 0 0 0 0 0 0 1 1 1 0 0 1 1 1 0 0 
0 0 0 0 0 0 0 1 3 1 0 1 0 1 1 1 1 1 0 1 1 1 1 1 1 1 1 1 0 1 0 0 1 0 0 1 0 0 0 0 1 1 1 0 0 0 1 1 0 0 
0 2 0 0 1 0 0 0 1 3 0 0 0 1 1 1 1 0 0 1 1 1 1 1 1 1 1 0 0 1 0 0 0 1 0 1 0 0 1 0 1 0 0 0 0 0 0 1 1 0 
0 2 1 0 1 0 0 1 0 1 0 0 1 0 1 1 1 0 0 1 1 1 0 1 1 0 0 1 0 1 1 0 1 0 1 1 0 0 0 1 1 0 0 0 0 0 0 1 0 1 
0 2 1 0 1 0 0 1 1 1 1 0 1 1 0 1 0 3 0 1 1 1 1 1 1 0 0 0 1 1 0 0 0 1 1 0 1 0 1 1 1 1 0 0 0 0 1 0 0 1 
0 0 1 0 1 0 1 2 1 1 0 1 1 0 0 1 1 0 3 1 1 1 1 1 1 0 0 0 1 1 0 0 0 1 1 1 0 0 0 1 0 1 1 0 0 0 1 1 0 1 
0 0 1 0 1 1 1 1 0 1 1 1 1 0 0 1 0 1 3 1 1 1 0 1 1 0 0 1 1 1 1 0 0 1 1 0 0 0 0 1 1 1 1 0 1 0 1 1 1 1 
0 1 1 1 1 1 1 1 0 1 1 1 1 0 2 1 0 1 3 1 1 1 0 1 1 0 1 0 1 1 1 0 0 1 1 0 0 0 0 1 0 1 1 0 0 1 1 1 1 1 
1 1 1 1 1 1 1 0 0 1 1 1 1 0 2 1 0 1 3 1 1 1 0 1 1 1 1 0 1 1 1 0 0 1 1 0 1 0 0 1 0 1 1 0 0 1 1 1 1 1 
1 1 1 1 1 1 1 0 0 1 1 1 1 0 2 1 0 1 3 1 1 1 0 1 1 1 1 0 1 1 1 0 0 1 1 0 1 0 0 1 0 1 1 0 0 1 1 1 1 1 
1 1 1 1 1 1 1 0 0 1 1 1 1 0 2 1 0 1 3 1 1 1 0 1 1 1 1 0 1 1 1 0 0 1 1 0 1 0 0 1 0 1 1 0 1 1 1 1 1 1 

Unable to resolve collision between groups 0 and 2.
Merging groups 0 and 2.
Searching solution for merged group 0+2.
Open/close/exp size (steps): 23747/24323/23747 (212436)
Open/close/exp size (steps): 36410/66831/36410 terminate called after throwing an instance of 'std::bad_alloc'
  what():  std::bad_alloc
(254944)
Open/close/exp size (steps): 51591/117841/51591 (305954)
Open/close/exp size (steps): 123951/179053/123951 (367166)
Open/close/exp size (steps): 120874/252508/120874 (440621)
Open/close/exp size (steps): 184571/340654/184571 (528767)
Open/close/exp size (steps): 117864/446430/117864 (634543)
Open/close/exp size (steps): 272815/573362/272815 (761475)
Aborted (core dumped)
