================================================================
reLOC 0.13-odaiba : Multirobot Solver
(C) Copyright 2016 Pavel Surynek
----------------------------------------------------------------
Reading graph...
Reading graph... FINISHED
Reading initial arrangement...
Reading initial arrangement... FINISHED.
Reading goal arrangement...
Reading goal arrangement... FINISHED.
Building instance...
Building instance... FINISHED.
Open/close/exp size (steps): 4/1/4 (2)
Open/close/exp size (steps): 16/4/16 (5)
Open/close/exp size (steps): 22/8/22 (9)
Open/close/exp size (steps): 36/13/36 (14)
Open/close/exp size (steps): 12/3/12 (20)
Open/close/exp size (steps): 15/4/15 (28)
Open/close/exp size (steps): 29/9/29 (38)
Open/close/exp size (steps): 50/21/50 (50)
Open/close/exp size (steps): 16/4/16 (65)
Open/close/exp size (steps): 20/6/20 (83)
Open/close/exp size (steps): 64/28/64 (105)
Open/close/exp size (steps): 20/5/20 (132)
Open/close/exp size (steps): 1/0/1 (165)
Open/close/exp size (steps): 57/27/57 (205)
Open/close/exp size (steps): 56/25/56 (253)
0 0 0 0 0 0 0 0 0 0 0 0 0 0 0 0 0 0 0 0 0 0 0 0 0 0 0 0 0 1 0 0 0 0 0 0 0 0 0 0 0 0 0 0 0 0 0 0 0 0 0 0 0 0 0 0 0 
0 0 0 0 0 0 0 0 0 0 0 0 0 0 0 0 0 0 0 0 0 1 0 0 0 0 0 0 0 0 0 0 0 0 0 0 0 0 0 0 0 0 0 0 0 0 0 0 0 0 0 0 0 0 0 0 0 
0 0 0 0 0 0 0 0 0 0 0 0 0 0 0 0 0 0 0 0 0 0 1 0 0 0 0 0 0 0 0 0 0 0 0 0 0 0 0 0 0 0 0 0 0 0 0 0 0 0 0 0 0 0 0 0 0 
0 0 0 0 0 0 0 0 0 0 0 0 0 0 0 0 0 0 0 0 0 0 0 1 0 0 0 0 0 0 0 0 0 0 0 0 0 0 0 0 0 0 0 0 0 0 0 0 0 0 0 0 0 0 0 0 0 
0 0 0 0 0 0 0 0 0 0 0 0 0 0 0 0 0 0 0 0 0 0 0 0 1 0 0 0 0 0 0 0 0 0 0 0 0 0 0 0 0 0 0 0 0 0 0 0 0 0 0 0 0 0 0 0 0 
0 0 0 0 0 0 0 0 0 0 0 0 0 0 0 0 0 0 0 0 0 0 0 0 0 1 0 0 0 0 0 0 0 0 0 0 0 0 0 0 0 0 0 0 0 0 0 0 0 0 0 0 0 0 0 0 0 
0 0 0 0 0 0 0 0 0 0 0 0 0 0 0 0 0 0 1 0 0 0 0 0 0 0 0 0 0 0 0 0 0 0 0 0 0 0 0 0 0 0 0 0 0 0 0 0 0 0 0 0 0 0 0 0 0 
0 0 0 0 0 0 0 0 0 0 0 0 0 0 0 0 0 0 0 1 0 0 0 0 0 0 0 0 0 0 0 0 0 0 0 0 0 0 0 0 0 0 0 0 0 0 0 0 0 0 0 0 0 0 0 0 0 

Groups 0 and 1 collide.
Solution of group 0
Mulirobot solution: (|moves| = 7, paralellism = 1.000) [
    Step 0: 1#29->21 
    Step 1: 1#21->22 
    Step 2: 1#22->23 
    Step 3: 1#23->24 
    Step 4: 1#24->25 
    Step 5: 1#25->18 
    Step 6: 1#18->19 
]
Solution of group 1
Mulirobot solution: (|moves| = 7, paralellism = 1.000) [
    Step 0: 1#2->9 
    Step 1: 1#9->16 
    Step 2: 1#16->22 
    Step 3: 1#22->30 
    Step 4: 1#30->36 
    Step 5: 1#36->44 
    Step 6: 1#44->51 
]
Occupation table complementary for group 0
1 1 1 0 0 0 0 0 0 0 0 1 1 0 0 0 1 1 1 1 0 0 1 1 1 0 0 0 1 0 0 1 0 0 1 0 0 0 1 0 1 0 0 0 0 1 1 0 0 0 1 0 1 0 1 0 1 
0 0 0 0 0 0 0 1 1 1 1 1 1 1 0 0 1 1 0 0 0 0 1 1 0 0 0 0 0 1 0 0 1 1 1 0 0 1 1 0 0 0 0 1 0 1 0 1 0 1 0 0 0 0 0 0 0 
0 0 0 0 0 1 0 0 0 1 1 1 0 0 1 0 1 1 0 0 0 0 1 0 1 0 1 0 0 0 1 1 1 0 0 0 0 1 0 1 0 0 1 0 0 0 0 0 1 0 0 0 0 0 0 0 0 
0 0 1 0 0 0 1 0 0 1 1 1 0 0 0 0 1 0 0 1 1 0 1 1 1 0 0 0 0 0 1 1 1 1 0 1 0 0 0 0 0 0 0 0 0 0 0 0 1 0 0 0 0 0 0 0 0 
0 0 0 1 0 0 1 0 1 1 0 1 0 1 0 1 0 1 0 0 0 0 1 1 0 1 0 0 1 0 1 1 1 0 0 0 0 0 0 0 0 0 0 0 0 0 0 0 1 0 0 0 0 0 0 0 0 
0 0 0 1 0 0 1 1 0 1 1 1 1 0 0 1 1 1 0 0 0 0 1 1 1 0 0 0 0 1 1 1 1 0 0 1 1 0 0 0 0 0 0 0 0 0 0 0 1 0 0 0 0 0 0 0 0 
0 0 0 1 0 0 1 1 0 1 1 1 0 1 0 1 0 0 1 0 0 0 1 1 0 0 0 0 0 1 1 1 1 0 0 0 0 0 0 0 0 0 1 0 1 0 0 0 1 0 0 0 0 0 0 0 0 
0 0 0 1 0 0 1 1 0 1 1 1 1 1 1 1 0 1 1 0 0 0 1 1 0 0 0 0 0 1 1 1 1 0 0 0 0 0 0 0 0 0 1 1 0 0 0 0 1 0 0 1 0 0 0 0 0 
0 0 1 1 0 0 1 1 0 1 0 1 1 1 1 1 1 0 1 0 0 0 1 1 0 0 0 0 0 1 1 1 1 0 0 0 0 0 0 0 0 0 1 0 0 0 0 0 1 0 1 1 0 0 0 0 0 
0 1 0 1 0 0 1 1 1 1 0 1 1 1 1 1 1 0 1 0 0 0 1 1 0 0 0 0 0 1 1 1 1 0 0 0 0 0 0 0 0 0 1 0 0 0 0 0 1 0 1 1 0 0 0 0 0 
1 0 0 1 0 0 1 1 1 1 0 1 1 1 1 1 1 0 1 0 0 0 1 1 0 0 0 0 0 1 1 1 1 0 0 0 0 0 0 0 0 0 1 0 0 0 0 0 1 0 1 1 0 0 0 0 0 

Occupation table complementary for group 1
1 1 0 0 0 0 0 0 0 0 0 1 1 0 0 0 1 1 1 1 0 0 1 1 1 0 0 0 1 1 0 1 0 0 1 0 0 0 1 0 1 0 0 0 0 1 1 0 0 0 1 0 1 0 1 0 1 
0 0 0 0 0 0 0 1 1 0 1 1 1 1 0 0 1 1 0 0 0 1 1 1 0 0 0 0 0 1 0 0 1 1 1 0 0 1 1 0 0 0 0 1 0 1 0 1 0 1 0 0 0 0 0 0 0 
0 0 0 0 0 1 0 0 0 1 1 1 0 0 1 0 0 1 0 0 0 0 1 0 1 0 1 0 0 0 1 1 1 0 0 0 0 1 0 1 0 0 1 0 0 0 0 0 1 0 0 0 0 0 0 0 0 
0 0 1 0 0 0 1 0 0 1 1 1 0 0 0 0 1 0 0 1 1 0 1 1 1 0 0 0 0 0 1 1 1 1 0 1 0 0 0 0 0 0 0 0 0 0 0 0 1 0 0 0 0 0 0 0 0 
0 0 0 1 0 0 1 0 1 1 0 1 0 1 0 1 0 1 0 0 0 0 1 1 1 1 0 0 1 0 1 1 1 0 0 0 0 0 0 0 0 0 0 0 0 0 0 0 1 0 0 0 0 0 0 0 0 
0 0 0 1 0 0 1 1 0 1 1 1 1 0 0 1 1 1 0 0 0 0 1 1 1 1 0 0 0 1 1 1 1 0 0 1 1 0 0 0 0 0 0 0 0 0 0 0 1 0 0 0 0 0 0 0 0 
0 0 0 1 0 0 1 1 0 1 1 1 0 1 0 1 0 0 1 0 0 0 1 1 0 0 0 0 0 1 1 1 1 0 0 0 0 0 0 0 0 0 1 0 1 0 0 0 1 0 0 0 0 0 0 0 0 
0 0 0 1 0 0 1 1 0 1 1 1 1 1 1 1 0 1 1 1 0 0 1 1 0 0 0 0 0 1 1 1 1 0 0 0 0 0 0 0 0 0 1 1 0 0 0 0 1 0 0 0 0 0 0 0 0 
0 0 1 1 0 0 1 1 0 1 0 1 1 1 1 1 1 0 1 1 0 0 1 1 0 0 0 0 0 1 1 1 1 0 0 0 0 0 0 0 0 0 1 0 0 0 0 0 1 0 1 0 0 0 0 0 0 
0 1 0 1 0 0 1 1 1 1 0 1 1 1 1 1 1 0 1 1 0 0 1 1 0 0 0 0 0 1 1 1 1 0 0 0 0 0 0 0 0 0 1 0 0 0 0 0 1 0 1 0 0 0 0 0 0 
1 0 0 1 0 0 1 1 1 1 0 1 1 1 1 1 1 0 1 1 0 0 1 1 0 0 0 0 0 1 1 1 1 0 0 0 0 0 0 0 0 0 1 0 0 0 0 0 1 0 1 0 0 0 0 0 0 

** Open/close/exp size (steps): 2/1/2 (2)
** Open/close/exp size (steps): 4/4/4 (5)
** Open/close/exp size (steps): 3/8/3 (9)
Unable to resolve collision between groups 0 and 1.
Merging groups 0 and 1.
Searching solution for merged group 0+1.
Open/close/exp size (steps): 38/10/38 (311)
Open/close/exp size (steps): 138/80/138 (381)
Open/close/exp size (steps): 246/164/246 (465)
Open/close/exp size (steps): 381/265/381 (566)
Open/close/exp size (steps): 373/387/373 (688)
Open/close/exp size (steps): 581/534/581 (835)
Open/close/exp size (steps): 537/711/537 (1012)
Open/close/exp size (steps): 838/924/838 (1225)
Open/close/exp size (steps): 863/1180/863 (1481)
0 0 2 0 0 0 0 0 0 0 0 0 0 0 0 0 0 0 0 0 0 0 0 0 0 0 0 0 0 1 0 0 0 0 0 0 0 0 0 0 0 0 0 0 0 0 0 0 0 0 0 0 0 0 0 0 0 
0 0 0 0 0 0 0 0 0 2 0 0 0 0 0 0 0 0 0 0 0 0 0 0 0 0 0 0 0 0 1 0 0 0 0 0 0 0 0 0 0 0 0 0 0 0 0 0 0 0 0 0 0 0 0 0 0 
0 0 0 0 0 0 0 0 0 0 0 0 0 0 0 0 2 0 0 0 0 0 0 0 0 0 0 0 0 0 0 1 0 0 0 0 0 0 0 0 0 0 0 0 0 0 0 0 0 0 0 0 0 0 0 0 0 
0 0 0 0 0 0 0 0 0 0 0 0 0 0 0 0 0 0 0 0 0 0 2 1 0 0 0 0 0 0 0 0 0 0 0 0 0 0 0 0 0 0 0 0 0 0 0 0 0 0 0 0 0 0 0 0 0 
0 0 0 0 0 0 0 0 0 0 0 0 0 0 0 0 0 0 0 0 0 0 0 0 1 0 0 0 0 0 2 0 0 0 0 0 0 0 0 0 0 0 0 0 0 0 0 0 0 0 0 0 0 0 0 0 0 
0 0 0 0 0 0 0 0 0 0 0 0 0 0 0 0 0 0 0 0 0 0 0 0 0 1 0 0 0 0 0 0 0 0 0 0 2 0 0 0 0 0 0 0 0 0 0 0 0 0 0 0 0 0 0 0 0 
0 0 0 0 0 0 0 0 0 0 0 0 0 0 0 0 0 0 1 0 0 0 0 0 0 0 0 0 0 0 0 0 0 0 0 0 0 0 0 0 0 0 0 0 2 0 0 0 0 0 0 0 0 0 0 0 0 
0 0 0 0 0 0 0 0 0 0 0 0 0 0 0 0 0 0 0 1 0 0 0 0 0 0 0 0 0 0 0 0 0 0 0 0 0 0 0 0 0 0 0 0 0 0 0 0 0 0 0 2 0 0 0 0 0 

0 0 2 0 0 0 0 0 0 0 0 0 0 0 0 0 0 0 0 0 0 0 0 0 0 0 0 0 0 1 0 0 0 0 0 0 0 0 0 0 0 0 0 0 0 0 0 0 0 0 0 0 0 0 0 0 0 
0 0 0 0 0 0 0 0 0 2 0 0 0 0 0 0 0 0 0 0 0 0 0 0 0 0 0 0 0 0 1 0 0 0 0 0 0 0 0 0 0 0 0 0 0 0 0 0 0 0 0 0 0 0 0 0 0 
0 0 0 0 0 0 0 0 0 0 0 0 0 0 0 0 2 0 0 0 0 0 0 0 0 0 0 0 0 0 0 1 0 0 0 0 0 0 0 0 0 0 0 0 0 0 0 0 0 0 0 0 0 0 0 0 0 
0 0 0 0 0 0 0 0 0 0 0 0 0 0 0 0 0 0 0 0 0 0 2 1 0 0 0 0 0 0 0 0 0 0 0 0 0 0 0 0 0 0 0 0 0 0 0 0 0 0 0 0 0 0 0 0 0 
0 0 0 0 0 0 0 0 0 0 0 0 0 0 0 0 0 0 0 0 0 0 0 0 1 0 0 0 0 0 2 0 0 0 0 0 0 0 0 0 0 0 0 0 0 0 0 0 0 0 0 0 0 0 0 0 0 
0 0 0 0 0 0 0 0 0 0 0 0 0 0 0 0 0 0 0 0 0 0 0 0 0 1 0 0 0 0 0 0 0 0 0 0 2 0 0 0 0 0 0 0 0 0 0 0 0 0 0 0 0 0 0 0 0 
0 0 0 0 0 0 0 0 0 0 0 0 0 0 0 0 0 0 1 0 0 0 0 0 0 0 0 0 0 0 0 0 0 0 0 0 0 0 0 0 0 0 0 0 2 0 0 0 0 0 0 0 0 0 0 0 0 
0 0 0 0 0 0 0 0 0 0 0 0 0 0 0 0 0 0 0 1 0 0 0 0 0 0 0 0 0 0 0 0 0 0 0 0 0 0 0 0 0 0 0 0 0 0 0 0 0 0 0 2 0 0 0 0 0 

Groups 0 and 2 collide.
Solution of group 0
Mulirobot solution: (|moves| = 14, paralellism = 2.000) [
    Step 0: 1#29->30 2#2->9 
    Step 1: 1#30->31 2#9->16 
    Step 2: 1#31->23 2#16->22 
    Step 3: 1#23->24 2#22->30 
    Step 4: 1#24->25 2#30->36 
    Step 5: 1#25->18 2#36->44 
    Step 6: 1#18->19 2#44->51 
]
Solution of group 2
Mulirobot solution: (|moves| = 4, paralellism = 1.000) [
    Step 0: 1#24->23 
    Step 1: 1#23->17 
    Step 2: 1#17->16 
    Step 3: 1#16->15 
]
Occupation table complementary for group 0
1 1 0 0 0 0 0 0 0 0 0 1 1 0 0 0 1 1 1 1 0 0 1 1 1 0 0 0 1 0 0 1 0 0 1 0 0 0 1 0 1 0 0 0 0 1 1 0 0 0 1 0 1 0 1 0 1 
0 0 0 0 0 0 0 1 1 0 1 1 1 1 0 0 1 1 0 0 0 0 1 1 0 0 0 0 0 1 0 0 1 1 1 0 0 1 1 0 0 0 0 1 0 1 0 1 0 1 0 0 0 0 0 0 0 
0 0 0 0 0 1 0 0 0 1 1 1 0 0 1 0 0 1 0 0 0 0 1 0 1 0 1 0 0 0 1 1 1 0 0 0 0 1 0 1 0 0 1 0 0 0 0 0 1 0 0 0 0 0 0 0 0 
0 0 1 0 0 0 1 0 0 1 1 1 0 0 0 0 1 0 0 1 1 0 1 1 1 0 0 0 0 0 1 1 1 1 0 1 0 0 0 0 0 0 0 0 0 0 0 0 1 0 0 0 0 0 0 0 0 
0 0 0 1 0 0 1 0 1 1 0 1 0 1 0 1 0 1 0 0 0 0 1 1 0 1 0 0 1 0 1 1 1 0 0 0 0 0 0 0 0 0 0 0 0 0 0 0 1 0 0 0 0 0 0 0 0 
0 0 0 1 0 0 1 1 0 1 1 1 1 0 0 1 1 1 0 0 0 0 1 1 1 0 0 0 0 1 1 1 1 0 0 1 1 0 0 0 0 0 0 0 0 0 0 0 1 0 0 0 0 0 0 0 0 
0 0 0 1 0 0 1 1 0 1 1 1 0 1 0 1 0 0 1 0 0 0 1 1 0 0 0 0 0 1 1 1 1 0 0 0 0 0 0 0 0 0 1 0 1 0 0 0 1 0 0 0 0 0 0 0 0 
0 0 0 1 0 0 1 1 0 1 1 1 1 1 1 1 0 1 1 0 0 0 1 1 0 0 0 0 0 1 1 1 1 0 0 0 0 0 0 0 0 0 1 1 0 0 0 0 1 0 0 0 0 0 0 0 0 
0 0 1 1 0 0 1 1 0 1 0 1 1 1 1 1 1 0 1 0 0 0 1 1 0 0 0 0 0 1 1 1 1 0 0 0 0 0 0 0 0 0 1 0 0 0 0 0 1 0 1 0 0 0 0 0 0 
0 1 0 1 0 0 1 1 1 1 0 1 1 1 1 1 1 0 1 0 0 0 1 1 0 0 0 0 0 1 1 1 1 0 0 0 0 0 0 0 0 0 1 0 0 0 0 0 1 0 1 0 0 0 0 0 0 
1 0 0 1 0 0 1 1 1 1 0 1 1 1 1 1 1 0 1 0 0 0 1 1 0 0 0 0 0 1 1 1 1 0 0 0 0 0 0 0 0 0 1 0 0 0 0 0 1 0 1 0 0 0 0 0 0 

Occupation table complementary for group 2
1 1 2 0 0 0 0 0 0 0 0 1 1 0 0 0 1 1 1 1 0 0 1 1 0 0 0 0 1 1 0 1 0 0 1 0 0 0 1 0 1 0 0 0 0 1 1 0 0 0 1 0 1 0 1 0 1 
0 0 0 0 0 0 0 1 1 2 1 1 1 1 0 0 1 1 0 0 0 0 1 1 0 0 0 0 0 1 1 0 1 1 1 0 0 1 1 0 0 0 0 1 0 1 0 1 0 1 0 0 0 0 0 0 0 
0 0 0 0 0 1 0 0 0 1 1 1 0 0 1 0 2 1 0 0 0 0 1 0 1 0 1 0 0 0 1 1 1 0 0 0 0 1 0 1 0 0 1 0 0 0 0 0 1 0 0 0 0 0 0 0 0 
0 0 1 0 0 0 1 0 0 1 1 1 0 0 0 0 0 0 0 1 1 0 1 1 1 0 0 0 0 0 1 1 1 1 0 1 0 0 0 0 0 0 0 0 0 0 0 0 1 0 0 0 0 0 0 0 0 
0 0 0 1 0 0 1 0 1 1 0 1 0 1 0 0 0 1 0 0 0 0 1 1 1 1 0 0 1 0 1 1 1 0 0 0 0 0 0 0 0 0 0 0 0 0 0 0 1 0 0 0 0 0 0 0 0 
0 0 0 1 0 0 1 1 0 1 1 1 1 0 0 0 1 1 0 0 0 0 1 1 1 1 0 0 0 1 1 1 1 0 0 1 1 0 0 0 0 0 0 0 0 0 0 0 1 0 0 0 0 0 0 0 0 
0 0 0 1 0 0 1 1 0 1 1 1 0 1 0 1 0 0 1 0 0 0 1 1 0 0 0 0 0 1 1 1 1 0 0 0 0 0 0 0 0 0 1 0 1 0 0 0 1 0 0 0 0 0 0 0 0 
0 0 0 1 0 0 1 1 0 1 1 1 1 1 1 0 0 1 1 1 0 0 1 1 0 0 0 0 0 1 1 1 1 0 0 0 0 0 0 0 0 0 1 1 0 0 0 0 1 0 0 2 0 0 0 0 0 
0 0 1 1 0 0 1 1 0 1 0 1 1 1 1 0 1 0 1 1 0 0 1 1 0 0 0 0 0 1 1 1 1 0 0 0 0 0 0 0 0 0 1 0 0 0 0 0 1 0 1 2 0 0 0 0 0 
0 1 0 1 0 0 1 1 1 1 0 1 1 1 1 0 1 0 1 1 0 0 1 1 0 0 0 0 0 1 1 1 1 0 0 0 0 0 0 0 0 0 1 0 0 0 0 0 1 0 1 2 0 0 0 0 0 
1 0 0 1 0 0 1 1 1 1 0 1 1 1 1 0 1 0 1 1 0 0 1 1 0 0 0 0 0 1 1 1 1 0 0 0 0 0 0 0 0 0 1 0 0 0 0 0 1 0 1 2 0 0 0 0 0 

** Open/close/exp size (steps): 1/1/1 (14)
** Open/close/exp size (steps): 1/7/1 (20)
** Open/close/exp size (steps): 8/15/8 (28)
** Open/close/exp size (steps): 6/25/6 (38)
** Open/close/exp size (steps): 2/37/2 (50)
Unable to resolve collision between groups 0 and 2.
Merging groups 0 and 2.
Searching solution for merged group 0+2.
Open/close/exp size (steps): 790/288/790 (1789)
Open/close/exp size (steps): 1320/658/1320 (2159)
Open/close/exp size (steps): 1981/1102/1981 (2603)
Open/close/exp size (steps): 3248/1635/3248 (3136)
Open/close/exp size (steps): 4303/2275/4303 (3776)
Open/close/exp size (steps): 5212/3043/5212 (4544)
Open/close/exp size (steps): 6136/3965/6136 (5466)
Open/close/exp size (steps): 7409/5072/7409 (6573)
Open/close/exp size (steps): 8738/6401/8738 (7902)
Open/close/exp size (steps): 10354/7996/10354 (9497)
Open/close/exp size (steps): 12170/9910/12170 (11411)
Open/close/exp size (steps): 13456/12207/13456 (13708)
Open/close/exp size (steps): 16992/14964/16992 (16465)
Open/close/exp size (steps): 22127/18273/22127 (19774)
Open/close/exp size (steps): 28846/22244/28846 (23745)
Open/close/exp size (steps): 34267/27010/34267 (28511)
Open/close/exp size (steps): 34674/32730/34674 (34231)
Open/close/exp size (steps): 53674/39594/53674 (41095)
Open/close/exp size (steps): 53456/47831/53456 (49332)
Open/close/exp size (steps): 53486/57716/53486 (59217)
Open/close/exp size (steps): 46491/69578/46491 (71079)
Open/close/exp size (steps): 43787/83813/43787 (85314)
Open/close/exp size (steps): 40436/100895/40436 (102396)
Open/close/exp size (steps): 59591/121394/59591 (122895)
Open/close/exp size (steps): 85556/145993/85556 (147494)
Open/close/exp size (steps): 138374/175512/138374 (177013)
Open/close/exp size (steps): 117140/210935/117140 (212436)
Open/close/exp size (steps): 123536/253443/123536 (254944)
Open/close/exp size (steps): 155612/304453/155612 (305954)
Open/close/exp size (steps): 211476/365665/211476 (367166)
Open/close/exp size (steps): 293153/439120/293153 (440621)
Open/close/exp size (steps): 242872/527266/242872 (528767)
0 0 2 0 0 0 0 0 0 0 0 0 0 0 0 0 0 0 0 0 0 0 0 0 3 0 0 0 0 1 0 0 0 0 0 0 0 0 0 0 0 0 0 0 0 0 0 0 0 0 0 0 0 0 0 0 0 
0 0 0 0 0 0 0 0 0 2 0 0 0 0 0 0 0 0 0 0 0 0 0 3 0 0 0 0 0 0 1 0 0 0 0 0 0 0 0 0 0 0 0 0 0 0 0 0 0 0 0 0 0 0 0 0 0 
0 0 0 0 0 0 0 0 0 0 0 0 0 0 0 0 2 3 0 0 0 0 0 0 0 0 0 0 0 0 0 1 0 0 0 0 0 0 0 0 0 0 0 0 0 0 0 0 0 0 0 0 0 0 0 0 0 
0 0 0 0 0 0 0 0 0 0 0 0 0 0 0 0 0 3 0 0 0 0 2 1 0 0 0 0 0 0 0 0 0 0 0 0 0 0 0 0 0 0 0 0 0 0 0 0 0 0 0 0 0 0 0 0 0 
0 0 0 0 0 0 0 0 0 0 0 0 0 0 0 0 0 3 0 0 0 0 0 0 1 0 0 0 0 0 2 0 0 0 0 0 0 0 0 0 0 0 0 0 0 0 0 0 0 0 0 0 0 0 0 0 0 
0 0 0 0 0 0 0 0 0 0 0 0 0 0 0 0 0 3 0 0 0 0 0 0 0 1 0 0 0 0 0 0 0 0 0 0 2 0 0 0 0 0 0 0 0 0 0 0 0 0 0 0 0 0 0 0 0 
0 0 0 0 0 0 0 0 0 0 0 0 0 0 0 0 3 0 1 0 0 0 0 0 0 0 0 0 0 0 0 0 0 0 0 0 0 0 0 0 0 0 0 0 2 0 0 0 0 0 0 0 0 0 0 0 0 
0 0 0 0 0 0 0 0 0 0 0 0 0 0 0 3 0 0 0 1 0 0 0 0 0 0 0 0 0 0 0 0 0 0 0 0 0 0 0 0 0 0 0 0 0 0 0 0 0 0 0 2 0 0 0 0 0 

0 0 2 0 0 0 0 0 0 0 0 0 0 0 0 0 0 0 0 0 0 0 0 0 3 0 0 0 0 1 0 0 0 0 0 0 0 0 0 0 0 0 0 0 0 0 0 0 0 0 0 0 0 0 0 0 0 
0 0 0 0 0 0 0 0 0 2 0 0 0 0 0 0 0 0 0 0 0 0 0 3 0 0 0 0 0 0 1 0 0 0 0 0 0 0 0 0 0 0 0 0 0 0 0 0 0 0 0 0 0 0 0 0 0 
0 0 0 0 0 0 0 0 0 0 0 0 0 0 0 0 2 3 0 0 0 0 0 0 0 0 0 0 0 0 0 1 0 0 0 0 0 0 0 0 0 0 0 0 0 0 0 0 0 0 0 0 0 0 0 0 0 
0 0 0 0 0 0 0 0 0 0 0 0 0 0 0 0 0 3 0 0 0 0 2 1 0 0 0 0 0 0 0 0 0 0 0 0 0 0 0 0 0 0 0 0 0 0 0 0 0 0 0 0 0 0 0 0 0 
0 0 0 0 0 0 0 0 0 0 0 0 0 0 0 0 0 3 0 0 0 0 0 0 1 0 0 0 0 0 2 0 0 0 0 0 0 0 0 0 0 0 0 0 0 0 0 0 0 0 0 0 0 0 0 0 0 
0 0 0 0 0 0 0 0 0 0 0 0 0 0 0 0 0 3 0 0 0 0 0 0 0 1 0 0 0 0 0 0 0 0 0 0 2 0 0 0 0 0 0 0 0 0 0 0 0 0 0 0 0 0 0 0 0 
0 0 0 0 0 0 0 0 0 0 0 0 0 0 0 0 3 0 1 0 0 0 0 0 0 0 0 0 0 0 0 0 0 0 0 0 0 0 0 0 0 0 0 0 2 0 0 0 0 0 0 0 0 0 0 0 0 
0 0 0 0 0 0 0 0 0 0 0 0 0 0 0 3 0 0 0 1 0 0 0 0 0 0 0 0 0 0 0 0 0 0 0 0 0 0 0 0 0 0 0 0 0 0 0 0 0 0 0 2 0 0 0 0 0 

Groups 0 and 2 collide.
Solution of group 0
Mulirobot solution: (|moves| = 18, paralellism = 2.571) [
    Step 0: 1#29->30 2#2->9 3#24->23 
    Step 1: 1#30->31 2#9->16 3#23->17 
    Step 2: 1#31->23 2#16->22 
    Step 3: 1#23->24 2#22->30 
    Step 4: 1#24->25 2#30->36 
    Step 5: 1#25->18 2#36->44 3#17->16 
    Step 6: 1#18->19 2#44->51 3#16->15 
]
Solution of group 2
Mulirobot solution: (|moves| = 6, paralellism = 1.000) [
    Step 0: 1#1->8 
    Step 1: 1#8->9 
    Step 2: 1#9->10 
    Step 3: 1#10->11 
    Step 4: 1#11->12 
    Step 5: 1#12->18 
]
Occupation table complementary for group 0
1 1 0 0 0 0 0 0 0 0 0 1 1 0 0 0 1 1 1 1 0 0 1 1 0 0 0 0 1 0 0 1 0 0 1 0 0 0 1 0 1 0 0 0 0 1 1 0 0 0 1 0 1 0 1 0 1 
0 0 0 0 0 0 0 1 1 0 1 1 1 1 0 0 1 1 0 0 0 0 1 1 0 0 0 0 0 1 0 0 1 1 1 0 0 1 1 0 0 0 0 1 0 1 0 1 0 1 0 0 0 0 0 0 0 
0 0 0 0 0 1 0 0 0 1 1 1 0 0 1 0 0 1 0 0 0 0 1 0 1 0 1 0 0 0 1 1 1 0 0 0 0 1 0 1 0 0 1 0 0 0 0 0 1 0 0 0 0 0 0 0 0 
0 0 1 0 0 0 1 0 0 1 1 1 0 0 0 0 0 0 0 1 1 0 1 1 1 0 0 0 0 0 1 1 1 1 0 1 0 0 0 0 0 0 0 0 0 0 0 0 1 0 0 0 0 0 0 0 0 
0 0 0 1 0 0 1 0 1 1 0 1 0 1 0 0 0 1 0 0 0 0 1 1 0 1 0 0 1 0 1 1 1 0 0 0 0 0 0 0 0 0 0 0 0 0 0 0 1 0 0 0 0 0 0 0 0 
0 0 0 1 0 0 1 1 0 1 1 1 1 0 0 0 1 1 0 0 0 0 1 1 1 0 0 0 0 1 1 1 1 0 0 1 1 0 0 0 0 0 0 0 0 0 0 0 1 0 0 0 0 0 0 0 0 
0 0 0 1 0 0 1 1 0 1 1 1 0 1 0 1 0 0 1 0 0 0 1 1 0 0 0 0 0 1 1 1 1 0 0 0 0 0 0 0 0 0 1 0 1 0 0 0 1 0 0 0 0 0 0 0 0 
0 0 0 1 0 0 1 1 0 1 1 1 1 1 1 0 0 1 1 0 0 0 1 1 0 0 0 0 0 1 1 1 1 0 0 0 0 0 0 0 0 0 1 1 0 0 0 0 1 0 0 0 0 0 0 0 0 
0 0 1 1 0 0 1 1 0 1 0 1 1 1 1 0 1 0 1 0 0 0 1 1 0 0 0 0 0 1 1 1 1 0 0 0 0 0 0 0 0 0 1 0 0 0 0 0 1 0 1 0 0 0 0 0 0 
0 1 0 1 0 0 1 1 1 1 0 1 1 1 1 0 1 0 1 0 0 0 1 1 0 0 0 0 0 1 1 1 1 0 0 0 0 0 0 0 0 0 1 0 0 0 0 0 1 0 1 0 0 0 0 0 0 terminate called after throwing an instance of 'St9bad_alloc'
  what():  std::bad_alloc

1 0 0 1 0 0 1 1 1 1 0 1 1 1 1 0 1 0 1 0 0 0 1 1 0 0 0 0 0 1 1 1 1 0 0 0 0 0 0 0 0 0 1 0 0 0 0 0 1 0 1 0 0 0 0 0 0 

Occupation table complementary for group 2
1 0 2 0 0 0 0 0 0 0 0 1 1 0 0 0 1 1 1 1 0 0 1 1 3 0 0 0 1 1 0 1 0 0 1 0 0 0 1 0 1 0 0 0 0 1 1 0 0 0 1 0 1 0 1 0 1 
0 0 0 0 0 0 0 1 0 2 1 1 1 1 0 0 1 1 0 0 0 0 1 1 0 0 0 0 0 1 1 0 1 1 1 0 0 1 1 0 0 0 0 1 0 1 0 1 0 1 0 0 0 0 0 0 0 
0 0 0 0 0 1 0 0 0 1 1 1 0 0 1 0 2 1 0 0 0 0 1 0 1 0 1 0 0 0 1 1 1 0 0 0 0 1 0 1 0 0 1 0 0 0 0 0 1 0 0 0 0 0 0 0 0 
0 0 1 0 0 0 1 0 0 1 1 1 0 0 0 0 0 3 0 1 1 0 1 1 1 0 0 0 0 0 1 1 1 1 0 1 0 0 0 0 0 0 0 0 0 0 0 0 1 0 0 0 0 0 0 0 0 
0 0 0 1 0 0 1 0 1 1 0 1 0 1 0 0 0 1 0 0 0 0 1 1 1 1 0 0 1 0 1 1 1 0 0 0 0 0 0 0 0 0 0 0 0 0 0 0 1 0 0 0 0 0 0 0 0 
0 0 0 1 0 0 1 1 0 1 1 1 1 0 0 0 1 1 0 0 0 0 1 1 1 1 0 0 0 1 1 1 1 0 0 1 1 0 0 0 0 0 0 0 0 0 0 0 1 0 0 0 0 0 0 0 0 
0 0 0 1 0 0 1 1 0 1 1 1 0 1 0 1 3 0 1 0 0 0 1 1 0 0 0 0 0 1 1 1 1 0 0 0 0 0 0 0 0 0 1 0 1 0 0 0 1 0 0 0 0 0 0 0 0 
0 0 0 1 0 0 1 1 0 1 1 1 1 1 1 3 0 1 0 1 0 0 1 1 0 0 0 0 0 1 1 1 1 0 0 0 0 0 0 0 0 0 1 1 0 0 0 0 1 0 0 2 0 0 0 0 0 
0 0 1 1 0 0 1 1 0 1 0 1 1 1 1 3 1 0 0 1 0 0 1 1 0 0 0 0 0 1 1 1 1 0 0 0 0 0 0 0 0 0 1 0 0 0 0 0 1 0 1 2 0 0 0 0 0 
0 1 0 1 0 0 1 1 1 1 0 1 1 1 1 3 1 0 0 1 0 0 1 1 0 0 0 0 0 1 1 1 1 0 0 0 0 0 0 0 0 0 1 0 0 0 0 0 1 0 1 2 0 0 0 0 0 
1 0 0 1 0 0 1 1 1 1 0 1 1 1 1 3 1 0 0 1 0 0 1 1 0 0 0 0 0 1 1 1 1 0 0 0 0 0 0 0 0 0 1 0 0 0 0 0 1 0 1 2 0 0 0 0 0 

** Open/close/exp size (steps): 6/13/6 (65)
Unable to resolve collision between groups 0 and 2.
Merging groups 0 and 2.
Searching solution for merged group 0+2.
Open/close/exp size (steps): 33155/38924/33155 (634543)
Open/close/exp size (steps): 156884/165856/156884 (761475)
Open/close/exp size (steps): 225101/318175/225101 (913794)
Aborted (core dumped)
