================================================================
reLOC 0.13-odaiba : Multirobot Solver
(C) Copyright 2016 Pavel Surynek
----------------------------------------------------------------
Reading graph...
Reading graph... FINISHED
Reading initial arrangement...
Reading initial arrangement... FINISHED.
Reading goal arrangement...
Reading goal arrangement... FINISHED.
Building instance...
Building instance... FINISHED.
Open/close/exp size (steps): 5/1/5 (2)
Open/close/exp size (steps): 1/0/1 (5)
Open/close/exp size (steps): 15/4/15 (9)
Open/close/exp size (steps): 23/9/23 (14)
Open/close/exp size (steps): 5/1/5 (20)
Open/close/exp size (steps): 7/2/7 (28)
Open/close/exp size (steps): 13/3/13 (38)
Open/close/exp size (steps): 24/8/24 (50)
Open/close/exp size (steps): 15/6/15 (65)
Open/close/exp size (steps): 13/3/13 (83)
Open/close/exp size (steps): 1/0/1 (105)
Open/close/exp size (steps): 18/6/18 (132)
Open/close/exp size (steps): 19/6/19 (165)
Open/close/exp size (steps): 26/9/26 (205)
Open/close/exp size (steps): 4/1/4 (253)
0 0 0 0 0 0 0 0 1 0 0 0 0 0 0 0 0 0 0 0 0 0 0 0 0 0 0 0 0 0 0 0 0 0 0 0 0 0 0 0 0 0 0 0 0 0 0 0 0 0 0 0 0 
0 0 0 0 0 0 0 1 0 0 0 0 0 0 0 0 0 0 0 0 0 0 0 0 0 0 0 0 0 0 0 0 0 0 0 0 0 0 0 0 0 0 0 0 0 0 0 0 0 0 0 0 0 
0 0 0 0 0 0 0 0 0 0 0 0 0 0 1 0 0 0 0 0 0 0 0 0 0 0 0 0 0 0 0 0 0 0 0 0 0 0 0 0 0 0 0 0 0 0 0 0 0 0 0 0 0 
0 0 0 0 0 0 0 0 0 0 0 0 0 1 0 0 0 0 0 0 0 0 0 0 0 0 0 0 0 0 0 0 0 0 0 0 0 0 0 0 0 0 0 0 0 0 0 0 0 0 0 0 0 
0 0 0 0 0 0 0 0 0 0 0 0 0 1 0 0 0 0 0 0 0 0 0 0 0 0 0 0 0 0 0 0 0 0 0 0 0 0 0 0 0 0 0 0 0 0 0 0 0 0 0 0 0 
0 0 0 0 0 0 0 0 0 0 0 0 0 1 0 0 0 0 0 0 0 0 0 0 0 0 0 0 0 0 0 0 0 0 0 0 0 0 0 0 0 0 0 0 0 0 0 0 0 0 0 0 0 
0 0 0 0 0 0 0 0 0 0 0 0 0 1 0 0 0 0 0 0 0 0 0 0 0 0 0 0 0 0 0 0 0 0 0 0 0 0 0 0 0 0 0 0 0 0 0 0 0 0 0 0 0 
0 0 0 0 0 0 0 0 0 0 0 0 0 1 0 0 0 0 0 0 0 0 0 0 0 0 0 0 0 0 0 0 0 0 0 0 0 0 0 0 0 0 0 0 0 0 0 0 0 0 0 0 0 
0 0 0 0 0 0 0 0 0 0 0 0 0 1 0 0 0 0 0 0 0 0 0 0 0 0 0 0 0 0 0 0 0 0 0 0 0 0 0 0 0 0 0 0 0 0 0 0 0 0 0 0 0 

0 0 0 0 0 0 0 0 1 0 0 0 0 0 0 0 0 0 0 0 0 0 0 0 0 0 0 0 0 0 0 0 0 0 0 0 0 0 0 0 0 0 0 0 0 0 0 0 0 0 0 0 0 
0 0 0 0 0 0 0 1 0 0 0 0 0 0 0 0 0 0 0 0 0 0 0 0 0 0 0 0 0 0 0 0 0 0 0 0 0 0 0 0 0 0 0 0 0 0 0 0 0 0 0 0 0 
0 0 0 0 0 0 0 0 0 0 0 0 0 0 1 0 0 0 0 0 0 0 0 0 0 0 0 0 0 0 0 0 0 0 0 0 0 0 0 0 0 0 0 0 0 0 0 0 0 0 0 0 0 
0 0 0 0 0 0 0 0 0 0 0 0 0 1 0 0 0 0 0 0 0 0 0 0 0 0 0 0 0 0 0 0 0 0 0 0 0 0 0 0 0 0 0 0 0 0 0 0 0 0 0 0 0 
0 0 0 0 0 0 0 0 0 0 0 0 0 1 0 0 0 0 0 0 0 0 0 0 0 0 0 0 0 0 0 0 0 0 0 0 0 0 0 0 0 0 0 0 0 0 0 0 0 0 0 0 0 

0 0 0 0 0 0 0 0 1 0 0 0 0 0 0 0 0 0 0 0 0 0 0 0 0 0 0 0 0 0 0 0 0 0 0 0 0 0 0 0 0 0 0 0 0 0 0 0 0 0 0 0 0 
0 0 0 0 0 0 0 1 0 0 0 0 0 0 0 0 0 0 0 0 0 0 0 0 0 0 0 0 0 0 0 0 0 0 0 0 0 0 0 0 0 0 0 0 0 0 0 0 0 0 0 0 0 
0 0 0 0 0 0 0 0 0 0 0 0 0 0 1 0 0 0 0 0 0 0 0 0 0 0 0 0 0 0 0 0 0 0 0 0 0 0 0 0 0 0 0 0 0 0 0 0 0 0 0 0 0 
0 0 0 0 0 0 0 0 0 0 0 0 0 1 0 0 0 0 0 0 0 0 0 0 0 0 0 0 0 0 0 0 0 0 0 0 0 0 0 0 0 0 0 0 0 0 0 0 0 0 0 0 0 
0 0 0 0 0 0 0 0 0 0 0 0 0 1 0 0 0 0 0 0 0 0 0 0 0 0 0 0 0 0 0 0 0 0 0 0 0 0 0 0 0 0 0 0 0 0 0 0 0 0 0 0 0 

0 0 0 0 0 0 0 0 1 0 0 0 0 0 0 0 0 0 0 0 0 0 0 0 0 0 0 0 0 0 0 0 0 0 0 0 0 0 0 0 0 0 0 0 0 0 0 0 0 0 0 0 0 
0 0 0 0 0 0 0 1 0 0 0 0 0 0 0 0 0 0 0 0 0 0 0 0 0 0 0 0 0 0 0 0 0 0 0 0 0 0 0 0 0 0 0 0 0 0 0 0 0 0 0 0 0 
0 0 0 0 0 0 0 0 0 0 0 0 0 0 1 0 0 0 0 0 0 0 0 0 0 0 0 0 0 0 0 0 0 0 0 0 0 0 0 0 0 0 0 0 0 0 0 0 0 0 0 0 0 
0 0 0 0 0 0 0 0 0 0 0 0 0 1 0 0 0 0 0 0 0 0 0 0 0 0 0 0 0 0 0 0 0 0 0 0 0 0 0 0 0 0 0 0 0 0 0 0 0 0 0 0 0 

Groups 0 and 4 collide.
Solution of group 0
Mulirobot solution: (|moves| = 3, paralellism = 1.000) [
    Step 0: 1#8->7 
    Step 1: 1#7->14 
    Step 2: 1#14->13 
]
Solution of group 4
Mulirobot solution: (|moves| = 2, paralellism = 1.000) [
    Step 0: 1#7->8 
    Step 1: 1#8->9 
]
Occupation table complementary for group 0
0 1 1 0 1 1 0 1 0 0 0 1 0 0 0 1 0 0 0 0 1 0 1 1 0 1 1 1 1 0 1 0 0 1 1 0 1 1 0 1 1 0 0 0 0 1 0 0 1 0 0 1 0 
0 0 0 0 0 0 0 1 1 0 1 0 1 0 1 0 1 0 0 0 0 1 1 0 0 0 1 1 1 1 1 0 1 1 1 1 1 0 0 0 0 1 0 0 1 0 0 0 0 0 0 0 0 
0 0 0 0 0 0 0 0 1 1 0 1 0 0 0 0 0 0 0 1 1 1 1 0 0 0 0 1 1 0 0 0 0 0 1 1 1 1 0 1 1 1 1 0 0 0 0 0 0 0 0 0 0 
0 0 0 0 0 0 0 0 0 1 1 0 0 0 0 0 1 0 0 0 1 1 0 0 0 0 1 1 1 0 0 1 0 0 1 0 0 1 0 1 0 0 1 0 0 0 0 1 0 0 0 0 0 
0 0 0 0 0 0 0 0 0 1 1 1 0 0 0 0 0 1 0 1 1 1 1 1 0 0 0 1 1 0 1 0 0 0 0 0 0 1 0 1 0 1 1 1 0 0 0 0 1 0 0 0 0 
0 0 0 0 0 0 0 0 0 1 0 1 0 0 0 0 1 1 0 1 1 1 1 0 0 0 1 1 1 1 1 0 0 0 0 0 0 1 0 1 0 1 1 0 1 0 0 0 1 0 0 0 0 
0 0 0 0 0 0 0 0 0 1 0 0 1 0 0 0 1 1 0 1 1 0 1 0 0 0 1 1 1 1 0 0 0 0 0 0 1 1 0 1 0 1 1 0 0 1 0 0 1 0 0 0 0 
0 0 0 0 0 0 0 0 0 1 0 1 0 0 1 0 0 1 0 1 1 0 1 1 0 0 0 1 1 1 1 0 0 1 0 1 0 1 0 1 0 1 1 1 0 1 0 0 1 0 0 0 0 
0 0 0 0 0 0 0 1 0 1 1 0 1 0 0 0 0 1 1 1 1 0 0 1 1 0 1 1 1 1 0 0 0 0 0 0 1 1 0 1 1 1 1 0 0 1 0 0 1 0 1 0 0 
0 0 0 0 1 1 0 1 0 1 0 0 0 0 0 0 0 1 1 1 1 0 0 1 1 1 0 1 1 1 0 0 0 0 0 0 0 1 0 1 0 1 1 1 0 1 0 1 1 1 0 1 0 
0 0 0 0 1 0 1 1 0 1 0 0 0 0 0 0 0 1 1 1 1 0 0 1 1 1 0 1 1 1 0 0 0 0 0 0 0 1 0 1 0 1 1 0 1 1 1 0 1 1 0 0 1 

Occupation table complementary for group 4
0 1 1 0 1 1 0 0 1 0 0 1 0 0 0 1 0 0 0 0 1 0 1 1 0 1 1 1 1 0 1 0 0 1 1 0 1 1 0 1 1 0 0 0 0 1 0 0 1 0 0 1 0 
0 0 0 0 0 0 0 1 1 0 1 0 1 0 1 0 1 0 0 0 0 1 1 0 0 0 1 1 1 1 1 0 1 1 1 1 1 0 0 0 0 1 0 0 1 0 0 0 0 0 0 0 0 
0 0 0 0 0 0 0 0 1 1 0 1 0 0 1 0 0 0 0 1 1 1 1 0 0 0 0 1 1 0 0 0 0 0 1 1 1 1 0 1 1 1 1 0 0 0 0 0 0 0 0 0 0 
0 0 0 0 0 0 0 0 0 1 1 0 0 1 0 0 1 0 0 0 1 1 0 0 0 0 1 1 1 0 0 1 0 0 1 0 0 1 0 1 0 0 1 0 0 0 0 1 0 0 0 0 0 
0 0 0 0 0 0 0 0 0 0 1 1 0 1 0 0 0 1 0 1 1 1 1 1 0 0 0 1 1 0 1 0 0 0 0 0 0 1 0 1 0 1 1 1 0 0 0 0 1 0 0 0 0 
0 0 0 0 0 0 0 0 0 0 0 1 0 1 0 0 1 1 0 1 1 1 1 0 0 0 1 1 1 1 1 0 0 0 0 0 0 1 0 1 0 1 1 0 1 0 0 0 1 0 0 0 0 
0 0 0 0 0 0 0 0 0 0 0 0 1 1 0 0 1 1 0 1 1 0 1 0 0 0 1 1 1 1 0 0 0 0 0 0 1 1 0 1 0 1 1 0 0 1 0 0 1 0 0 0 0 
0 0 0 0 0 0 0 0 0 0 0 1 0 1 1 0 0 1 0 1 1 0 1 1 0 0 0 1 1 1 1 0 0 1 0 1 0 1 0 1 0 1 1 1 0 1 0 0 1 0 0 0 0 
0 0 0 0 0 0 0 1 0 0 1 0 1 1 0 0 0 1 1 1 1 0 0 1 1 0 1 1 1 1 0 0 0 0 0 0 1 1 0 1 1 1 1 0 0 1 0 0 1 0 1 0 0 
0 0 0 0 1 1 0 1 0 0 0 0 0 1 0 0 0 1 1 1 1 0 0 1 1 1 0 1 1 1 0 0 0 0 0 0 0 1 0 1 0 1 1 1 0 1 0 1 1 1 0 1 0 
0 0 0 0 1 0 1 1 0 0 0 0 0 1 0 0 0 1 1 1 1 0 0 1 1 1 0 1 1 1 0 0 0 0 0 0 0 1 0 1 0 1 1 0 1 1 1 0 1 1 0 0 1 

Unable to resolve collision between groups 0 and 4.
Merging groups 0 and 4.
Searching solution for merged group 0+4.
Open/close/exp size (steps): 11/6/11 (311)
0 0 0 0 0 0 0 2 1 0 0 0 0 0 0 0 0 0 0 0 0 0 0 0 0 0 0 0 0 0 0 0 0 0 0 0 0 0 0 0 0 0 0 0 0 0 0 0 0 0 0 0 0 
0 0 0 0 0 0 0 2 0 0 0 0 0 0 0 1 0 0 0 0 0 0 0 0 0 0 0 0 0 0 0 0 0 0 0 0 0 0 0 0 0 0 0 0 0 0 0 0 0 0 0 0 0 
0 0 0 0 0 0 0 0 2 0 0 0 0 0 1 0 0 0 0 0 0 0 0 0 0 0 0 0 0 0 0 0 0 0 0 0 0 0 0 0 0 0 0 0 0 0 0 0 0 0 0 0 0 
0 0 0 0 0 0 0 0 0 2 0 0 0 1 0 0 0 0 0 0 0 0 0 0 0 0 0 0 0 0 0 0 0 0 0 0 0 0 0 0 0 0 0 0 0 0 0 0 0 0 0 0 0 
0 0 0 0 0 0 0 0 0 2 0 0 0 1 0 0 0 0 0 0 0 0 0 0 0 0 0 0 0 0 0 0 0 0 0 0 0 0 0 0 0 0 0 0 0 0 0 0 0 0 0 0 0 
0 0 0 0 0 0 0 0 0 2 0 0 0 1 0 0 0 0 0 0 0 0 0 0 0 0 0 0 0 0 0 0 0 0 0 0 0 0 0 0 0 0 0 0 0 0 0 0 0 0 0 0 0 
0 0 0 0 0 0 0 0 0 2 0 0 0 1 0 0 0 0 0 0 0 0 0 0 0 0 0 0 0 0 0 0 0 0 0 0 0 0 0 0 0 0 0 0 0 0 0 0 0 0 0 0 0 
0 0 0 0 0 0 0 0 0 2 0 0 0 1 0 0 0 0 0 0 0 0 0 0 0 0 0 0 0 0 0 0 0 0 0 0 0 0 0 0 0 0 0 0 0 0 0 0 0 0 0 0 0 
0 0 0 0 0 0 0 0 0 2 0 0 0 1 0 0 0 0 0 0 0 0 0 0 0 0 0 0 0 0 0 0 0 0 0 0 0 0 0 0 0 0 0 0 0 0 0 0 0 0 0 0 0 

0 0 0 0 0 0 0 2 1 0 0 0 0 0 0 0 0 0 0 0 0 0 0 0 0 0 0 0 0 0 0 0 0 0 0 0 0 0 0 0 0 0 0 0 0 0 0 0 0 0 0 0 0 
0 0 0 0 0 0 0 2 0 0 0 0 0 0 0 1 0 0 0 0 0 0 0 0 0 0 0 0 0 0 0 0 0 0 0 0 0 0 0 0 0 0 0 0 0 0 0 0 0 0 0 0 0 
0 0 0 0 0 0 0 0 2 0 0 0 0 0 1 0 0 0 0 0 0 0 0 0 0 0 0 0 0 0 0 0 0 0 0 0 0 0 0 0 0 0 0 0 0 0 0 0 0 0 0 0 0 
0 0 0 0 0 0 0 0 0 2 0 0 0 1 0 0 0 0 0 0 0 0 0 0 0 0 0 0 0 0 0 0 0 0 0 0 0 0 0 0 0 0 0 0 0 0 0 0 0 0 0 0 0 
0 0 0 0 0 0 0 0 0 2 0 0 0 1 0 0 0 0 0 0 0 0 0 0 0 0 0 0 0 0 0 0 0 0 0 0 0 0 0 0 0 0 0 0 0 0 0 0 0 0 0 0 0 

0 0 0 0 0 0 0 2 1 0 0 0 0 0 0 0 0 0 0 0 0 0 0 0 0 0 0 0 0 0 0 0 0 0 0 0 0 0 0 0 0 0 0 0 0 0 0 0 0 0 0 0 0 
0 0 0 0 0 0 0 2 0 0 0 0 0 0 0 1 0 0 0 0 0 0 0 0 0 0 0 0 0 0 0 0 0 0 0 0 0 0 0 0 0 0 0 0 0 0 0 0 0 0 0 0 0 
0 0 0 0 0 0 0 0 2 0 0 0 0 0 1 0 0 0 0 0 0 0 0 0 0 0 0 0 0 0 0 0 0 0 0 0 0 0 0 0 0 0 0 0 0 0 0 0 0 0 0 0 0 
0 0 0 0 0 0 0 0 0 2 0 0 0 1 0 0 0 0 0 0 0 0 0 0 0 0 0 0 0 0 0 0 0 0 0 0 0 0 0 0 0 0 0 0 0 0 0 0 0 0 0 0 0 
0 0 0 0 0 0 0 0 0 2 0 0 0 1 0 0 0 0 0 0 0 0 0 0 0 0 0 0 0 0 0 0 0 0 0 0 0 0 0 0 0 0 0 0 0 0 0 0 0 0 0 0 0 

0 0 0 0 0 0 0 2 1 0 0 0 0 0 0 0 0 0 0 0 0 0 0 0 0 0 0 0 0 0 0 0 0 0 0 0 0 0 0 0 0 0 0 0 0 0 0 0 0 0 0 0 0 
0 0 0 0 0 0 0 2 0 0 0 0 0 0 0 1 0 0 0 0 0 0 0 0 0 0 0 0 0 0 0 0 0 0 0 0 0 0 0 0 0 0 0 0 0 0 0 0 0 0 0 0 0 
0 0 0 0 0 0 0 0 2 0 0 0 0 0 1 0 0 0 0 0 0 0 0 0 0 0 0 0 0 0 0 0 0 0 0 0 0 0 0 0 0 0 0 0 0 0 0 0 0 0 0 0 0 
0 0 0 0 0 0 0 0 0 2 0 0 0 1 0 0 0 0 0 0 0 0 0 0 0 0 0 0 0 0 0 0 0 0 0 0 0 0 0 0 0 0 0 0 0 0 0 0 0 0 0 0 0 
0 0 0 0 0 0 0 0 0 2 0 0 0 1 0 0 0 0 0 0 0 0 0 0 0 0 0 0 0 0 0 0 0 0 0 0 0 0 0 0 0 0 0 0 0 0 0 0 0 0 0 0 0 
0 0 0 0 0 0 0 0 0 2 0 0 0 1 0 0 0 0 0 0 0 0 0 0 0 0 0 0 0 0 0 0 0 0 0 0 0 0 0 0 0 0 0 0 0 0 0 0 0 0 0 0 0 
0 0 0 0 0 0 0 0 0 2 0 0 0 1 0 0 0 0 0 0 0 0 0 0 0 0 0 0 0 0 0 0 0 0 0 0 0 0 0 0 0 0 0 0 0 0 0 0 0 0 0 0 0 
0 0 0 0 0 0 0 0 0 2 0 0 0 1 0 0 0 0 0 0 0 0 0 0 0 0 0 0 0 0 0 0 0 0 0 0 0 0 0 0 0 0 0 0 0 0 0 0 0 0 0 0 0 
0 0 0 0 0 0 0 0 0 2 0 0 0 1 0 0 0 0 0 0 0 0 0 0 0 0 0 0 0 0 0 0 0 0 0 0 0 0 0 0 0 0 0 0 0 0 0 0 0 0 0 0 0 
0 0 0 0 0 0 0 0 0 2 0 0 0 1 0 0 0 0 0 0 0 0 0 0 0 0 0 0 0 0 0 0 0 0 0 0 0 0 0 0 0 0 0 0 0 0 0 0 0 0 0 0 0 

0 0 0 0 0 0 0 2 1 0 0 0 0 0 0 0 0 0 0 0 0 0 0 0 0 0 0 0 0 0 0 0 0 0 0 0 0 0 0 0 0 0 0 0 0 0 0 0 0 0 0 0 0 
0 0 0 0 0 0 0 2 0 0 0 0 0 0 0 1 0 0 0 0 0 0 0 0 0 0 0 0 0 0 0 0 0 0 0 0 0 0 0 0 0 0 0 0 0 0 0 0 0 0 0 0 0 
0 0 0 0 0 0 0 0 2 0 0 0 0 0 1 0 0 0 0 0 0 0 0 0 0 0 0 0 0 0 0 0 0 0 0 0 0 0 0 0 0 0 0 0 0 0 0 0 0 0 0 0 0 
0 0 0 0 0 0 0 0 0 2 0 0 0 1 0 0 0 0 0 0 0 0 0 0 0 0 0 0 0 0 0 0 0 0 0 0 0 0 0 0 0 0 0 0 0 0 0 0 0 0 0 0 0 

0 0 0 0 0 0 0 2 1 0 0 0 0 0 0 0 0 0 0 0 0 0 0 0 0 0 0 0 0 0 0 0 0 0 0 0 0 0 0 0 0 0 0 0 0 0 0 0 0 0 0 0 0 
0 0 0 0 0 0 0 2 0 0 0 0 0 0 0 1 0 0 0 0 0 0 0 0 0 0 0 0 0 0 0 0 0 0 0 0 0 0 0 0 0 0 0 0 0 0 0 0 0 0 0 0 0 
0 0 0 0 0 0 0 0 2 0 0 0 0 0 1 0 0 0 0 0 0 0 0 0 0 0 0 0 0 0 0 0 0 0 0 0 0 0 0 0 0 0 0 0 0 0 0 0 0 0 0 0 0 
0 0 0 0 0 0 0 0 0 2 0 0 0 1 0 0 0 0 0 0 0 0 0 0 0 0 0 0 0 0 0 0 0 0 0 0 0 0 0 0 0 0 0 0 0 0 0 0 0 0 0 0 0 
0 0 0 0 0 0 0 0 0 2 0 0 0 1 0 0 0 0 0 0 0 0 0 0 0 0 0 0 0 0 0 0 0 0 0 0 0 0 0 0 0 0 0 0 0 0 0 0 0 0 0 0 0 

0 0 0 0 0 0 0 2 1 0 0 0 0 0 0 0 0 0 0 0 0 0 0 0 0 0 0 0 0 0 0 0 0 0 0 0 0 0 0 0 0 0 0 0 0 0 0 0 0 0 0 0 0 
0 0 0 0 0 0 0 2 0 0 0 0 0 0 0 1 0 0 0 0 0 0 0 0 0 0 0 0 0 0 0 0 0 0 0 0 0 0 0 0 0 0 0 0 0 0 0 0 0 0 0 0 0 
0 0 0 0 0 0 0 0 2 0 0 0 0 0 1 0 0 0 0 0 0 0 0 0 0 0 0 0 0 0 0 0 0 0 0 0 0 0 0 0 0 0 0 0 0 0 0 0 0 0 0 0 0 
0 0 0 0 0 0 0 0 0 2 0 0 0 1 0 0 0 0 0 0 0 0 0 0 0 0 0 0 0 0 0 0 0 0 0 0 0 0 0 0 0 0 0 0 0 0 0 0 0 0 0 0 0 
0 0 0 0 0 0 0 0 0 2 0 0 0 1 0 0 0 0 0 0 0 0 0 0 0 0 0 0 0 0 0 0 0 0 0 0 0 0 0 0 0 0 0 0 0 0 0 0 0 0 0 0 0 
0 0 0 0 0 0 0 0 0 2 0 0 0 1 0 0 0 0 0 0 0 0 0 0 0 0 0 0 0 0 0 0 0 0 0 0 0 0 0 0 0 0 0 0 0 0 0 0 0 0 0 0 0 
0 0 0 0 0 0 0 0 0 2 0 0 0 1 0 0 0 0 0 0 0 0 0 0 0 0 0 0 0 0 0 0 0 0 0 0 0 0 0 0 0 0 0 0 0 0 0 0 0 0 0 0 0 
0 0 0 0 0 0 0 0 0 2 0 0 0 1 0 0 0 0 0 0 0 0 0 0 0 0 0 0 0 0 0 0 0 0 0 0 0 0 0 0 0 0 0 0 0 0 0 0 0 0 0 0 0 
0 0 0 0 0 0 0 0 0 2 0 0 0 1 0 0 0 0 0 0 0 0 0 0 0 0 0 0 0 0 0 0 0 0 0 0 0 0 0 0 0 0 0 0 0 0 0 0 0 0 0 0 0 

0 0 0 0 0 0 0 2 1 0 0 0 0 0 0 0 0 0 0 0 0 0 0 0 0 0 0 0 0 0 0 0 0 0 0 0 0 0 0 0 0 0 0 0 0 0 0 0 0 0 0 0 0 
0 0 0 0 0 0 0 2 0 0 0 0 0 0 0 1 0 0 0 0 0 0 0 0 0 0 0 0 0 0 0 0 0 0 0 0 0 0 0 0 0 0 0 0 0 0 0 0 0 0 0 0 0 
0 0 0 0 0 0 0 0 2 0 0 0 0 0 1 0 0 0 0 0 0 0 0 0 0 0 0 0 0 0 0 0 0 0 0 0 0 0 0 0 0 0 0 0 0 0 0 0 0 0 0 0 0 
0 0 0 0 0 0 0 0 0 2 0 0 0 1 0 0 0 0 0 0 0 0 0 0 0 0 0 0 0 0 0 0 0 0 0 0 0 0 0 0 0 0 0 0 0 0 0 0 0 0 0 0 0 

0 0 0 0 0 0 0 2 1 0 0 0 0 0 0 0 0 0 0 0 0 0 0 0 0 0 0 0 0 0 0 0 0 0 0 0 0 0 0 0 0 0 0 0 0 0 0 0 0 0 0 0 0 
0 0 0 0 0 0 0 2 0 0 0 0 0 0 0 1 0 0 0 0 0 0 0 0 0 0 0 0 0 0 0 0 0 0 0 0 0 0 0 0 0 0 0 0 0 0 0 0 0 0 0 0 0 
0 0 0 0 0 0 0 0 2 0 0 0 0 0 1 0 0 0 0 0 0 0 0 0 0 0 0 0 0 0 0 0 0 0 0 0 0 0 0 0 0 0 0 0 0 0 0 0 0 0 0 0 0 
0 0 0 0 0 0 0 0 0 2 0 0 0 1 0 0 0 0 0 0 0 0 0 0 0 0 0 0 0 0 0 0 0 0 0 0 0 0 0 0 0 0 0 0 0 0 0 0 0 0 0 0 0 
0 0 0 0 0 0 0 0 0 2 0 0 0 1 0 0 0 0 0 0 0 0 0 0 0 0 0 0 0 0 0 0 0 0 0 0 0 0 0 0 0 0 0 0 0 0 0 0 0 0 0 0 0 
0 0 0 0 0 0 0 0 0 2 0 0 0 1 0 0 0 0 0 0 0 0 0 0 0 0 0 0 0 0 0 0 0 0 0 0 0 0 0 0 0 0 0 0 0 0 0 0 0 0 0 0 0 
0 0 0 0 0 0 0 0 0 2 0 0 0 1 0 0 0 0 0 0 0 0 0 0 0 0 0 0 0 0 0 0 0 0 0 0 0 0 0 0 0 0 0 0 0 0 0 0 0 0 0 0 0 
0 0 0 0 0 0 0 0 0 2 0 0 0 1 0 0 0 0 0 0 0 0 0 0 0 0 0 0 0 0 0 0 0 0 0 0 0 0 0 0 0 0 0 0 0 0 0 0 0 0 0 0 0 
0 0 0 0 0 0 0 0 0 2 0 0 0 1 0 0 0 0 0 0 0 0 0 0 0 0 0 0 0 0 0 0 0 0 0 0 0 0 0 0 0 0 0 0 0 0 0 0 0 0 0 0 0 
0 0 0 0 0 0 0 0 0 2 0 0 0 1 0 0 0 0 0 0 0 0 0 0 0 0 0 0 0 0 0 0 0 0 0 0 0 0 0 0 0 0 0 0 0 0 0 0 0 0 0 0 0 
0 0 0 0 0 0 0 0 0 2 0 0 0 1 0 0 0 0 0 0 0 0 0 0 0 0 0 0 0 0 0 0 0 0 0 0 0 0 0 0 0 0 0 0 0 0 0 0 0 0 0 0 0 

Groups 0 and 9 collide.
Solution of group 0
Mulirobot solution: (|moves| = 5, paralellism = 1.667) [
    Step 0: 1#8->15 
    Step 1: 1#15->14 2#7->8 
    Step 2: 1#14->13 2#8->9 
]
Solution of group 9
Mulirobot solution: (|moves| = 10, paralellism = 1.000) [
    Step 0: 1#2->8 
    Step 1: 1#8->9 
    Step 2: 1#9->10 
    Step 3: 1#10->11 
    Step 4: 1#11->16 
    Step 5: 1#16->22 
    Step 6: 1#22->30 
    Step 7: 1#30->36 
    Step 8: 1#36->43 
    Step 9: 1#43->44 
]
Occupation table complementary for group 0
0 1 1 0 1 1 0 0 0 0 0 1 0 0 0 1 0 0 0 0 1 0 1 1 0 1 1 1 1 0 1 0 0 1 1 0 1 1 0 1 1 0 0 0 0 1 0 0 1 0 0 1 0 
0 0 0 0 0 0 0 1 1 0 1 0 1 0 1 0 1 0 0 0 0 1 1 0 0 0 1 1 1 1 1 0 1 1 1 1 1 0 0 0 0 1 0 0 1 0 0 0 0 0 0 0 0 
0 0 0 0 0 0 0 0 1 1 0 1 0 0 0 0 0 0 0 1 1 1 1 0 0 0 0 1 1 0 0 0 0 0 1 1 1 1 0 1 1 1 1 0 0 0 0 0 0 0 0 0 0 
0 0 0 0 0 0 0 0 0 1 1 0 0 0 0 0 1 0 0 0 1 1 0 0 0 0 1 1 1 0 0 1 0 0 1 0 0 1 0 1 0 0 1 0 0 0 0 1 0 0 0 0 0 
0 0 0 0 0 0 0 0 0 0 1 1 0 0 0 0 0 1 0 1 1 1 1 1 0 0 0 1 1 0 1 0 0 0 0 0 0 1 0 1 0 1 1 1 0 0 0 0 1 0 0 0 0 
0 0 0 0 0 0 0 0 0 0 0 1 0 0 0 0 1 1 0 1 1 1 1 0 0 0 1 1 1 1 1 0 0 0 0 0 0 1 0 1 0 1 1 0 1 0 0 0 1 0 0 0 0 
0 0 0 0 0 0 0 0 0 0 0 0 1 0 0 0 1 1 0 1 1 0 1 0 0 0 1 1 1 1 0 0 0 0 0 0 1 1 0 1 0 1 1 0 0 1 0 0 1 0 0 0 0 
0 0 0 0 0 0 0 0 0 0 0 1 0 0 1 0 0 1 0 1 1 0 1 1 0 0 0 1 1 1 1 0 0 1 0 1 0 1 0 1 0 1 1 1 0 1 0 0 1 0 0 0 0 
0 0 0 0 0 0 0 1 0 0 1 0 1 0 0 0 0 1 1 1 1 0 0 1 1 0 1 1 1 1 0 0 0 0 0 0 1 1 0 1 1 1 1 0 0 1 0 0 1 0 1 0 0 
0 0 0 0 1 1 0 1 0 0 0 0 0 0 0 0 0 1 1 1 1 0 0 1 1 1 0 1 1 1 0 0 0 0 0 0 0 1 0 1 0 1 1 1 0 1 0 1 1 1 0 1 0 
0 0 0 0 1 0 1 1 0 0 0 0 0 0 0 0 0 1 1 1 1 0 0 1 1 1 0 1 1 1 0 0 0 0 0 0 0 1 0 1 0 1 1 0 1 1 1 0 1 1 0 0 1 

Occupation table complementary for group 9
0 1 0 0 1 1 0 2 1 0 0 1 0 0 0 1 0 0 0 0 1 0 1 1 0 1 1 1 1 0 1 0 0 1 1 0 1 1 0 1 1 0 0 0 0 1 0 0 1 0 0 1 0 
0 0 0 0 0 0 0 1 0 0 1 0 1 0 1 1 1 0 0 0 0 1 1 0 0 0 1 1 1 1 1 0 1 1 1 1 1 0 0 0 0 1 0 0 1 0 0 0 0 0 0 0 0 
0 0 0 0 0 0 0 0 1 0 0 1 0 0 1 0 0 0 0 1 1 1 1 0 0 0 0 1 1 0 0 0 0 0 1 1 1 1 0 1 1 1 1 0 0 0 0 0 0 0 0 0 0 
0 0 0 0 0 0 0 0 0 1 0 0 0 1 0 0 1 0 0 0 1 1 0 0 0 0 1 1 1 0 0 1 0 0 1 0 0 1 0 1 0 0 1 0 0 0 0 1 0 0 0 0 0 
0 0 0 0 0 0 0 0 0 2 1 0 0 1 0 0 0 1 0 1 1 1 1 1 0 0 0 1 1 0 1 0 0 0 0 0 0 1 0 1 0 1 1 1 0 0 0 0 1 0 0 0 0 
0 0 0 0 0 0 0 0 0 2 0 1 0 1 0 0 0 1 0 1 1 1 1 0 0 0 1 1 1 1 1 0 0 0 0 0 0 1 0 1 0 1 1 0 1 0 0 0 1 0 0 0 0 
0 0 0 0 0 0 0 0 0 2 0 0 1 1 0 0 1 1 0 1 1 0 1 0 0 0 1 1 1 1 0 0 0 0 0 0 1 1 0 1 0 1 1 0 0 1 0 0 1 0 0 0 0 
0 0 0 0 0 0 0 0 0 2 0 1 0 1 1 0 0 1 0 1 1 0 1 1 0 0 0 1 1 1 0 0 0 1 0 1 0 1 0 1 0 1 1 1 0 1 0 0 1 0 0 0 0 
0 0 0 0 0 0 0 1 0 2 1 0 1 1 0 0 0 1 1 1 1 0 0 1 1 0 1 1 1 1 0 0 0 0 0 0 0 1 0 1 1 1 1 0 0 1 0 0 1 0 1 0 0 
0 0 0 0 1 1 0 1 0 2 0 0 0 1 0 0 0 1 1 1 1 0 0 1 1 1 0 1 1 1 0 0 0 0 0 0 0 1 0 1 0 1 1 0 0 1 0 1 1 1 0 1 0 
0 0 0 0 1 0 1 1 0 2 0 0 0 1 0 0 0 1 1 1 1 0 0 1 1 1 0 1 1 1 0 0 0 0 0 0 0 1 0 1 0 1 1 0 0 1 1 0 1 1 0 0 1 

** Open/close/exp size (steps): 2/1/2 (2)
** Open/close/exp size (steps): 5/4/5 (5)
** Open/close/exp size (steps): 1/8/1 (9)
** Open/close/exp size (steps): 12/13/12 (14)
** Open/close/exp size (steps): 8/19/8 (20)
** Open/close/exp size (steps): 2/27/2 (28)
Unable to resolve collision between groups 0 and 9.
Merging groups 0 and 9.
Searching solution for merged group 0+9.
Open/close/exp size (steps): 126/53/126terminate called after throwing an instance of 'std::bad_alloc'
  what():  std::bad_alloc
 (381)
Open/close/exp size (steps): 268/137/268 (465)
Open/close/exp size (steps): 438/238/438 (566)
Open/close/exp size (steps): 427/360/427 (688)
Open/close/exp size (steps): 353/507/353 (835)
Open/close/exp size (steps): 631/684/631 (1012)
Open/close/exp size (steps): 1043/897/1043 (1225)
Open/close/exp size (steps): 1574/1153/1574 (1481)
Open/close/exp size (steps): 2223/1461/2223 (1789)
Open/close/exp size (steps): 2467/1831/2467 (2159)
Open/close/exp size (steps): 2590/2275/2590 (2603)
Open/close/exp size (steps): 2165/2808/2165 (3136)
Open/close/exp size (steps): 2178/3448/2178 (3776)
Open/close/exp size (steps): 2292/4216/2292 (4544)
Open/close/exp size (steps): 2218/5138/2218 (5466)
Open/close/exp size (steps): 2949/6245/2949 (6573)
Open/close/exp size (steps): 4519/7574/4519 (7902)
Open/close/exp size (steps): 6837/9169/6837 (9497)
Open/close/exp size (steps): 7014/11083/7014 (11411)
Open/close/exp size (steps): 9660/13380/9660 (13708)
Open/close/exp size (steps): 8607/16137/8607 (16465)
Open/close/exp size (steps): 6424/19446/6424 (19774)
Open/close/exp size (steps): 8069/23417/8069 (23745)
Open/close/exp size (steps): 8617/28183/8617 (28511)
Open/close/exp size (steps): 10820/33903/10820 (34231)
Open/close/exp size (steps): 17122/40767/17122 (41095)
Open/close/exp size (steps): 22982/49004/22982 (49332)
Open/close/exp size (steps): 15305/58889/15305 (59217)
Open/close/exp size (steps): 13542/70751/13542 (71079)
Open/close/exp size (steps): 22599/84986/22599 (85314)
Open/close/exp size (steps): 35095/102068/35095 (102396)
Open/close/exp size (steps): 45916/122567/45916 (122895)
Open/close/exp size (steps): 25913/147166/25913 (147494)
Open/close/exp size (steps): 25833/176685/25833 (177013)
Open/close/exp size (steps): 48992/212108/48992 (212436)
Open/close/exp size (steps): 59298/254616/59298 (254944)
Open/close/exp size (steps): 59129/305626/59129 (305954)
Open/close/exp size (steps): 44449/366838/44449 (367166)
Open/close/exp size (steps): 84975/440293/84975 (440621)
Open/close/exp size (steps): 114689/528439/114689 (528767)
Open/close/exp size (steps): 85246/634215/85246 (634543)
Open/close/exp size (steps): 109741/761147/109741 (761475)
Aborted (core dumped)
