================================================================
reLOC 0.13-odaiba : Multirobot Solver
(C) Copyright 2016 Pavel Surynek
----------------------------------------------------------------
Reading graph...
Reading graph... FINISHED
Reading initial arrangement...
Reading initial arrangement... FINISHED.
Reading goal arrangement...
Reading goal arrangement... FINISHED.
Building instance...
Building instance... FINISHED.
Open/close/exp size (steps): 4/1/4 (2)
Open/close/exp size (steps): 15/4/15 (5)
Open/close/exp size (steps): 25/8/25 (9)
Open/close/exp size (steps): 34/13/34 (14)
Open/close/exp size (steps): 48/19/48 (20)
Open/close/exp size (steps): 59/27/59 (28)
Open/close/exp size (steps): 4/1/4 (38)
Open/close/exp size (steps): 24/9/24 (50)
Open/close/exp size (steps): 21/7/21 (65)
Open/close/exp size (steps): 55/25/55 (83)
Open/close/exp size (steps): 18/5/18 (105)
Open/close/exp size (steps): 54/24/54 (132)
Open/close/exp size (steps): 24/11/24 (165)
Open/close/exp size (steps): 17/4/17 (205)
Open/close/exp size (steps): 52/24/52 (253)
0 0 1 0 0 0 0 0 0 0 0 0 0 0 0 0 0 0 0 0 0 0 0 0 0 0 0 0 0 0 0 0 0 0 0 0 0 0 0 0 0 0 0 0 0 0 0 0 0 0 0 0 0 0 0 0 
0 0 0 0 0 0 0 0 0 0 1 0 0 0 0 0 0 0 0 0 0 0 0 0 0 0 0 0 0 0 0 0 0 0 0 0 0 0 0 0 0 0 0 0 0 0 0 0 0 0 0 0 0 0 0 0 
0 0 0 0 0 0 0 0 0 0 0 0 0 0 0 0 1 0 0 0 0 0 0 0 0 0 0 0 0 0 0 0 0 0 0 0 0 0 0 0 0 0 0 0 0 0 0 0 0 0 0 0 0 0 0 0 
0 0 0 0 0 0 0 0 0 0 0 0 0 0 0 0 0 0 0 0 0 0 0 1 0 0 0 0 0 0 0 0 0 0 0 0 0 0 0 0 0 0 0 0 0 0 0 0 0 0 0 0 0 0 0 0 
0 0 0 0 0 0 0 0 0 0 0 0 0 0 0 0 0 0 0 0 0 0 0 0 0 0 0 0 0 0 1 0 0 0 0 0 0 0 0 0 0 0 0 0 0 0 0 0 0 0 0 0 0 0 0 0 
0 0 0 0 0 0 0 0 0 0 0 0 0 0 0 0 0 0 0 0 0 0 0 0 0 0 0 0 0 0 0 0 0 0 0 0 0 1 0 0 0 0 0 0 0 0 0 0 0 0 0 0 0 0 0 0 
0 0 0 0 0 0 0 0 0 0 0 0 0 0 0 0 0 0 0 0 0 0 0 0 0 0 0 0 0 0 0 0 0 0 0 0 0 0 1 0 0 0 0 0 0 0 0 0 0 0 0 0 0 0 0 0 
0 0 0 0 0 0 0 0 0 0 0 0 0 0 0 0 0 0 0 0 0 0 0 0 0 0 0 0 0 0 0 0 0 0 0 0 0 0 0 1 0 0 0 0 0 0 0 0 0 0 0 0 0 0 0 0 
0 0 0 0 0 0 0 0 0 0 0 0 0 0 0 0 0 0 0 0 0 0 0 0 0 0 0 0 0 0 0 0 0 0 0 0 0 0 0 0 1 0 0 0 0 0 0 0 0 0 0 0 0 0 0 0 
0 0 0 0 0 0 0 0 0 0 0 0 0 0 0 0 0 0 0 0 0 0 0 0 0 0 0 0 0 0 0 0 0 0 0 0 0 0 0 0 0 1 0 0 0 0 0 0 0 0 0 0 0 0 0 0 

0 0 1 0 0 0 0 0 0 0 0 0 0 0 0 0 0 0 0 0 0 0 0 0 0 0 0 0 0 0 0 0 0 0 0 0 0 0 0 0 0 0 0 0 0 0 0 0 0 0 0 0 0 0 0 0 
0 0 0 0 0 0 0 0 0 0 1 0 0 0 0 0 0 0 0 0 0 0 0 0 0 0 0 0 0 0 0 0 0 0 0 0 0 0 0 0 0 0 0 0 0 0 0 0 0 0 0 0 0 0 0 0 
0 0 0 0 0 0 0 0 0 0 0 0 0 0 0 0 1 0 0 0 0 0 0 0 0 0 0 0 0 0 0 0 0 0 0 0 0 0 0 0 0 0 0 0 0 0 0 0 0 0 0 0 0 0 0 0 
0 0 0 0 0 0 0 0 0 0 0 0 0 0 0 0 0 0 0 0 0 0 0 1 0 0 0 0 0 0 0 0 0 0 0 0 0 0 0 0 0 0 0 0 0 0 0 0 0 0 0 0 0 0 0 0 
0 0 0 0 0 0 0 0 0 0 0 0 0 0 0 0 0 0 0 0 0 0 0 0 0 0 0 0 0 0 1 0 0 0 0 0 0 0 0 0 0 0 0 0 0 0 0 0 0 0 0 0 0 0 0 0 
0 0 0 0 0 0 0 0 0 0 0 0 0 0 0 0 0 0 0 0 0 0 0 0 0 0 0 0 0 0 0 0 0 0 0 0 0 1 0 0 0 0 0 0 0 0 0 0 0 0 0 0 0 0 0 0 
0 0 0 0 0 0 0 0 0 0 0 0 0 0 0 0 0 0 0 0 0 0 0 0 0 0 0 0 0 0 0 0 0 0 0 0 0 0 1 0 0 0 0 0 0 0 0 0 0 0 0 0 0 0 0 0 
0 0 0 0 0 0 0 0 0 0 0 0 0 0 0 0 0 0 0 0 0 0 0 0 0 0 0 0 0 0 0 0 0 0 0 0 0 0 0 1 0 0 0 0 0 0 0 0 0 0 0 0 0 0 0 0 
0 0 0 0 0 0 0 0 0 0 0 0 0 0 0 0 0 0 0 0 0 0 0 0 0 0 0 0 0 0 0 0 0 0 0 0 0 0 0 0 1 0 0 0 0 0 0 0 0 0 0 0 0 0 0 0 
0 0 0 0 0 0 0 0 0 0 0 0 0 0 0 0 0 0 0 0 0 0 0 0 0 0 0 0 0 0 0 0 0 0 0 0 0 0 0 0 0 1 0 0 0 0 0 0 0 0 0 0 0 0 0 0 

Groups 0 and 2 collide.
Solution of group 0
Mulirobot solution: (|moves| = 9, paralellism = 1.000) [
    Step 0: 1#2->10 
    Step 1: 1#10->16 
    Step 2: 1#16->23 
    Step 3: 1#23->30 
    Step 4: 1#30->37 
    Step 5: 1#37->38 
    Step 6: 1#38->39 
    Step 7: 1#39->40 
    Step 8: 1#40->41 
]
Solution of group 2
Mulirobot solution: (|moves| = 3, paralellism = 1.000) [
    Step 0: 1#15->22 
    Step 1: 1#22->29 
    Step 2: 1#29->30 
]
Occupation table complementary for group 0
0 0 0 0 0 1 1 1 1 0 0 0 1 0 1 1 0 0 1 1 0 0 0 0 0 0 0 0 0 1 1 1 0 0 0 0 0 0 0 0 1 1 0 1 1 0 1 1 0 0 1 1 1 1 1 1 
0 0 0 0 1 1 1 0 0 1 0 0 1 1 0 0 0 0 1 0 0 0 1 1 0 0 0 0 0 0 0 0 1 0 1 0 1 0 1 1 0 0 0 1 1 1 1 1 1 1 0 0 0 0 0 0 
0 0 0 1 1 1 1 0 0 0 0 1 1 0 0 1 1 0 0 0 0 0 0 1 0 1 0 0 0 1 0 1 1 1 0 0 0 0 1 1 1 0 0 0 1 1 0 0 0 1 0 1 0 0 0 0 
0 0 1 0 1 0 1 0 0 0 1 0 1 0 0 0 1 1 0 0 0 0 0 0 1 1 1 0 1 0 1 1 1 1 0 0 1 0 1 0 1 0 0 0 0 0 0 0 0 1 0 1 0 0 0 0 
0 1 0 1 1 0 1 0 0 0 1 0 0 0 0 0 0 1 1 0 0 0 0 0 1 1 1 0 1 1 1 0 1 1 0 0 0 0 1 0 0 1 0 0 0 0 0 0 0 1 0 1 1 0 0 0 
0 0 1 0 1 0 1 0 0 1 1 1 0 0 0 0 0 1 1 1 0 0 1 0 0 1 1 0 1 0 1 0 1 1 0 0 0 0 1 0 0 0 1 0 0 0 0 0 0 1 0 1 0 1 0 0 
0 1 0 0 1 0 1 0 0 0 1 1 1 0 0 1 0 0 1 1 1 0 0 0 0 1 1 0 1 0 1 0 1 1 0 0 0 0 1 0 0 0 1 0 0 0 0 0 0 1 0 1 0 1 0 0 
0 0 0 0 1 0 1 0 0 1 1 0 1 1 0 0 0 0 1 1 0 0 1 0 0 1 1 0 1 0 1 0 1 1 0 0 0 0 1 1 0 0 1 0 0 0 0 0 0 1 0 1 0 1 0 0 
0 0 0 0 1 0 1 0 0 1 1 0 1 1 1 1 0 0 1 1 0 0 0 0 0 1 1 0 1 1 1 0 1 1 0 0 0 0 1 0 0 0 1 0 0 0 0 1 0 1 0 1 0 1 0 0 
0 0 0 0 1 0 1 0 1 1 1 0 1 1 1 1 0 0 1 1 0 0 0 0 0 1 1 0 1 0 1 0 1 1 0 0 1 0 1 0 0 0 1 0 0 0 0 1 0 1 0 1 0 1 0 0 
0 0 0 0 1 0 1 0 1 1 1 0 1 1 1 1 0 0 1 1 0 0 0 0 0 1 1 0 1 0 1 0 1 1 0 0 0 0 1 0 0 0 1 0 1 0 0 1 0 1 0 1 0 1 0 0 
0 0 0 0 1 0 1 0 1 1 1 0 1 1 1 1 0 0 1 1 0 0 0 0 0 1 1 0 1 0 1 0 1 1 0 0 0 0 1 0 0 0 1 1 0 0 0 1 0 1 0 1 0 1 0 0 

** Open/close/exp size (steps): 3/1/3 (2)
** Open/close/exp size (steps): 2/4/2 (5)
** Open/close/exp size (steps): 4/8/4 (9)
** Open/close/exp size (steps): 11/13/11 (14)
** Open/close/exp size (steps): 11/19/11 (20)
** Open/close/exp size (steps): 4/27/4 (28)
** Open/close/exp size (steps): 6/37/6 (38)
Occupation table complementary for group 2
0 0 1 0 0 1 1 1 1 0 0 0 1 0 1 0 0 0 1 1 0 0 0 0 0 0 0 0 0 1 1 1 0 0 0 0 0 0 0 0 1 1 0 1 1 0 1 1 0 0 1 1 1 1 1 1 
0 0 0 0 1 1 1 0 0 1 1 0 1 1 0 0 0 0 1 0 0 0 1 1 0 0 0 0 0 0 0 0 1 0 1 0 1 0 1 1 0 0 0 1 1 1 1 1 1 1 0 0 0 0 0 0 
0 0 0 1 1 1 1 0 0 0 0 1 1 0 0 1 1 0 0 0 0 0 0 1 0 1 0 0 0 1 0 1 1 1 0 0 0 0 1 1 1 0 0 0 1 1 0 0 0 1 0 1 0 0 0 0 
0 0 1 0 1 0 1 0 0 0 1 0 1 0 0 0 1 1 0 0 0 0 0 1 1 1 1 0 1 0 0 1 1 1 0 0 1 0 1 0 1 0 0 0 0 0 0 0 0 1 0 1 0 0 0 0 
0 1 0 1 1 0 1 0 0 0 1 0 0 0 0 0 0 1 1 0 0 0 0 0 1 1 1 0 1 1 1 0 1 1 0 0 0 0 1 0 0 1 0 0 0 0 0 0 0 1 0 1 1 0 0 0 
0 0 1 0 1 0 1 0 0 1 1 1 0 0 0 0 0 1 1 1 0 0 1 0 0 1 1 0 1 0 0 0 1 1 0 0 0 1 1 0 0 0 1 0 0 0 0 0 0 1 0 1 0 1 0 0 
0 1 0 0 1 0 1 0 0 0 1 1 1 0 0 1 0 0 1 1 1 0 0 0 0 1 1 0 1 0 0 0 1 1 0 0 0 0 1 0 0 0 1 0 0 0 0 0 0 1 0 1 0 1 0 0 
0 0 0 0 1 0 1 0 0 1 1 0 1 1 0 0 0 0 1 1 0 0 1 0 0 1 1 0 1 0 0 0 1 1 0 0 0 0 1 1 0 0 1 0 0 0 0 0 0 1 0 1 0 1 0 0 
0 0 0 0 1 0 1 0 0 1 1 0 1 1 1 1 0 0 1 1 0 0 0 0 0 1 1 0 1 1 0 0 1 1 0 0 0 0 1 0 1 0 1 0 0 0 0 1 0 1 0 1 0 1 0 0 
0 0 0 0 1 0 1 0 1 1 1 0 1 1 1 1 0 0 1 1 0 0 0 0 0 1 1 0 1 0 0 0 1 1 0 0 1 0 1 0 0 1 1 0 0 0 0 1 0 1 0 1 0 1 0 0 
0 0 0 0 1 0 1 0 1 1 1 0 1 1 1 1 0 0 1 1 0 0 0 0 0 1 1 0 1 0 0 0 1 1 0 0 0 0 1 0 0 1 1 0 1 0 0 1 0 1 0 1 0 1 0 0 
0 0 0 0 1 0 1 0 1 1 1 0 1 1 1 1 0 0 1 1 0 0 0 0 0 1 1 0 1 0 0 0 1 1 0 0 0 0 1 0 0 1 1 1 0 0 0 1 0 1 0 1 0 1 0 0 

Unable to resolve collision between groups 0 and 2.
Merging groups 0 and 2.
Searching solution for merged group 0+2.
Open/close/exp size (steps): 84/30/84 (311)
Open/close/exp size (steps): 187/100/187 (381)
Open/close/exp size (steps): 332/184/332 (465)
Open/close/exp size (steps): 478/285/478 (566)
Open/close/exp size (steps): 672/407/672 (688)
Open/close/exp size (steps): 685/554/685 (835)
Open/close/exp size (steps): 707/731/707 (1012)
Open/close/exp size (steps): 769/944/769 (1225)
Open/close/exp size (steps): 799/1200/799 (1481)
Open/close/exp size (steps): 895/1508/895 (1789)
Open/close/exp size (steps): 1060/1878/1060 (2159)
Open/close/exp size (steps): 1264/2322/1264 (2603)
Open/close/exp size (steps): 1770/2855/1770 (3136)
Open/close/exp size (steps): 1450/3495/1450 (3776)
Open/close/exp size (steps): 1489/4263/1489 (4544)
Open/close/exp size (steps): 1994/5185/1994 (5466)
Open/close/exp size (steps): 2307/6292/2307 (6573)
Open/close/exp size (steps): 3348/7621/3348 (7902)
Open/close/exp size (steps): 3562/9216/3562 (9497)
0 0 1 0 0 0 0 0 0 0 0 0 0 0 0 2 0 0 0 0 0 0 0 0 0 0 0 0 0 0 0 0 0 0 0 0 0 0 0 0 0 0 0 0 0 0 0 0 0 0 0 0 0 0 0 0 
0 0 0 0 0 0 0 0 0 0 1 0 0 0 0 0 0 0 0 0 0 0 2 0 0 0 0 0 0 0 0 0 0 0 0 0 0 0 0 0 0 0 0 0 0 0 0 0 0 0 0 0 0 0 0 0 
0 0 0 0 0 0 0 0 0 0 0 0 0 0 0 0 1 0 0 0 0 0 0 0 0 0 0 0 0 2 0 0 0 0 0 0 0 0 0 0 0 0 0 0 0 0 0 0 0 0 0 0 0 0 0 0 
0 0 0 0 0 0 0 0 0 0 0 0 0 0 0 0 0 0 0 0 0 0 0 1 0 0 0 0 0 0 2 0 0 0 0 0 0 0 0 0 0 0 0 0 0 0 0 0 0 0 0 0 0 0 0 0 
0 0 0 0 0 0 0 0 0 0 0 0 0 0 0 0 0 0 0 0 0 0 0 0 1 0 0 0 0 0 2 0 0 0 0 0 0 0 0 0 0 0 0 0 0 0 0 0 0 0 0 0 0 0 0 0 
0 0 0 0 0 0 0 0 0 0 0 0 0 0 0 0 0 0 0 0 0 0 0 0 0 0 0 0 0 0 2 1 0 0 0 0 0 0 0 0 0 0 0 0 0 0 0 0 0 0 0 0 0 0 0 0 
0 0 0 0 0 0 0 0 0 0 0 0 0 0 0 0 0 0 0 0 0 0 0 0 0 0 0 0 0 0 2 0 0 0 0 0 0 0 1 0 0 0 0 0 0 0 0 0 0 0 0 0 0 0 0 0 
0 0 0 0 0 0 0 0 0 0 0 0 0 0 0 0 0 0 0 0 0 0 0 0 0 0 0 0 0 0 2 0 0 0 0 0 0 0 0 1 0 0 0 0 0 0 0 0 0 0 0 0 0 0 0 0 
0 0 0 0 0 0 0 0 0 0 0 0 0 0 0 0 0 0 0 0 0 0 0 0 0 0 0 0 0 0 2 0 0 0 0 0 0 0 0 0 1 0 0 0 0 0 0 0 0 0 0 0 0 0 0 0 
0 0 0 0 0 0 0 0 0 0 0 0 0 0 0 0 0 0 0 0 0 0 0 0 0 0 0 0 0 0 2 0 0 0 0 0 0 0 0 0 0 1 0 0 0 0 0 0 0 0 0 0 0 0 0 0 

0 0 1 0 0 0 0 0 0 0 0 0 0 0 0 2 0 0 0 0 0 0 0 0 0 0 0 0 0 0 0 0 0 0 0 0 0 0 0 0 0 0 0 0 0 0 0 0 0 0 0 0 0 0 0 0 
0 0 0 0 0 0 0 0 0 0 1 0 0 0 0 0 0 0 0 0 0 0 2 0 0 0 0 0 0 0 0 0 0 0 0 0 0 0 0 0 0 0 0 0 0 0 0 0 0 0 0 0 0 0 0 0 
0 0 0 0 0 0 0 0 0 0 0 0 0 0 0 0 1 0 0 0 0 0 0 0 0 0 0 0 0 2 0 0 0 0 0 0 0 0 0 0 0 0 0 0 0 0 0 0 0 0 0 0 0 0 0 0 
0 0 0 0 0 0 0 0 0 0 0 0 0 0 0 0 0 0 0 0 0 0 0 1 0 0 0 0 0 0 2 0 0 0 0 0 0 0 0 0 0 0 0 0 0 0 0 0 0 0 0 0 0 0 0 0 
0 0 0 0 0 0 0 0 0 0 0 0 0 0 0 0 0 0 0 0 0 0 0 0 1 0 0 0 0 0 2 0 0 0 0 0 0 0 0 0 0 0 0 0 0 0 0 0 0 0 0 0 0 0 0 0 
0 0 0 0 0 0 0 0 0 0 0 0 0 0 0 0 0 0 0 0 0 0 0 0 0 0 0 0 0 0 2 1 0 0 0 0 0 0 0 0 0 0 0 0 0 0 0 0 0 0 0 0 0 0 0 0 
0 0 0 0 0 0 0 0 0 0 0 0 0 0 0 0 0 0 0 0 0 0 0 0 0 0 0 0 0 0 2 0 0 0 0 0 0 0 1 0 0 0 0 0 0 0 0 0 0 0 0 0 0 0 0 0 
0 0 0 0 0 0 0 0 0 0 0 0 0 0 0 0 0 0 0 0 0 0 0 0 0 0 0 0 0 0 2 0 0 0 0 0 0 0 0 1 0 0 0 0 0 0 0 0 0 0 0 0 0 0 0 0 
0 0 0 0 0 0 0 0 0 0 0 0 0 0 0 0 0 0 0 0 0 0 0 0 0 0 0 0 0 0 2 0 0 0 0 0 0 0 0 0 1 0 0 0 0 0 0 0 0 0 0 0 0 0 0 0 
0 0 0 0 0 0 0 0 0 0 0 0 0 0 0 0 0 0 0 0 0 0 0 0 0 0 0 0 0 0 2 0 0 0 0 0 0 0 0 0 0 1 0 0 0 0 0 0 0 0 0 0 0 0 0 0 

0 0 1 0 0 0 0 0 0 0 0 0 0 0 0 2 0 0 0 0 0 0 0 0 0 0 0 0 0 0 0 0 0 0 0 0 0 0 0 0 0 0 0 0 0 0 0 0 0 0 0 0 0 0 0 0 
0 0 0 0 0 0 0 0 0 0 1 0 0 0 0 0 0 0 0 0 0 0 2 0 0 0 0 0 0 0 0 0 0 0 0 0 0 0 0 0 0 0 0 0 0 0 0 0 0 0 0 0 0 0 0 0 
0 0 0 0 0 0 0 0 0 0 0 0 0 0 0 0 1 0 0 0 0 0 0 0 0 0 0 0 0 2 0 0 0 0 0 0 0 0 0 0 0 0 0 0 0 0 0 0 0 0 0 0 0 0 0 0 
0 0 0 0 0 0 0 0 0 0 0 0 0 0 0 0 0 0 0 0 0 0 0 1 0 0 0 0 0 0 2 0 0 0 0 0 0 0 0 0 0 0 0 0 0 0 0 0 0 0 0 0 0 0 0 0 
0 0 0 0 0 0 0 0 0 0 0 0 0 0 0 0 0 0 0 0 0 0 0 0 1 0 0 0 0 0 2 0 0 0 0 0 0 0 0 0 0 0 0 0 0 0 0 0 0 0 0 0 0 0 0 0 
0 0 0 0 0 0 0 0 0 0 0 0 0 0 0 0 0 0 0 0 0 0 0 0 0 0 0 0 0 0 2 1 0 0 0 0 0 0 0 0 0 0 0 0 0 0 0 0 0 0 0 0 0 0 0 0 
0 0 0 0 0 0 0 0 0 0 0 0 0 0 0 0 0 0 0 0 0 0 0 0 0 0 0 0 0 0 2 0 0 0 0 0 0 0 1 0 0 0 0 0 0 0 0 0 0 0 0 0 0 0 0 0 
0 0 0 0 0 0 0 0 0 0 0 0 0 0 0 0 0 0 0 0 0 0 0 0 0 0 0 0 0 0 2 0 0 0 0 0 0 0 0 1 0 0 0 0 0 0 0 0 0 0 0 0 0 0 0 0 
0 0 0 0 0 0 0 0 0 0 0 0 0 0 0 0 0 0 0 0 0 0 0 0 0 0 0 0 0 0 2 0 0 0 0 0 0 0 0 0 1 0 0 0 0 0 0 0 0 0 0 0 0 0 0 0 
0 0 0 0 0 0 0 0 0 0 0 0 0 0 0 0 0 0 0 0 0 0 0 0 0 0 0 0 0 0 2 0 0 0 0 0 0 0 0 0 0 1 0 0 0 0 0 0 0 0 0 0 0 0 0 0 

Groups 0 and 3 collide.
Solution of group 0
Mulirobot solution: (|moves| = 12, paralellism = 1.333) [
    Step 0: 1#2->10 2#15->22 
    Step 1: 1#10->16 2#22->29 
    Step 2: 1#16->23 2#29->30 
    Step 3: 1#23->24 
    Step 4: 1#24->31 
    Step 5: 1#31->38 
    Step 6: 1#38->39 
    Step 7: 1#39->40 
    Step 8: 1#40->41 
]
Solution of group 3
Mulirobot solution: (|moves| = 8, paralellism = 1.000) [
    Step 0: 1#6->5 
    Step 1: 1#5->4 
    Step 2: 1#4->12 
    Step 3: 1#12->18 
    Step 4: 1#18->25 
    Step 5: 1#25->32 
    Step 6: 1#32->39 
    Step 7: 1#39->47 
]
Occupation table complementary for group 0
0 0 0 0 0 1 1 1 1 0 0 0 1 0 1 0 0 0 1 1 0 0 0 0 0 0 0 0 0 1 1 1 0 0 0 0 0 0 0 0 1 1 0 1 1 0 1 1 0 0 1 1 1 1 1 1 
0 0 0 0 1 1 1 0 0 1 0 0 1 1 0 0 0 0 1 0 0 0 1 1 0 0 0 0 0 0 0 0 1 0 1 0 1 0 1 1 0 0 0 1 1 1 1 1 1 1 0 0 0 0 0 0 
0 0 0 1 1 1 1 0 0 0 0 1 1 0 0 1 1 0 0 0 0 0 0 1 0 1 0 0 0 1 0 1 1 1 0 0 0 0 1 1 1 0 0 0 1 1 0 0 0 1 0 1 0 0 0 0 
0 0 1 0 1 0 1 0 0 0 1 0 1 0 0 0 1 1 0 0 0 0 0 0 1 1 1 0 1 0 0 1 1 1 0 0 1 0 1 0 1 0 0 0 0 0 0 0 0 1 0 1 0 0 0 0 
0 1 0 1 1 0 1 0 0 0 1 0 0 0 0 0 0 1 1 0 0 0 0 0 1 1 1 0 1 1 0 0 1 1 0 0 0 0 1 0 0 1 0 0 0 0 0 0 0 1 0 1 1 0 0 0 
0 0 1 0 1 0 1 0 0 1 1 1 0 0 0 0 0 1 1 1 0 0 1 0 0 1 1 0 1 0 0 0 1 1 0 0 0 0 1 0 0 0 1 0 0 0 0 0 0 1 0 1 0 1 0 0 
0 1 0 0 1 0 1 0 0 0 1 1 1 0 0 1 0 0 1 1 1 0 0 0 0 1 1 0 1 0 0 0 1 1 0 0 0 0 1 0 0 0 1 0 0 0 0 0 0 1 0 1 0 1 0 0 
0 0 0 0 1 0 1 0 0 1 1 0 1 1 0 0 0 0 1 1 0 0 1 0 0 1 1 0 1 0 0 0 1 1 0 0 0 0 1 1 0 0 1 0 0 0 0 0 0 1 0 1 0 1 0 0 
0 0 0 0 1 0 1 0 0 1 1 0 1 1 1 1 0 0 1 1 0 0 0 0 0 1 1 0 1 1 0 0 1 1 0 0 0 0 1 0 0 0 1 0 0 0 0 1 0 1 0 1 0 1 0 0 
0 0 0 0 1 0 1 0 1 1 1 0 1 1 1 1 0 0 1 1 0 0 0 0 0 1 1 0 1 0 0 0 1 1 0 0 1 0 1 0 0 0 1 0 0 0 0 1 0 1 0 1 0 1 0 0 
0 0 0 0 1 0 1 0 1 1 1 0 1 1 1 1 0 0 1 1 0 0 0 0 0 1 1 0 1 0 0 0 1 1 0 0 0 0 1 0 0 0 1 0 1 0 0 1 0 1 0 1 0 1 0 0 
0 0 0 0 1 0 1 0 1 1 1 0 1 1 1 1 0 0 1 1 0 0 0 0 0 1 1 0 1 0 0 0 1 1 0 0 0 0 1 0 0 0 1 1 0 0 0 1 0 1 0 1 0 1 0 0 

Occupation table complementary for group 3
0 0 1 0 0 1 0 1 1 0 0 0 1 0 1 2 0 0 1 1 0 0 0 0 0 0 0 0 0 1 1 1 0 0 0 0 0 0 0 0 1 1 0 1 1 0 1 1 0 0 1 1 1 1 1 1 
0 0 0 0 1 0 1 0 0 1 1 0 1 1 0 0 0 0 1 0 0 0 1 1 0 0 0 0 0 0 0 0 1 0 1 0 1 0 1 1 0 0 0 1 1 1 1 1 1 1 0 0 0 0 0 0 
0 0 0 1 0 1 1 0 0 0 0 1 1 0 0 1 1 0 0 0 0 0 0 1 0 1 0 0 0 1 0 1 1 1 0 0 0 0 1 1 1 0 0 0 1 1 0 0 0 1 0 1 0 0 0 0 
0 0 1 0 1 0 1 0 0 0 1 0 0 0 0 0 1 1 0 0 0 0 0 1 1 1 1 0 1 0 2 1 1 1 0 0 1 0 1 0 1 0 0 0 0 0 0 0 0 1 0 1 0 0 0 0 
0 1 0 1 1 0 1 0 0 0 1 0 0 0 0 0 0 1 1 0 0 0 0 0 1 1 1 0 1 1 2 0 1 1 0 0 0 0 1 0 0 1 0 0 0 0 0 0 0 1 0 1 1 0 0 0 
0 0 1 0 1 0 1 0 0 1 1 1 0 0 0 0 0 1 1 1 0 0 1 0 0 1 1 0 1 0 2 1 1 1 0 0 0 0 1 0 0 0 1 0 0 0 0 0 0 1 0 1 0 1 0 0 
0 1 0 0 1 0 1 0 0 0 1 1 1 0 0 1 0 0 1 1 1 0 0 0 0 1 1 0 1 0 2 0 1 1 0 0 0 0 1 0 0 0 1 0 0 0 0 0 0 1 0 1 0 1 0 0 
0 0 0 0 1 0 1 0 0 1 1 0 1 1 0 0 0 0 1 1 0 0 1 0 0 1 1 0 1 0 2 0 1 1 0 0 0 0 1 1 0 0 1 0 0 0 0 0 0 1 0 1 0 1 0 0 
0 0 0 0 1 0 1 0 0 1 1 0 1 1 1 1 0 0 1 1 0 0 0 0 0 1 1 0 1 1 2 0 1 1 0 0 0 0 1 0 1 0 1 0 0 0 0 0 0 1 0 1 0 1 0 0 
0 0 0 0 1 0 1 0 1 1 1 0 1 1 1 1 0 0 1 1 0 0 0 0 0 1 1 0 1 0 2 0 1 1 0 0 1 0 1 0 0 1 1 0 0 0 0 0 0 1 0 1 0 1 0 0 
0 0 0 0 1 0 1 0 1 1 1 0 1 1 1 1 0 0 1 1 0 0 0 0 0 1 1 0 1 0 2 0 1 1 0 0 0 0 1 0 0 1 1 0 1 0 0 0 0 1 0 1 0 1 0 0 
0 0 0 0 1 0 1 0 1 1 1 0 1 1 1 1 0 0 1 1 0 0 0 0 0 1 1 0 1 0 2 0 1 1 0 0 0 0 1 0 0 1 1 1 0 0 0 0 0 1 0 1 0 1 0 0 

Unable to resolve collision between groups 0 and 3.
Merging groups 0 and 3.
Searching solution for merged group 0+3.
Open/close/exp size (steps): 1212/1300/1212 (11411)
Open/close/exp size (steps): 2999/3597/2999 (13708)
Open/close/exp size (steps): 7640/6354/7640 (16465)
Open/close/exp size (steps): 6744/9663/6744 (19774)
Open/close/exp size (steps): 11997/13634/11997 (23745)
Open/close/exp size (steps): 18102/18400/18102 (28511)
Open/close/exp size (steps): 22244/24120/22244 (34231)
Open/close/exp size (steps): 18736/30984/18736 (41095)
Open/close/exp size (steps): 14186/39221/14186 (49332)
Open/close/exp size (steps): 17752/49106/17752 (59217)
Open/close/exp size (steps): 27249/60968/27249 (71079)
Open/close/exp size (steps): 29098/75203/29098 (85314)
Open/close/exp size (steps): 36388/92285/36388 (102396)
Open/close/exp size (steps): 34926/112784/34926 (122895)
Open/close/exp size (steps): 41118/137383/41118 (147494)
Open/close/exp size (steps): 63853/166902/63853 (177013)
Open/close/exp size (steps): 82190/202325/82190 (212436)
Open/close/exp size (steps): 87969/244833/87969 (254944)
Open/close/exp size (steps): 64914/295843/64914 (305954)
Open/close/exp size (steps): 91762/357055/91762 (367166)
Open/close/exp size (steps): 131439/430510/131439 (440621)
Open/close/exp size (steps): 154349/518656/154349 (528767)
Open/close/exp size (steps): 135916/624432/135916 (634543)
Open/close/exp size (steps): 119328/751364/119328 (761475)
0 0 1 0 0 0 3 0 0 0 0 0 0 0 0 2 0 0 0 0 0 0 0 0 0 0 0 0 0 0 0 0 0 0 0 0 0 0 0 0 0 0 0 0 0 0 0 0 0 0 0 0 0 0 0 0 
0 0 0 0 0 0 0 0 0 0 1 0 0 3 0 0 0 0 0 0 0 0 2 0 0 0 0 0 0 0 0 0 0 0 0 0 0 0 0 0 0 0 0 0 0 0 0 0 0 0 0 0 0 0 0 0 
0 0 0 0 0 0 0 0 0 0 0 0 0 0 0 0 1 0 0 0 3 0 0 0 0 0 0 0 0 2 0 0 0 0 0 0 0 0 0 0 0 0 0 0 0 0 0 0 0 0 0 0 0 0 0 0 
0 0 0 0 0 0 0 0 0 0 0 0 0 0 0 0 0 0 0 3 0 0 0 1 0 0 0 0 0 0 2 0 0 0 0 0 0 0 0 0 0 0 0 0 0 0 0 0 0 0 0 0 0 0 0 0 
0 0 0 0 0 0 0 0 0 0 0 0 0 0 0 0 0 0 0 0 0 0 0 0 1 0 3 0 0 0 2 0 0 0 0 0 0 0 0 0 0 0 0 0 0 0 0 0 0 0 0 0 0 0 0 0 
0 0 0 0 0 0 0 0 0 0 0 0 0 0 0 0 0 0 0 0 0 0 0 0 0 0 0 0 0 0 2 1 0 3 0 0 0 0 0 0 0 0 0 0 0 0 0 0 0 0 0 0 0 0 0 0 
0 0 0 0 0 0 0 0 0 0 0 0 0 0 0 0 0 0 0 0 0 0 0 0 0 0 0 0 0 0 2 0 0 0 0 0 0 0 1 0 3 0 0 0 0 0 0 0 0 0 0 0 0 0 0 0 
0 0 0 0 0 0 0 0 0 0 0 0 0 0 0 0 0 0 0 0 0 0 0 0 0 0 0 0 0 0 2 0 0 0 0 0 0 0 0 1 0 0 0 0 0 0 0 0 3 0 0 0 0 0 0 0 
0 0 0 0 0 0 0 0 0 0 0 0 0 0 0 0 0 0 0 0 0 0 0 0 0 0 0 0 0 0 2 0 0 0 0 0 0 0 0 0 1 0 0 0 0 0 0 3 0 0 0 0 0 0 0 0 
0 0 0 0 0 0 0 0 0 0 0 0 0 0 0 0 0 0 0 0 0 0 0 0 0 0 0 0 0 0 2 0 0 0 0 0 0 0 0 0 0 1 0 0 0 0 0 3 0 0 0 0 0 0 0 0 

Groups 0 and 1 collide.
Solution of group 0
Mulirobot solution: (|moves| = 20, paralellism = 2.222) [
    Step 0: 1#2->10 2#15->22 3#6->13 
    Step 1: 1#10->16 2#22->29 3#13->20 
    Step 2: 1#16->23 2#29->30 3#20->19 
    Step 3: 1#23->24 3#19->26 
    Step 4: 1#24->31 3#26->33 
    Step 5: 1#31->38 3#33->40 
    Step 6: 1#38->39 3#40->48 
    Step 7: 1#39->40 3#48->47 
    Step 8: 1#40->41 
]
Solution of group 1
Mulirobot solution: (|moves| = 2, paralellism = 1.000) [
    Step 0: 1#31->32 
    Step 1: 1#32->33 
]
Occupation table complementary for group 0
0 0 0 0 0 1 0 1 1 0 0 0 1 0 1 0 0 0 1 1 0 0 0 0 0 0 0 0 0 1 1 1 0 0 0 0 0 0 0 0 1 1 0 1 1 0 1 1 0 0 1 1 1 1 1 1 
0 0 0 0 1 0 1 0 0 1 0 0 1 1 0 0 0 0 1 0 0 0 1 1 0 0 0 0 0 0 0 0 1 0 1 0 1 0 1 1 0 0 0 1 1 1 1 1 1 1 0 0 0 0 0 0 
0 0 0 1 0 1 1 0 0 0 0 1 1 0 0 1 1 0 0 0 0 0 0 1 0 1 0 0 0 1 0 1 1 1 0 0 0 0 1 1 1 0 0 0 1 1 0 0 0 1 0 1 0 0 0 0 
0 0 1 0 1 0 1 0 0 0 1 0 0 0 0 0 1 1 0 0 0 0 0 0 1 1 1 0 1 0 0 1 1 1 0 0 1 0 1 0 1 0 0 0 0 0 0 0 0 1 0 1 0 0 0 0 
0 1 0 1 1 0 1 0 0 0 1 0 0 0 0 0 0 1 1 0 0 0 0 0 1 1 1 0 1 1 0 0 1 1 0 0 0 0 1 0 0 1 0 0 0 0 0 0 0 1 0 1 1 0 0 0 
0 0 1 0 1 0 1 0 0 1 1 1 0 0 0 0 0 1 1 1 0 0 1 0 0 1 1 0 1 0 0 0 1 1 0 0 0 0 1 0 0 0 1 0 0 0 0 0 0 1 0 1 0 1 0 0 
0 1 0 0 1 0 1 0 0 0 1 1 1 0 0 1 0 0 1 1 1 0 0 0 0 1 1 0 1 0 0 0 1 1 0 0 0 0 1 0 0 0 1 0 0 0 0 0 0 1 0 1 0 1 0 0 
0 0 0 0 1 0 1 0 0 1 1 0 1 1 0 0 0 0 1 1 0 0 1 0 0 1 1 0 1 0 0 0 1 1 0 0 0 0 1 0 0 0 1 0 0 0 0 0 0 1 0 1 0 1 0 0 
0 0 0 0 1 0 1 0 0 1 1 0 1 1 1 1 0 0 1 1 0 0 0 0 0 1 1 0 1 1 0 0 1 1 0 0 0 0 1 0 0 0 1 0 0 0 0 0 0 1 0 1 0 1 0 0 
0 0 0 0 1 0 1 0 1 1 1 0 1 1 1 1 0 0 1 1 0 0 0 0 0 1 1 0 1 0 0 0 1 1 0 0 1 0 1 0 0 0 1 0 0 0 0 0 0 1 0 1 0 1 0 0 
0 0 0 0 1 0 1 0 1 1 1 0 1 1 1 1 0 0 1 1 0 0 0 0 0 1 1 0 1 0 0 0 1 1 0 0 0 0 1 0 0 0 1 0 1 0 0 0 0 1 0 1 0 1 0 0 
0 0 0 0 1 0 1 0 1 1 1 0 1 1 1 1 0 0 1 1 0 0 0 0 0 1 1 0 1 0 0 0 1 1 0 0 0 0 1 0 0 0 1 1 0 0 0 0 0 1 0 1 0 1 0 0 

Occupation table complementary for group 1
0 0 1 0 0 1 3 1 1 0 0 0 1 0 1 2 0 0 1 1 0 0 0 0 0 0 0 0 0 1 1 0 0 0 0 0 0 0 0 0 1 1 0 1 1 0 1 1 0 0 1 1 1 1 1 1 
0 0 0 0 1 0 1 0 0 1 1 0 1 1 0 0 0 0 1 0 0 0 1 1 0 0 0 0 0 0 0 0 0 0 1 0 1 0 1 1 0 0 0 1 1 1 1 1 1 1 0 0 0 0 0 0 
0 0 0 1 0 1 1 0 0 0 0 1 1 0 0 1 1 0 0 0 3 0 0 1 0 1 0 0 0 1 0 1 1 1 0 0 0 0 1 1 1 0 0 0 1 1 0 0 0 1 0 1 0 0 0 0 
0 0 1 0 1 0 1 0 0 0 1 0 0 0 0 0 1 1 0 3 0 0 0 1 1 1 1 0 1 0 2 1 1 1 0 0 1 0 1 0 1 0 0 0 0 0 0 0 0 1 0 1 0 0 0 0 
0 1 0 1 1 0 1 0 0 0 1 0 0 0 0 0 0 1 1 0 0 0 0 0 1 1 1 0 1 1 2 0 1 0 0 0 0 0 1 0 0 1 0 0 0 0 0 0 0 1 0 1 1 0 0 0 
0 0 1 0 1 0 1 0 0 1 1 1 0 0 0 0 0 1 1 1 0 0 1 0 0 1 1 0 1 0 2 1 1 3 0 0 0 0 1 0 0 0 1 0 0 0 0 0 0 1 0 1 0 1 0 0 
0 1 0 0 1 0 1 0 0 0 1 1 1 0 0 1 0 0 1 1 1 0 0 0 0 1 1 0 1 0 2 0 1 0 0 0 0 0 1 0 3 0 1 0 0 0 0 0 0 1 0 1 0 1 0 0 
0 0 0 0 1 0 1 0 0 1 1 0 1 1 0 0 0 0 1 1 0 0 1 0 0 1 1 0 1 0 2 0 1 0 0 0 0 0 1 1 0 0 1 0 0 0 0 0 3 1 0 1 0 1 0 0 
0 0 0 0 1 0 1 0 0 1 1 0 1 1 1 1 0 0 1 1 0 0 0 0 0 1 1 0 1 1 2 0 1 0 0 0 0 0 1 0 1 0 1 0 0 0 0 3 0 1 0 1 0 1 0 0 
0 0 0 0 1 0 1 0 1 1 1 0 1 1 1 1 0 0 1 1 0 0 0 0 0 1 1 0 1 0 2 0 1 0 0 0 1 0 1 0 0 1 1 0 0 0 0 3 0 1 0 1 0 1 0 0 
0 0 0 0 1 0 1 0 1 1 1 0 1 1 1 1 0 0 1 1 0 0 0 0 0 1 1 0 1 0 2 0 1 0 0 0 0 0 1 0 0 1 1 0 1 0 0 3 terminate called after throwing an instance of 'std::bad_alloc'
  what():  std::bad_alloc
0 1 0 1 0 1 0 0 
0 0 0 0 1 0 1 0 1 1 1 0 1 1 1 1 0 0 1 1 0 0 0 0 0 1 1 0 1 0 2 0 1 0 0 0 0 0 1 0 0 1 1 1 0 0 0 3 0 1 0 1 0 1 0 0 

** Open/close/exp size (steps): 1/0/1 (50)
Unable to resolve collision between groups 0 and 1.
Merging groups 0 and 1.
Searching solution for merged group 0+1.
Open/close/exp size (steps): 60261/125564/60261 (913794)
Open/close/exp size (steps): 273949/308347/273949 (1096577)
Aborted (core dumped)
