================================================================
reLOC 0.13-odaiba : Multirobot Solver
(C) Copyright 2016 Pavel Surynek
----------------------------------------------------------------
Reading graph...
Reading graph... FINISHED
Reading initial arrangement...
Reading initial arrangement... FINISHED.
Reading goal arrangement...
Reading goal arrangement... FINISHED.
Building instance...
Building instance... FINISHED.
Open/close/exp size (steps): 5/1/5 (2)
Open/close/exp size (steps): 16/4/16 (5)
Open/close/exp size (steps): 27/8/27 (9)
Open/close/exp size (steps): 1/0/1 (14)
Open/close/exp size (steps): 24/6/24 (20)
Open/close/exp size (steps): 8/2/8 (28)
Open/close/exp size (steps): 8/2/8 (38)
Open/close/exp size (steps): 8/2/8 (50)
Open/close/exp size (steps): 40/17/40 (65)
Open/close/exp size (steps): 78/35/78 (83)
Open/close/exp size (steps): 117/57/117 (105)
Open/close/exp size (steps): 168/84/168 (132)
Open/close/exp size (steps): 4/1/4 (165)
Open/close/exp size (steps): 47/19/47 (205)
Open/close/exp size (steps): 43/17/43 (253)
Open/close/exp size (steps): 55/22/55 (311)
Open/close/exp size (steps): 39/14/39 (381)
Open/close/exp size (steps): 34/10/34 (465)
Open/close/exp size (steps): 114/56/114 (566)
Open/close/exp size (steps): 36/13/36 (688)
Open/close/exp size (steps): 134/63/134 (835)
Open/close/exp size (steps): 163/83/163 (1012)
Open/close/exp size (steps): 225/124/225 (1225)
Open/close/exp size (steps): 24/7/24 (1481)
Open/close/exp size (steps): 254/135/254 (1789)
Open/close/exp size (steps): 24/11/24 (2159)
Open/close/exp size (steps): 53/19/53 (2603)
Open/close/exp size (steps): 89/39/89 (3136)
Open/close/exp size (steps): 255/142/255 (3776)
Open/close/exp size (steps): 73/32/73 (4544)
Open/close/exp size (steps): 73/35/73 (5466)
0 0 0 0 0 0 0 0 0 0 0 0 0 0 0 0 0 0 0 0 0 0 0 0 0 0 0 0 0 0 0 0 0 0 0 0 0 0 0 0 0 0 0 0 0 0 0 0 0 0 0 0 0 0 0 0 0 0 0 0 0 0 0 0 0 0 0 0 0 0 0 0 0 0 0 0 0 0 0 0 0 0 0 0 0 0 0 0 0 0 0 0 0 0 0 0 0 0 0 0 0 0 0 0 0 0 0 0 0 0 0 0 0 0 0 0 0 0 0 0 0 0 0 0 0 0 0 0 0 0 0 0 0 0 0 0 0 0 0 1 0 0 0 0 0 0 0 0 0 0 0 0 0 0 0 0 0 0 0 0 0 0 0 0 0 0 0 0 0 0 0 0 0 0 0 0 0 0 0 0 0 0 0 0 0 0 0 0 0 0 0 0 0 0 0 0 0 0 0 0 0 0 0 0 0 0 0 0 0 0 0 0 0 0 0 0 0 0 0 0 0 0 0 0 0 0 0 0 0 
0 0 0 0 0 0 0 0 0 0 0 0 0 0 0 0 0 0 0 0 0 0 0 0 0 0 0 0 0 0 0 0 0 0 0 0 0 0 0 0 0 0 0 0 0 0 0 0 0 0 0 0 0 0 0 0 0 0 0 0 0 0 0 0 0 0 0 0 0 0 0 0 0 0 0 0 0 0 0 0 0 0 0 0 0 0 0 0 0 0 0 0 0 0 0 0 0 0 0 0 0 0 0 0 0 0 0 0 0 0 0 0 0 0 0 0 0 0 0 0 0 0 0 1 0 0 0 0 0 0 0 0 0 0 0 0 0 0 0 0 0 0 0 0 0 0 0 0 0 0 0 0 0 0 0 0 0 0 0 0 0 0 0 0 0 0 0 0 0 0 0 0 0 0 0 0 0 0 0 0 0 0 0 0 0 0 0 0 0 0 0 0 0 0 0 0 0 0 0 0 0 0 0 0 0 0 0 0 0 0 0 0 0 0 0 0 0 0 0 0 0 0 0 0 0 0 0 0 0 
0 0 0 0 0 0 0 0 0 0 0 0 0 0 0 0 0 0 0 0 0 0 0 0 0 0 0 0 0 0 0 0 0 0 0 0 0 0 0 0 0 0 0 0 0 0 0 0 0 0 0 0 0 0 0 0 0 0 0 0 0 0 0 0 0 0 0 0 0 0 0 0 0 0 0 0 0 0 0 0 0 0 0 0 0 0 0 0 0 0 0 0 0 0 0 0 0 0 0 0 0 0 0 0 0 0 0 0 1 0 0 0 0 0 0 0 0 0 0 0 0 0 0 0 0 0 0 0 0 0 0 0 0 0 0 0 0 0 0 0 0 0 0 0 0 0 0 0 0 0 0 0 0 0 0 0 0 0 0 0 0 0 0 0 0 0 0 0 0 0 0 0 0 0 0 0 0 0 0 0 0 0 0 0 0 0 0 0 0 0 0 0 0 0 0 0 0 0 0 0 0 0 0 0 0 0 0 0 0 0 0 0 0 0 0 0 0 0 0 0 0 0 0 0 0 0 0 0 0 
0 0 0 0 0 0 0 0 0 0 0 0 0 0 0 0 0 0 0 0 0 0 0 0 0 0 0 0 0 0 0 0 0 0 0 0 0 0 0 0 0 0 0 0 0 0 0 0 0 0 0 0 0 0 0 0 0 0 0 0 0 0 0 0 0 0 0 0 0 0 0 0 0 0 0 0 0 0 0 0 0 0 0 0 0 0 0 0 0 0 0 0 0 0 0 0 0 0 0 0 0 0 0 0 0 0 0 1 0 0 0 0 0 0 0 0 0 0 0 0 0 0 0 0 0 0 0 0 0 0 0 0 0 0 0 0 0 0 0 0 0 0 0 0 0 0 0 0 0 0 0 0 0 0 0 0 0 0 0 0 0 0 0 0 0 0 0 0 0 0 0 0 0 0 0 0 0 0 0 0 0 0 0 0 0 0 0 0 0 0 0 0 0 0 0 0 0 0 0 0 0 0 0 0 0 0 0 0 0 0 0 0 0 0 0 0 0 0 0 0 0 0 0 0 0 0 0 0 0 
0 0 0 0 0 0 0 0 0 0 0 0 0 0 0 0 0 0 0 0 0 0 0 0 0 0 0 0 0 0 0 0 0 0 0 0 0 0 0 0 0 0 0 0 0 0 0 0 0 0 0 0 0 0 0 0 0 0 0 0 0 0 0 0 0 0 0 0 0 0 0 0 0 0 0 0 0 0 0 0 0 0 0 0 0 0 0 0 0 0 0 0 0 0 0 0 0 0 0 0 0 0 0 0 0 0 1 0 0 0 0 0 0 0 0 0 0 0 0 0 0 0 0 0 0 0 0 0 0 0 0 0 0 0 0 0 0 0 0 0 0 0 0 0 0 0 0 0 0 0 0 0 0 0 0 0 0 0 0 0 0 0 0 0 0 0 0 0 0 0 0 0 0 0 0 0 0 0 0 0 0 0 0 0 0 0 0 0 0 0 0 0 0 0 0 0 0 0 0 0 0 0 0 0 0 0 0 0 0 0 0 0 0 0 0 0 0 0 0 0 0 0 0 0 0 0 0 0 0 
0 0 0 0 0 0 0 0 0 0 0 0 0 0 0 0 0 0 0 0 0 0 0 0 0 0 0 0 0 0 0 0 0 0 0 0 0 0 0 0 0 0 0 0 0 0 0 0 0 0 0 0 0 0 0 0 0 0 0 0 0 0 0 0 0 0 0 0 0 0 0 0 0 0 0 0 0 0 0 0 0 0 0 0 0 0 0 0 0 0 0 0 0 0 0 0 0 0 0 0 0 0 0 0 0 1 0 0 0 0 0 0 0 0 0 0 0 0 0 0 0 0 0 0 0 0 0 0 0 0 0 0 0 0 0 0 0 0 0 0 0 0 0 0 0 0 0 0 0 0 0 0 0 0 0 0 0 0 0 0 0 0 0 0 0 0 0 0 0 0 0 0 0 0 0 0 0 0 0 0 0 0 0 0 0 0 0 0 0 0 0 0 0 0 0 0 0 0 0 0 0 0 0 0 0 0 0 0 0 0 0 0 0 0 0 0 0 0 0 0 0 0 0 0 0 0 0 0 0 
0 0 0 0 0 0 0 0 0 0 0 0 0 0 0 0 0 0 0 0 0 0 0 0 0 0 0 0 0 0 0 0 0 0 0 0 0 0 0 0 0 0 0 0 0 0 0 0 0 0 0 0 0 0 0 0 0 0 0 0 0 0 0 0 0 0 0 0 0 0 0 0 0 0 0 0 0 0 0 0 0 0 0 0 0 0 0 0 0 0 0 0 0 0 0 0 0 0 0 0 0 0 0 0 0 1 0 0 0 0 0 0 0 0 0 0 0 0 0 0 0 0 0 0 0 0 0 0 0 0 0 0 0 0 0 0 0 0 0 0 0 0 0 0 0 0 0 0 0 0 0 0 0 0 0 0 0 0 0 0 0 0 0 0 0 0 0 0 0 0 0 0 0 0 0 0 0 0 0 0 0 0 0 0 0 0 0 0 0 0 0 0 0 0 0 0 0 0 0 0 0 0 0 0 0 0 0 0 0 0 0 0 0 0 0 0 0 0 0 0 0 0 0 0 0 0 0 0 0 
0 0 0 0 0 0 0 0 0 0 0 0 0 0 0 0 0 0 0 0 0 0 0 0 0 0 0 0 0 0 0 0 0 0 0 0 0 0 0 0 0 0 0 0 0 0 0 0 0 0 0 0 0 0 0 0 0 0 0 0 0 0 0 0 0 0 0 0 0 0 0 0 0 0 0 0 0 0 0 0 0 0 0 0 0 0 0 0 0 0 0 0 0 0 0 0 0 0 0 0 0 0 0 0 0 1 0 0 0 0 0 0 0 0 0 0 0 0 0 0 0 0 0 0 0 0 0 0 0 0 0 0 0 0 0 0 0 0 0 0 0 0 0 0 0 0 0 0 0 0 0 0 0 0 0 0 0 0 0 0 0 0 0 0 0 0 0 0 0 0 0 0 0 0 0 0 0 0 0 0 0 0 0 0 0 0 0 0 0 0 0 0 0 0 0 0 0 0 0 0 0 0 0 0 0 0 0 0 0 0 0 0 0 0 0 0 0 0 0 0 0 0 0 0 0 0 0 0 0 
0 0 0 0 0 0 0 0 0 0 0 0 0 0 0 0 0 0 0 0 0 0 0 0 0 0 0 0 0 0 0 0 0 0 0 0 0 0 0 0 0 0 0 0 0 0 0 0 0 0 0 0 0 0 0 0 0 0 0 0 0 0 0 0 0 0 0 0 0 0 0 0 0 0 0 0 0 0 0 0 0 0 0 0 0 0 0 0 0 0 0 0 0 0 0 0 0 0 0 0 0 0 0 0 0 1 0 0 0 0 0 0 0 0 0 0 0 0 0 0 0 0 0 0 0 0 0 0 0 0 0 0 0 0 0 0 0 0 0 0 0 0 0 0 0 0 0 0 0 0 0 0 0 0 0 0 0 0 0 0 0 0 0 0 0 0 0 0 0 0 0 0 0 0 0 0 0 0 0 0 0 0 0 0 0 0 0 0 0 0 0 0 0 0 0 0 0 0 0 0 0 0 0 0 0 0 0 0 0 0 0 0 0 0 0 0 0 0 0 0 0 0 0 0 0 0 0 0 0 
0 0 0 0 0 0 0 0 0 0 0 0 0 0 0 0 0 0 0 0 0 0 0 0 0 0 0 0 0 0 0 0 0 0 0 0 0 0 0 0 0 0 0 0 0 0 0 0 0 0 0 0 0 0 0 0 0 0 0 0 0 0 0 0 0 0 0 0 0 0 0 0 0 0 0 0 0 0 0 0 0 0 0 0 0 0 0 0 0 0 0 0 0 0 0 0 0 0 0 0 0 0 0 0 0 1 0 0 0 0 0 0 0 0 0 0 0 0 0 0 0 0 0 0 0 0 0 0 0 0 0 0 0 0 0 0 0 0 0 0 0 0 0 0 0 0 0 0 0 0 0 0 0 0 0 0 0 0 0 0 0 0 0 0 0 0 0 0 0 0 0 0 0 0 0 0 0 0 0 0 0 0 0 0 0 0 0 0 0 0 0 0 0 0 0 0 0 0 0 0 0 0 0 0 0 0 0 0 0 0 0 0 0 0 0 0 0 0 0 0 0 0 0 0 0 0 0 0 0 
0 0 0 0 0 0 0 0 0 0 0 0 0 0 0 0 0 0 0 0 0 0 0 0 0 0 0 0 0 0 0 0 0 0 0 0 0 0 0 0 0 0 0 0 0 0 0 0 0 0 0 0 0 0 0 0 0 0 0 0 0 0 0 0 0 0 0 0 0 0 0 0 0 0 0 0 0 0 0 0 0 0 0 0 0 0 0 0 0 0 0 0 0 0 0 0 0 0 0 0 0 0 0 0 0 1 0 0 0 0 0 0 0 0 0 0 0 0 0 0 0 0 0 0 0 0 0 0 0 0 0 0 0 0 0 0 0 0 0 0 0 0 0 0 0 0 0 0 0 0 0 0 0 0 0 0 0 0 0 0 0 0 0 0 0 0 0 0 0 0 0 0 0 0 0 0 0 0 0 0 0 0 0 0 0 0 0 0 0 0 0 0 0 0 0 0 0 0 0 0 0 0 0 0 0 0 0 0 0 0 0 0 0 0 0 0 0 0 0 0 0 0 0 0 0 0 0 0 0 
0 0 0 0 0 0 0 0 0 0 0 0 0 0 0 0 0 0 0 0 0 0 0 0 0 0 0 0 0 0 0 0 0 0 0 0 0 0 0 0 0 0 0 0 0 0 0 0 0 0 0 0 0 0 0 0 0 0 0 0 0 0 0 0 0 0 0 0 0 0 0 0 0 0 0 0 0 0 0 0 0 0 0 0 0 0 0 0 0 0 0 0 0 0 0 0 0 0 0 0 0 0 0 0 0 1 0 0 0 0 0 0 0 0 0 0 0 0 0 0 0 0 0 0 0 0 0 0 0 0 0 0 0 0 0 0 0 0 0 0 0 0 0 0 0 0 0 0 0 0 0 0 0 0 0 0 0 0 0 0 0 0 0 0 0 0 0 0 0 0 0 0 0 0 0 0 0 0 0 0 0 0 0 0 0 0 0 0 0 0 0 0 0 0 0 0 0 0 0 0 0 0 0 0 0 0 0 0 0 0 0 0 0 0 0 0 0 0 0 0 0 0 0 0 0 0 0 0 0 

Groups 0 and 1 collide.
Solution of group 0
Mulirobot solution: (|moves| = 5, paralellism = 1.000) [
    Step 0: 1#139->123 
    Step 1: 1#123->108 
    Step 2: 1#108->107 
    Step 3: 1#107->106 
    Step 4: 1#106->105 
]
Solution of group 1
Mulirobot solution: (|moves| = 11, paralellism = 1.000) [
    Step 0: 1#125->124 
    Step 1: 1#124->123 
    Step 2: 1#123->122 
    Step 3: 1#122->121 
    Step 4: 1#121->120 
    Step 5: 1#120->119 
    Step 6: 1#119->118 
    Step 7: 1#118->117 
    Step 8: 1#117->104 
    Step 9: 1#104->93 
    Step 10: 1#93->92 
]
Occupation table complementary for group 0
1 0 1 0 0 1 0 0 0 0 1 1 0 1 0 0 1 1 0 1 1 1 0 1 1 1 0 1 1 1 1 0 0 1 1 1 0 0 1 0 0 0 1 0 0 1 0 1 1 0 1 0 0 0 1 1 1 0 1 1 1 0 1 0 1 0 0 0 1 1 1 0 1 1 1 1 1 1 0 1 0 0 1 1 1 1 1 0 0 0 1 1 1 0 1 1 1 0 1 0 0 0 0 0 0 1 1 0 0 1 1 1 1 1 0 0 0 0 0 1 1 1 0 1 0 1 1 1 1 1 0 1 1 0 0 1 1 0 0 0 1 1 1 0 1 0 0 0 1 0 1 0 1 1 1 0 1 1 1 1 1 0 0 1 1 1 0 0 0 0 1 1 0 0 0 0 1 0 1 0 1 1 1 1 1 0 1 0 1 0 1 0 1 1 1 0 1 0 1 1 0 1 1 0 0 1 1 0 1 1 1 0 1 0 1 0 0 0 0 1 1 0 0 1 1 1 1 0 0 
0 0 0 0 0 0 0 0 1 1 1 0 1 0 1 1 1 0 1 1 1 1 1 0 1 0 1 0 0 0 0 1 1 1 0 0 0 0 1 0 0 0 1 1 1 0 0 0 0 0 0 0 0 1 1 1 0 1 0 1 1 1 1 1 0 1 1 1 0 1 0 0 0 1 0 1 1 0 1 0 1 0 0 1 1 1 0 0 1 1 0 1 0 0 0 1 0 0 0 1 0 1 0 0 0 1 1 1 1 0 1 0 0 0 0 1 0 0 0 1 1 0 1 0 1 1 1 0 1 1 0 0 0 0 1 1 1 0 0 0 1 1 0 0 1 1 1 0 1 0 1 0 0 0 0 1 0 1 0 1 1 0 0 1 0 1 0 0 1 1 1 0 0 1 0 0 0 1 1 1 0 1 0 1 0 0 1 1 0 1 1 0 1 0 1 1 0 0 1 0 1 1 0 0 0 0 1 0 0 1 1 1 0 0 0 0 0 0 0 0 1 0 0 0 0 1 0 0 0 
0 0 0 0 0 0 0 1 0 1 0 1 0 0 0 0 0 0 0 0 0 0 1 1 0 1 0 0 1 1 1 1 0 1 1 0 1 0 0 1 0 0 0 0 0 1 1 1 0 1 0 0 1 1 1 0 0 1 1 0 0 0 0 0 0 1 1 0 1 0 0 0 1 0 1 1 1 1 1 1 0 1 0 1 1 0 0 0 0 0 0 1 1 0 1 0 0 1 0 1 1 0 1 0 0 1 1 0 0 0 0 0 0 0 1 0 0 0 1 0 1 1 1 1 1 1 1 0 1 0 1 1 0 0 1 0 1 1 0 0 1 0 1 0 1 1 0 0 0 1 1 0 0 1 0 1 0 1 1 0 1 1 0 0 1 1 1 1 0 1 1 0 1 0 0 1 0 1 1 1 1 0 0 1 0 1 0 0 1 0 0 0 1 0 0 1 1 0 0 0 0 0 1 0 0 0 1 0 0 1 0 0 0 0 0 0 0 0 0 0 0 0 0 0 1 0 0 0 0 
0 0 0 0 0 0 1 0 0 0 1 0 0 0 0 0 0 0 0 0 0 0 1 0 1 1 0 0 0 0 0 0 1 0 0 0 1 0 0 0 1 0 1 1 1 1 0 1 1 0 0 1 1 1 0 0 0 0 0 1 0 1 0 0 1 1 0 1 0 0 0 0 1 1 1 0 1 0 1 1 1 0 1 1 0 0 0 0 1 0 0 1 0 1 1 1 0 0 0 0 0 1 1 1 0 1 1 0 1 1 0 0 1 0 0 1 0 1 1 0 1 1 1 0 1 1 1 0 0 0 1 1 1 0 0 1 1 1 1 1 1 0 1 0 0 1 0 0 0 1 1 1 0 1 0 1 0 1 1 1 0 0 1 0 1 1 0 1 1 0 1 0 0 1 1 0 1 1 1 0 1 1 1 0 0 0 1 1 0 0 0 0 1 0 0 1 0 0 0 0 0 0 0 1 0 0 0 0 0 1 0 0 0 0 0 0 0 0 0 0 0 0 0 1 0 0 0 0 0 
0 0 0 0 0 1 0 0 0 1 0 0 0 0 0 0 0 0 0 0 0 0 0 1 0 0 1 0 0 1 0 1 0 0 1 0 1 0 0 0 1 0 0 1 0 1 0 0 0 0 1 1 1 0 0 0 0 1 0 1 0 1 1 1 1 0 0 1 0 0 0 0 0 0 1 1 1 1 0 1 1 1 1 1 0 0 0 0 1 1 0 0 0 0 1 0 0 1 0 1 0 1 1 0 1 0 1 0 1 1 0 0 0 1 0 1 1 0 0 1 1 1 1 1 1 1 1 0 0 0 0 1 0 1 1 1 1 1 1 1 1 0 1 0 0 1 0 1 0 0 1 0 0 0 0 1 0 0 1 1 1 0 0 0 1 1 1 1 1 1 1 0 1 0 0 1 0 1 1 0 1 1 0 0 0 0 0 0 0 1 0 0 0 0 0 1 0 0 0 0 0 0 1 0 0 0 0 0 0 1 0 0 0 0 0 0 1 0 0 0 0 0 1 0 0 0 0 0 0 
0 0 0 0 0 0 0 0 1 0 0 0 0 0 0 0 0 1 0 1 0 0 1 0 0 0 0 1 0 1 0 0 0 1 0 0 0 0 0 0 1 0 0 1 0 0 0 0 0 1 1 1 0 0 0 0 0 0 0 1 0 0 0 1 1 1 1 0 0 0 0 0 1 0 1 1 1 1 1 1 1 1 1 0 0 0 0 0 1 0 0 1 0 1 1 0 0 1 0 0 1 1 0 1 0 1 1 0 1 1 0 0 1 0 1 1 1 1 1 1 1 1 1 1 1 1 1 0 0 0 0 1 1 1 1 0 0 1 1 1 0 0 1 0 0 1 0 0 0 1 0 0 1 1 0 0 0 0 1 0 1 0 0 0 1 1 1 1 0 1 1 0 1 1 1 0 1 0 1 0 0 0 0 1 0 0 0 0 0 0 1 0 1 0 0 0 0 0 0 0 0 0 1 0 0 0 0 0 0 1 0 0 0 0 0 0 0 1 0 0 0 1 0 0 0 0 0 0 0 
0 0 0 0 0 0 0 1 0 0 0 0 0 0 0 0 1 0 1 0 0 0 0 0 0 0 0 1 0 1 0 0 1 0 0 0 1 0 0 0 1 0 0 1 0 0 0 0 1 1 1 0 0 0 0 0 0 0 0 0 1 0 1 0 1 1 0 0 0 0 0 0 1 0 1 1 1 0 0 1 1 0 0 1 0 0 0 0 1 0 0 1 1 1 1 0 0 1 0 0 0 1 1 0 1 1 1 0 1 1 0 0 0 1 1 1 1 1 0 1 1 1 1 1 1 1 1 0 1 0 0 1 1 1 0 1 1 0 1 1 1 0 0 0 0 1 0 0 0 1 0 1 0 1 0 0 0 0 0 1 1 1 0 0 0 0 1 0 1 0 1 0 0 1 1 1 0 0 1 0 0 0 0 0 0 0 1 0 0 0 0 1 0 1 0 0 0 0 1 0 0 0 1 0 0 0 1 0 0 1 0 0 0 0 0 0 0 0 1 0 1 0 0 1 0 0 0 0 0 
0 0 0 0 0 0 1 0 0 0 0 0 0 0 0 1 0 0 0 0 0 0 0 0 0 0 0 1 0 1 0 1 0 1 0 0 0 0 0 0 1 0 0 1 0 0 0 1 1 0 1 1 0 0 0 0 0 0 0 0 0 1 0 1 1 1 0 1 0 0 0 0 0 1 1 1 1 0 1 1 1 1 0 1 1 0 0 0 1 0 0 1 0 0 1 0 0 1 0 1 0 1 1 0 1 1 1 0 1 1 0 0 0 0 1 1 1 1 1 1 1 0 1 1 1 1 1 0 0 1 0 1 0 0 1 1 1 1 1 1 0 1 0 0 0 1 0 1 0 0 0 0 1 1 0 0 0 0 0 0 1 0 1 0 0 0 1 1 0 0 1 0 0 1 0 1 0 0 1 0 0 0 0 0 0 1 0 0 1 0 0 0 1 0 0 0 0 0 1 0 0 0 1 0 0 0 0 1 0 1 0 0 0 0 0 0 0 0 0 1 0 0 0 1 0 0 0 0 0 
0 0 0 0 0 1 0 0 0 0 0 0 0 0 0 1 0 0 0 0 0 0 0 0 0 0 0 1 0 1 1 0 1 0 1 0 0 0 0 0 1 0 0 1 0 0 1 0 0 1 1 1 1 0 0 0 0 0 0 0 1 0 1 1 1 0 1 1 0 0 0 0 0 0 1 1 1 1 1 1 1 1 0 1 0 1 0 0 1 0 1 0 0 1 1 1 0 1 0 0 0 1 1 1 1 0 1 1 1 1 0 0 1 0 1 1 1 1 1 1 1 1 0 1 1 1 0 1 0 1 1 1 0 1 1 1 1 0 1 1 0 1 0 0 0 1 0 0 0 0 1 0 1 1 0 0 0 0 0 0 1 0 1 1 0 0 1 0 1 0 1 0 0 1 0 1 1 0 1 0 0 0 0 0 0 1 0 0 1 0 0 0 0 1 0 0 0 0 1 0 0 0 1 1 0 0 0 1 1 1 0 0 0 0 0 0 0 0 0 1 1 0 0 1 0 0 0 0 0 
0 0 0 0 0 0 0 0 0 0 0 0 0 0 0 1 0 0 0 1 0 0 0 0 0 0 0 1 0 1 1 1 0 1 0 0 1 1 0 0 1 0 0 1 0 1 1 0 1 1 0 0 0 0 0 0 0 0 0 1 1 1 1 1 1 1 1 1 0 0 0 0 0 0 1 1 1 1 0 1 1 0 0 1 0 0 1 0 1 1 0 1 0 0 1 1 0 1 0 0 0 1 1 0 1 1 1 0 1 1 0 0 0 0 1 1 1 1 1 0 1 0 0 1 1 1 0 1 1 1 0 1 0 1 0 1 1 0 1 0 0 1 0 0 0 1 0 1 0 0 0 0 1 1 1 0 0 0 0 0 0 0 1 0 1 1 1 0 1 1 1 0 0 1 0 1 0 1 1 0 0 0 0 0 0 1 0 0 1 0 0 0 0 1 0 0 0 0 1 0 0 0 1 1 0 0 0 1 0 1 0 0 0 0 0 0 0 0 0 1 0 1 0 1 0 0 0 0 0 
0 0 0 0 0 0 0 0 0 0 0 0 0 0 0 1 0 0 1 0 0 0 1 1 0 0 0 1 0 1 1 1 1 0 1 0 0 0 0 0 1 0 0 1 1 0 0 0 1 0 1 0 0 0 0 0 0 0 0 1 1 1 1 0 1 1 1 1 0 0 0 0 0 0 1 1 1 1 0 1 0 0 0 1 0 0 1 0 1 1 0 1 0 1 1 1 0 1 0 0 0 1 0 0 1 1 1 0 1 1 0 0 0 0 1 1 1 0 0 1 1 1 0 1 1 1 0 1 1 1 0 1 1 0 1 1 1 1 1 0 0 1 0 0 0 1 0 1 1 1 0 0 0 1 1 0 0 0 0 0 1 0 1 0 1 1 1 0 1 1 1 0 0 1 0 1 0 0 1 0 0 1 0 0 0 1 0 0 1 0 0 0 0 1 0 0 0 0 1 0 0 0 1 1 0 0 0 1 0 1 1 0 0 0 0 0 0 0 0 1 0 0 1 1 0 0 0 0 0 
0 0 0 0 0 0 0 0 0 1 1 0 0 0 0 1 0 0 0 0 0 0 0 0 0 0 0 1 0 1 1 1 0 1 1 0 0 0 0 0 1 0 0 1 0 0 0 0 0 0 1 1 0 0 0 0 0 0 0 1 1 1 1 1 0 1 1 1 0 0 0 0 0 0 1 1 1 0 0 1 1 1 0 1 1 0 1 0 1 1 0 1 1 1 1 0 0 1 0 0 1 1 1 0 1 1 1 0 0 1 0 0 0 0 1 0 1 0 1 1 1 1 0 1 1 1 0 1 1 1 1 1 0 1 0 1 1 1 1 0 0 1 0 0 0 1 1 0 1 0 0 0 0 1 1 0 0 0 0 1 1 0 1 0 1 0 1 0 0 1 1 0 0 1 0 1 0 0 1 1 0 1 0 0 0 1 0 0 1 1 0 0 0 1 0 0 1 0 1 0 0 0 1 1 0 0 0 1 0 1 0 1 0 0 0 0 0 0 0 1 0 0 1 1 0 0 0 0 0 
0 0 0 0 0 0 0 0 0 1 1 0 0 0 0 1 0 1 0 0 0 0 0 0 0 0 0 1 0 1 1 1 1 1 0 0 1 0 0 0 1 0 1 1 0 0 0 0 0 1 1 1 0 0 0 0 0 0 0 1 1 1 1 1 1 1 1 1 1 0 0 0 0 1 1 1 1 0 0 1 1 0 0 1 0 1 1 0 1 1 0 1 1 1 0 0 0 0 0 1 0 1 1 0 1 0 1 0 0 1 0 0 0 1 1 0 1 1 0 1 1 1 1 1 1 1 0 1 1 1 0 1 1 0 0 1 1 0 1 1 0 1 0 0 0 1 0 1 1 0 0 1 0 1 1 0 0 0 1 0 1 0 1 0 1 0 1 1 0 0 1 0 0 1 0 1 0 1 1 1 0 1 1 0 0 1 0 0 1 0 1 0 0 1 0 0 0 1 1 0 0 0 1 1 0 0 0 1 0 1 0 1 0 0 0 0 0 0 0 1 0 0 1 1 0 0 0 0 0 
0 0 0 1 0 0 0 0 0 1 1 0 0 0 0 1 0 0 0 0 0 0 1 0 0 0 0 1 0 1 1 1 1 0 0 0 0 0 0 0 1 0 1 1 0 0 0 0 1 0 0 1 1 0 0 0 0 0 1 0 1 1 1 1 1 1 1 1 1 0 0 0 0 1 1 1 1 0 0 1 0 0 1 0 0 0 1 0 1 1 0 1 1 1 0 0 0 0 1 1 0 1 0 1 1 0 1 0 0 1 0 0 0 1 1 1 1 1 0 1 0 1 1 1 1 1 0 1 1 1 0 1 0 0 0 1 1 0 1 0 0 1 0 0 0 1 0 0 1 0 1 0 1 1 1 0 0 0 0 0 1 1 1 0 1 0 1 0 1 0 1 0 1 1 0 1 0 1 1 1 0 0 1 1 0 1 0 0 1 0 1 1 0 1 0 0 0 1 1 0 0 0 1 1 0 0 0 1 0 1 0 1 0 0 0 0 0 0 0 1 0 1 1 1 0 0 0 0 0 
0 0 0 0 1 0 0 0 0 1 1 0 0 0 0 1 0 1 0 0 0 1 0 0 0 0 0 1 0 1 1 1 1 0 1 0 1 1 0 0 1 0 1 1 0 1 0 0 0 1 1 0 0 1 0 0 0 1 0 1 1 1 1 1 1 1 1 1 1 0 0 0 1 0 1 1 1 1 1 1 0 1 0 0 0 0 1 0 1 1 0 1 1 1 0 0 0 0 1 1 0 1 1 1 1 0 1 0 0 1 0 0 0 1 1 0 1 1 1 1 0 1 1 1 1 1 0 1 1 1 1 1 0 0 0 1 1 0 1 0 0 1 0 0 0 0 1 0 1 1 1 0 0 1 1 0 0 0 0 1 0 1 1 0 1 0 1 0 0 1 1 0 0 1 0 1 0 1 1 1 0 0 1 1 0 1 1 1 1 0 0 0 1 1 0 0 0 1 1 0 0 0 1 1 0 1 0 1 0 1 0 1 0 0 0 0 0 0 0 1 0 0 1 1 0 0 0 0 0 
0 0 0 1 1 0 0 0 0 1 1 0 0 0 0 1 1 0 0 0 1 0 1 1 0 0 0 1 0 1 1 1 1 1 0 0 0 0 0 0 1 0 1 1 0 0 0 0 1 1 1 1 0 0 1 0 0 1 0 1 1 1 1 1 1 1 1 1 1 1 0 0 0 0 1 1 1 1 0 1 0 1 0 0 0 0 1 0 1 1 0 1 1 1 0 0 0 0 1 1 0 1 1 1 1 0 1 0 0 1 0 0 0 1 1 1 1 1 0 1 0 1 1 1 1 1 0 1 1 1 1 1 1 0 1 1 1 0 1 0 0 1 0 0 0 1 0 1 1 0 1 0 0 1 1 0 0 0 1 0 0 1 1 0 1 0 1 0 0 0 1 0 0 1 0 1 0 1 1 1 0 1 1 1 0 1 0 1 1 0 0 0 0 1 1 0 0 1 1 0 0 1 1 1 0 1 0 1 0 1 0 1 0 0 0 0 0 0 0 1 0 0 1 1 0 0 0 0 0 
0 0 1 0 1 0 0 0 0 1 1 0 0 0 0 1 1 0 0 0 1 0 0 1 0 0 0 1 0 1 1 1 1 0 0 0 1 0 0 0 1 0 1 1 0 0 0 1 1 1 1 1 0 0 0 1 0 1 0 0 1 1 1 1 0 1 1 1 1 0 1 0 0 0 1 1 1 0 0 1 0 1 0 0 0 0 1 0 1 1 0 1 1 1 0 0 0 0 1 1 0 1 1 1 1 0 1 0 0 1 0 0 0 1 1 0 1 1 0 1 0 1 1 1 1 1 0 1 1 1 1 1 1 0 1 1 1 0 1 0 0 1 0 0 0 0 1 0 1 0 1 1 0 1 1 1 0 0 0 0 1 1 1 0 1 0 1 0 0 0 1 0 1 1 0 1 0 1 1 1 0 1 1 1 0 1 0 1 1 0 0 0 0 1 1 0 0 1 1 0 0 0 1 1 0 1 0 1 0 1 0 1 0 0 0 1 0 0 0 1 0 0 1 1 1 0 0 0 0 
0 0 1 0 1 0 0 0 0 1 1 1 0 0 0 1 1 0 0 0 1 0 1 0 1 0 0 1 0 1 1 1 1 0 1 0 1 0 0 0 1 0 1 1 0 0 1 0 1 1 1 1 0 0 0 0 1 1 0 0 1 1 1 0 1 0 1 1 1 0 0 1 0 0 1 1 1 0 0 1 0 1 0 0 0 0 1 0 1 1 0 1 1 1 0 0 0 0 1 1 0 1 1 1 1 0 1 0 0 1 0 0 1 1 1 0 1 1 0 1 0 1 1 1 1 1 0 1 1 1 1 1 0 0 1 1 1 0 1 0 0 1 0 0 0 1 1 0 1 1 1 1 0 1 1 1 0 0 0 1 0 1 1 0 1 0 1 0 0 0 1 0 1 1 0 1 0 1 1 1 0 1 1 1 0 1 0 1 1 0 0 0 0 1 1 1 0 1 1 0 0 0 1 1 0 1 0 1 0 1 0 1 0 0 0 1 0 0 0 1 0 0 1 1 0 1 0 0 0 
0 0 1 0 1 0 0 0 0 1 1 0 1 0 0 1 1 1 0 0 1 0 1 0 1 0 0 1 0 1 1 1 1 1 0 0 0 0 0 0 1 0 1 1 0 1 0 1 1 0 1 0 1 0 0 0 1 1 0 0 1 1 1 1 0 1 1 1 1 0 0 1 0 0 1 1 1 0 0 1 0 1 0 0 0 0 1 0 1 1 0 1 1 1 0 0 0 0 1 1 0 1 1 1 1 0 1 0 0 1 0 0 1 1 1 0 1 1 0 1 0 1 1 1 1 1 0 1 1 1 1 1 0 1 1 1 1 0 1 0 0 1 0 0 0 0 0 0 1 1 1 1 0 1 1 1 0 0 1 0 1 1 1 0 1 0 1 0 0 0 1 0 1 1 1 1 0 1 1 1 0 1 1 1 0 1 0 1 1 0 0 0 0 1 1 1 0 1 1 0 0 0 1 1 0 1 0 1 0 1 0 1 0 0 0 1 0 0 0 1 0 0 1 1 0 1 0 0 0 
0 0 1 1 1 0 0 0 1 1 1 0 1 0 0 1 1 0 0 0 1 0 1 1 1 0 0 1 0 1 1 1 1 0 1 0 0 0 0 0 1 0 1 1 0 1 1 0 0 0 1 0 0 1 0 0 1 1 0 0 1 1 1 0 1 0 1 1 1 1 0 1 0 1 1 1 1 0 0 1 0 1 0 0 0 0 1 0 1 1 0 1 1 1 0 0 0 0 1 1 0 1 1 1 1 0 1 0 0 1 0 0 1 1 1 1 1 1 0 1 0 1 1 1 1 1 0 1 1 1 1 1 0 0 1 1 1 0 1 0 0 1 0 0 0 0 0 1 1 1 1 1 0 1 1 1 0 0 0 1 0 1 1 0 1 0 1 0 0 0 1 0 1 1 1 1 0 1 1 1 0 1 1 1 0 1 0 1 1 1 0 0 0 1 1 1 0 1 1 0 0 0 1 1 0 1 0 1 0 1 0 1 0 0 0 1 0 0 0 1 0 0 1 1 0 1 0 0 0 
0 0 1 0 1 0 0 0 1 1 1 0 1 0 0 1 1 0 0 0 1 0 1 0 1 0 0 1 0 1 1 1 1 1 0 0 0 0 0 0 1 0 1 1 0 1 0 0 0 0 1 1 0 0 1 0 1 1 0 0 1 1 1 0 0 1 1 1 1 1 0 1 1 0 1 1 1 0 0 1 0 1 0 0 0 0 1 0 1 1 0 1 1 1 0 0 0 0 1 1 0 1 1 1 1 0 1 0 0 1 0 0 1 1 1 0 1 1 0 1 0 1 1 1 1 1 0 1 1 1 1 1 0 0 1 1 1 0 1 0 0 1 0 0 0 0 0 1 1 1 1 1 0 1 1 1 0 0 1 0 0 1 1 0 1 0 1 0 0 0 1 0 1 1 0 1 0 1 1 1 0 1 1 1 0 1 1 1 1 1 0 0 0 1 1 1 0 1 1 0 0 0 1 1 0 1 0 1 0 1 0 1 0 0 0 1 0 0 0 1 0 0 1 1 0 1 0 0 0 
0 1 1 0 1 0 0 0 1 1 1 0 1 0 0 1 1 1 0 0 1 0 1 0 1 1 0 1 0 1 1 1 1 1 0 0 1 0 0 0 1 0 1 1 1 1 0 0 0 0 1 0 0 0 1 0 1 1 0 0 1 1 1 0 0 0 1 1 1 1 0 1 1 0 1 1 1 0 0 1 0 1 0 0 0 0 1 0 1 1 0 1 1 1 0 0 0 0 1 1 0 1 1 1 1 0 1 0 0 1 0 0 1 1 1 0 1 1 0 1 0 1 1 1 1 1 0 1 1 1 1 1 0 0 1 1 1 0 1 0 0 1 0 0 0 1 0 1 1 1 1 1 0 1 1 1 0 0 0 0 0 1 1 0 1 0 1 0 0 0 1 0 1 1 0 1 0 1 1 1 0 1 1 1 0 1 0 1 1 1 0 0 0 1 1 1 0 1 1 0 0 0 1 1 1 1 0 1 0 1 0 1 0 0 0 1 0 0 0 1 0 0 1 1 0 1 0 0 0 
0 1 1 0 1 0 0 0 1 1 1 0 1 0 0 1 1 1 0 0 1 0 1 0 1 1 0 1 0 1 1 1 1 1 0 0 1 0 0 0 1 0 1 1 1 1 0 0 0 0 1 1 0 0 1 0 1 1 0 0 1 1 1 0 0 0 1 1 1 1 0 1 1 0 1 1 1 0 0 1 0 1 0 0 0 0 1 0 1 1 0 1 1 1 0 0 0 0 1 1 0 1 1 1 1 0 1 0 0 1 0 0 1 1 1 0 1 1 0 1 0 1 1 1 1 1 0 1 1 1 1 1 0 0 1 1 1 0 1 0 0 1 0 0 0 0 0 1 1 1 1 1 0 1 1 1 0 0 0 0 1 1 1 0 1 0 1 0 0 0 1 0 1 1 0 1 0 1 1 1 0 1 1 1 0 1 1 1 1 1 0 0 0 1 1 1 0 1 1 0 1 0 1 1 1 1 0 1 0 1 0 1 0 0 0 1 0 0 0 1 0 0 1 1 0 1 0 0 0 
0 1 1 0 1 0 0 0 1 1 1 0 1 0 0 1 1 1 0 0 1 0 1 0 1 1 0 1 0 1 1 1 1 1 0 0 1 0 0 0 1 0 1 1 1 1 0 0 0 0 1 0 0 0 1 0 1 1 0 0 1 1 1 0 0 0 1 1 1 1 0 1 1 0 1 1 1 0 0 1 0 1 0 0 0 0 1 0 1 1 0 1 1 1 0 0 0 0 1 1 0 1 1 1 1 0 1 0 0 1 0 0 1 1 1 0 1 1 0 1 0 1 1 1 1 1 0 1 1 1 1 1 0 0 1 1 1 0 1 0 0 1 0 0 0 0 0 1 1 1 1 1 0 1 1 1 0 0 0 1 0 1 1 0 1 0 1 0 0 0 1 0 1 1 0 1 0 1 1 1 0 1 1 1 0 1 1 1 1 1 0 0 0 1 1 1 0 1 1 0 1 0 1 1 1 1 0 1 0 1 0 1 0 0 0 1 0 0 0 1 0 0 1 1 0 1 0 0 0 
0 1 1 1 1 0 0 0 1 1 1 0 1 0 0 1 1 1 0 0 1 0 1 0 1 1 0 1 0 1 1 1 1 1 0 0 1 1 0 0 1 0 1 1 1 1 0 0 0 0 1 0 0 0 1 0 1 1 0 0 1 1 1 0 0 0 1 1 1 1 0 1 1 0 1 1 1 0 0 1 0 1 0 0 0 0 1 0 1 1 0 1 1 1 0 0 0 0 1 1 0 1 1 1 1 0 1 0 0 1 0 0 1 1 1 0 1 1 0 1 0 1 1 1 1 1 0 1 1 1 1 1 0 0 1 1 1 0 1 0 0 1 0 0 0 0 0 1 1 1 1 1 0 1 1 1 0 0 1 0 0 1 1 0 1 0 1 0 0 0 1 0 1 1 0 1 0 1 1 1 0 1 1 1 0 1 1 1 1 1 0 0 0 1 1 1 0 1 1 0 1 0 1 1 1 1 0 1 0 1 0 1 0 0 0 1 0 0 0 1 0 0 1 1 0 1 0 0 0 
0 1 1 0 1 0 0 0 1 1 1 0 1 0 0 1 1 1 0 0 1 0 1 0 1 1 0 1 0 1 1 1 1 1 0 0 1 1 0 0 1 0 1 1 1 1 0 0 0 0 1 0 0 0 1 0 1 1 0 0 1 1 1 0 0 0 1 1 1 1 0 1 1 0 1 1 1 0 0 1 0 1 0 0 0 0 1 0 1 1 0 1 1 1 0 0 0 0 1 1 0 1 1 1 1 0 1 0 0 1 0 0 1 1 1 0 1 1 0 1 0 1 1 1 1 1 0 1 1 1 1 1 0 0 1 1 1 0 1 0 0 1 0 0 0 0 0 1 1 1 1 1 0 1 1 1 0 0 0 0 0 1 1 0 1 0 1 0 0 0 1 0 1 1 0 1 0 1 1 1 0 1 1 1 0 1 1 1 1 1 0 0 0 1 1 1 0 1 1 0 1 0 1 1 1 1 0 1 0 1 0 1 0 0 0 1 0 0 0 1 0 0 1 1 0 1 0 0 0 
0 1 1 0 1 0 0 0 1 1 1 0 1 0 0 1 1 1 0 0 1 0 1 0 1 1 0 1 0 1 1 1 1 1 0 0 1 1 0 0 1 0 1 1 1 1 0 0 0 0 1 0 0 0 1 0 1 1 0 0 1 1 1 0 0 0 1 1 1 1 0 1 1 0 1 1 1 0 0 1 0 1 0 0 0 0 1 0 1 1 0 1 1 1 0 0 0 0 1 1 0 1 1 1 1 0 1 0 0 1 0 0 1 1 1 0 1 1 0 1 0 1 1 1 1 1 0 1 1 1 1 1 0 0 1 1 1 0 1 0 0 1 0 0 0 0 0 1 1 1 1 1 0 1 1 1 0 0 0 0 0 1 1 0 1 0 1 0 0 0 1 0 1 1 0 1 0 1 1 1 0 1 1 1 0 1 1 1 1 1 0 0 0 1 1 1 0 1 1 0 1 0 1 1 1 1 0 1 0 1 0 1 0 0 0 1 0 0 0 1 0 0 1 1 0 1 0 0 0 
1 1 1 0 1 0 0 0 1 1 1 0 1 0 0 1 1 1 0 0 1 0 1 0 1 1 0 1 0 1 1 1 1 1 0 0 1 1 0 0 1 0 1 1 1 1 0 0 0 0 1 0 0 0 1 0 1 1 0 0 1 1 1 0 0 0 1 1 1 1 0 1 1 0 1 1 1 0 0 1 0 1 0 0 0 0 1 0 1 1 0 1 1 1 0 0 0 0 1 1 0 1 1 1 1 0 1 0 0 1 0 0 1 1 1 0 1 1 0 1 0 1 1 1 1 1 0 1 1 1 1 1 0 0 1 1 1 0 1 0 0 1 0 0 0 0 0 1 1 1 1 1 0 1 1 1 0 0 0 0 0 1 1 0 1 0 1 0 0 0 1 0 1 1 0 1 0 1 1 1 0 1 1 1 0 1 1 1 1 1 0 0 0 1 1 1 0 1 1 0 1 1 1 1 1 1 0 1 0 1 0 1 0 0 0 1 0 0 0 1 0 0 1 1 0 1 0 0 0 

** Open/close/exp size (steps): 2/1/2 (2)
** Open/close/exp size (steps): 1/4/1 (5)
Occupation table complementary for group 1
1 0 1 0 0 1 0 0 0 0 1 1 0 1 0 0 1 1 0 1 1 1 0 1 1 1 0 1 1 1 1 0 0 1 1 1 0 0 1 0 0 0 1 0 0 1 0 1 1 0 1 0 0 0 1 1 1 0 1 1 1 0 1 0 1 0 0 0 1 1 1 0 1 1 1 1 1 1 0 1 0 0 1 1 1 1 1 0 0 0 1 1 1 0 1 1 1 0 1 0 0 0 0 0 0 1 1 0 0 1 1 1 1 1 0 0 0 0 0 1 1 1 0 1 0 0 1 1 1 1 0 1 1 0 0 1 1 0 0 1 1 1 1 0 1 0 0 0 1 0 1 0 1 1 1 0 1 1 1 1 1 0 0 1 1 1 0 0 0 0 1 1 0 0 0 0 1 0 1 0 1 1 1 1 1 0 1 0 1 0 1 0 1 1 1 0 1 0 1 1 0 1 1 0 0 1 1 0 1 1 1 0 1 0 1 0 0 0 0 1 1 0 0 1 1 1 1 0 0 
0 0 0 0 0 0 0 0 1 1 1 0 1 0 1 1 1 0 1 1 1 1 1 0 1 0 1 0 0 0 0 1 1 1 0 0 0 0 1 0 0 0 1 1 1 0 0 0 0 0 0 0 0 1 1 1 0 1 0 1 1 1 1 1 0 1 1 1 0 1 0 0 0 1 0 1 1 0 1 0 1 0 0 1 1 1 0 0 1 1 0 1 0 0 0 1 0 0 0 1 0 1 0 0 0 1 1 1 1 0 1 0 0 0 0 1 0 0 0 1 1 0 1 1 1 1 1 0 1 1 0 0 0 0 1 1 1 0 0 0 1 1 0 0 1 1 1 0 1 0 1 0 0 0 0 1 0 1 0 1 1 0 0 1 0 1 0 0 1 1 1 0 0 1 0 0 0 1 1 1 0 1 0 1 0 0 1 1 0 1 1 0 1 0 1 1 0 0 1 0 1 1 0 0 0 0 1 0 0 1 1 1 0 0 0 0 0 0 0 0 1 0 0 0 0 1 0 0 0 
0 0 0 0 0 0 0 1 0 1 0 1 0 0 0 0 0 0 0 0 0 0 1 1 0 1 0 0 1 1 1 1 0 1 1 0 1 0 0 1 0 0 0 0 0 1 1 1 0 1 0 0 1 1 1 0 0 1 1 0 0 0 0 0 0 1 1 0 1 0 0 0 1 0 1 1 1 1 1 1 0 1 0 1 1 0 0 0 0 0 0 1 1 0 1 0 0 1 0 1 1 0 1 0 0 1 1 0 1 0 0 0 0 0 1 0 0 0 1 0 1 1 1 1 1 1 1 0 1 0 1 1 0 0 1 0 1 1 0 0 1 0 1 0 1 1 0 0 0 1 1 0 0 1 0 1 0 1 1 0 1 1 0 0 1 1 1 1 0 1 1 0 1 0 0 1 0 1 1 1 1 0 0 1 0 1 0 0 1 0 0 0 1 0 0 1 1 0 0 0 0 0 1 0 0 0 1 0 0 1 0 0 0 0 0 0 0 0 0 0 0 0 0 0 1 0 0 0 0 
0 0 0 0 0 0 1 0 0 0 1 0 0 0 0 0 0 0 0 0 0 0 1 0 1 1 0 0 0 0 0 0 1 0 0 0 1 0 0 0 1 0 1 1 1 1 0 1 1 0 0 1 1 1 0 0 0 0 0 1 0 1 0 0 1 1 0 1 0 0 0 0 1 1 1 0 1 0 1 1 1 0 1 1 0 0 0 0 1 0 0 1 0 1 1 1 0 0 0 0 0 1 1 1 0 1 1 1 1 1 0 0 1 0 0 1 0 1 1 0 1 1 1 0 1 1 1 0 0 0 1 1 1 0 0 1 1 1 1 1 1 0 1 0 0 1 0 0 0 1 1 1 0 1 0 1 0 1 1 1 0 0 1 0 1 1 0 1 1 0 1 0 0 1 1 0 1 1 1 0 1 1 1 0 0 0 1 1 0 0 0 0 1 0 0 1 0 0 0 0 0 0 0 1 0 0 0 0 0 1 0 0 0 0 0 0 0 0 0 0 0 0 0 1 0 0 0 0 0 
0 0 0 0 0 1 0 0 0 1 0 0 0 0 0 0 0 0 0 0 0 0 0 1 0 0 1 0 0 1 0 1 0 0 1 0 1 0 0 0 1 0 0 1 0 1 0 0 0 0 1 1 1 0 0 0 0 1 0 1 0 1 1 1 1 0 0 1 0 0 0 0 0 0 1 1 1 1 0 1 1 1 1 1 0 0 0 0 1 1 0 0 0 0 1 0 0 1 0 1 0 1 1 0 1 0 1 0 1 1 0 0 0 1 0 1 1 0 0 1 1 1 1 1 1 1 1 0 0 0 0 1 0 1 1 1 1 1 1 1 1 0 1 0 0 1 0 1 0 0 1 0 0 0 0 1 0 0 1 1 1 0 0 0 1 1 1 1 1 1 1 0 1 0 0 1 0 1 1 0 1 1 0 0 0 0 0 0 0 1 0 0 0 0 0 1 0 0 0 0 0 0 1 0 0 0 0 0 0 1 0 0 0 0 0 0 1 0 0 0 0 0 1 0 0 0 0 0 0 
0 0 0 0 0 0 0 0 1 0 0 0 0 0 0 0 0 1 0 1 0 0 1 0 0 0 0 1 0 1 0 0 0 1 0 0 0 0 0 0 1 0 0 1 0 0 0 0 0 1 1 1 0 0 0 0 0 0 0 1 0 0 0 1 1 1 1 0 0 0 0 0 1 0 1 1 1 1 1 1 1 1 1 0 0 0 0 0 1 0 0 1 0 1 1 0 0 1 0 0 1 1 0 1 0 1 1 0 1 1 0 0 1 0 1 1 1 1 1 1 1 1 1 1 1 1 1 0 0 0 0 1 1 1 1 0 0 1 1 1 0 0 1 0 0 1 0 0 0 1 0 0 1 1 0 0 0 0 1 0 1 0 0 0 1 1 1 1 0 1 1 0 1 1 1 0 1 0 1 0 0 0 0 1 0 0 0 0 0 0 1 0 1 0 0 0 0 0 0 0 0 0 1 0 0 0 0 0 0 1 0 0 0 0 0 0 0 1 0 0 0 1 0 0 0 0 0 0 0 
0 0 0 0 0 0 0 1 0 0 0 0 0 0 0 0 1 0 1 0 0 0 0 0 0 0 0 1 0 1 0 0 1 0 0 0 1 0 0 0 1 0 0 1 0 0 0 0 1 1 1 0 0 0 0 0 0 0 0 0 1 0 1 0 1 1 0 0 0 0 0 0 1 0 1 1 1 0 0 1 1 0 0 1 0 0 0 0 1 0 0 1 1 1 1 0 0 1 0 0 0 1 1 0 1 1 1 0 1 1 0 0 0 1 1 1 1 1 0 1 1 1 1 1 1 1 1 0 1 0 0 1 1 1 0 1 1 0 1 1 1 0 0 0 0 1 0 0 0 1 0 1 0 1 0 0 0 0 0 1 1 1 0 0 0 0 1 0 1 0 1 0 0 1 1 1 0 0 1 0 0 0 0 0 0 0 1 0 0 0 0 1 0 1 0 0 0 0 1 0 0 0 1 0 0 0 1 0 0 1 0 0 0 0 0 0 0 0 1 0 1 0 0 1 0 0 0 0 0 
0 0 0 0 0 0 1 0 0 0 0 0 0 0 0 1 0 0 0 0 0 0 0 0 0 0 0 1 0 1 0 1 0 1 0 0 0 0 0 0 1 0 0 1 0 0 0 1 1 0 1 1 0 0 0 0 0 0 0 0 0 1 0 1 1 1 0 1 0 0 0 0 0 1 1 1 1 0 1 1 1 1 0 1 1 0 0 0 1 0 0 1 0 0 1 0 0 1 0 1 0 1 1 0 1 1 1 0 1 1 0 0 0 0 1 1 1 1 1 1 1 0 1 1 1 1 1 0 0 1 0 1 0 0 1 1 1 1 1 1 0 1 0 0 0 1 0 1 0 0 0 0 1 1 0 0 0 0 0 0 1 0 1 0 0 0 1 1 0 0 1 0 0 1 0 1 0 0 1 0 0 0 0 0 0 1 0 0 1 0 0 0 1 0 0 0 0 0 1 0 0 0 1 0 0 0 0 1 0 1 0 0 0 0 0 0 0 0 0 1 0 0 0 1 0 0 0 0 0 
0 0 0 0 0 1 0 0 0 0 0 0 0 0 0 1 0 0 0 0 0 0 0 0 0 0 0 1 0 1 1 0 1 0 1 0 0 0 0 0 1 0 0 1 0 0 1 0 0 1 1 1 1 0 0 0 0 0 0 0 1 0 1 1 1 0 1 1 0 0 0 0 0 0 1 1 1 1 1 1 1 1 0 1 0 1 0 0 1 0 1 0 0 1 1 1 0 1 0 0 0 1 1 1 1 1 1 1 1 1 0 0 1 0 1 1 1 1 1 1 1 1 0 1 1 1 0 1 0 1 1 1 0 1 1 1 1 0 1 1 0 1 0 0 0 1 0 0 0 0 1 0 1 1 0 0 0 0 0 0 1 0 1 1 0 0 1 0 1 0 1 0 0 1 0 1 1 0 1 0 0 0 0 0 0 1 0 0 1 0 0 0 0 1 0 0 0 0 1 0 0 0 1 1 0 0 0 1 1 1 0 0 0 0 0 0 0 0 0 1 1 0 0 1 0 0 0 0 0 
0 0 0 0 0 0 0 0 0 0 0 0 0 0 0 1 0 0 0 1 0 0 0 0 0 0 0 1 0 1 1 1 0 1 0 0 1 1 0 0 1 0 0 1 0 1 1 0 1 1 0 0 0 0 0 0 0 0 0 1 1 1 1 1 1 1 1 1 0 0 0 0 0 0 1 1 1 1 0 1 1 0 0 1 0 0 1 0 1 1 0 1 0 0 1 1 0 1 0 0 0 1 1 0 1 1 1 0 1 1 0 0 0 0 1 1 1 1 1 0 1 0 0 1 1 1 0 1 1 1 0 1 0 1 0 1 1 0 1 0 0 1 0 0 0 1 0 1 0 0 0 0 1 1 1 0 0 0 0 0 0 0 1 0 1 1 1 0 1 1 1 0 0 1 0 1 0 1 1 0 0 0 0 0 0 1 0 0 1 0 0 0 0 1 0 0 0 0 1 0 0 0 1 1 0 0 0 1 0 1 0 0 0 0 0 0 0 0 0 1 0 1 0 1 0 0 0 0 0 
0 0 0 0 0 0 0 0 0 0 0 0 0 0 0 1 0 0 1 0 0 0 1 1 0 0 0 1 0 1 1 1 1 0 1 0 0 0 0 0 1 0 0 1 1 0 0 0 1 0 1 0 0 0 0 0 0 0 0 1 1 1 1 0 1 1 1 1 0 0 0 0 0 0 1 1 1 1 0 1 0 0 0 1 0 0 1 0 1 1 0 1 0 1 1 1 0 1 0 0 0 1 0 0 1 1 1 0 1 1 0 0 0 0 1 1 1 0 0 1 1 1 0 1 1 1 0 1 1 1 0 1 1 0 1 1 1 1 1 0 0 1 0 0 0 1 0 1 1 1 0 0 0 1 1 0 0 0 0 0 1 0 1 0 1 1 1 0 1 1 1 0 0 1 0 1 0 0 1 0 0 1 0 0 0 1 0 0 1 0 0 0 0 1 0 0 0 0 1 0 0 0 1 1 0 0 0 1 0 1 1 0 0 0 0 0 0 0 0 1 0 0 1 1 0 0 0 0 0 
0 0 0 0 0 0 0 0 0 1 1 0 0 0 0 1 0 0 0 0 0 0 0 0 0 0 0 1 0 1 1 1 0 1 1 0 0 0 0 0 1 0 0 1 0 0 0 0 0 0 1 1 0 0 0 0 0 0 0 1 1 1 1 1 0 1 1 1 0 0 0 0 0 0 1 1 1 0 0 1 1 1 0 1 1 0 1 0 1 1 0 1 0 1 1 0 0 1 0 0 1 1 1 0 1 1 1 0 0 1 0 0 0 0 1 0 1 0 1 1 1 1 0 1 1 1 0 1 1 1 1 1 0 1 0 1 1 1 1 0 0 1 0 0 0 1 1 0 1 0 0 0 0 1 1 0 0 0 0 1 1 0 1 0 1 0 1 0 0 1 1 0 0 1 0 1 0 0 1 1 0 1 0 0 0 1 0 0 1 1 0 0 0 1 0 0 1 0 1 0 0 0 1 1 0 0 0 1 0 1 0 1 0 0 0 0 0 0 0 1 0 0 1 1 0 0 0 0 0 
0 0 0 0 0 0 0 0 0 1 1 0 0 0 0 1 0 1 0 0 0 0 0 0 0 0 0 1 0 1 1 1 1 1 0 0 1 0 0 0 1 0 1 1 0 0 0 0 0 1 1 1 0 0 0 0 0 0 0 1 1 1 1 1 1 1 1 1 1 0 0 0 0 1 1 1 1 0 0 1 1 0 0 1 0 1 1 0 1 1 0 1 1 1 0 0 0 0 0 1 0 1 1 0 1 1 1 0 0 1 0 0 0 1 1 0 1 1 0 1 1 1 1 1 1 1 0 1 1 1 0 1 1 0 0 1 1 0 1 1 0 1 0 0 0 1 0 1 1 0 0 1 0 1 1 0 0 0 1 0 1 0 1 0 1 0 1 1 0 0 1 0 0 1 0 1 0 1 1 1 0 1 1 0 0 1 0 0 1 0 1 0 0 1 0 0 0 1 1 0 0 0 1 1 0 0 0 1 0 1 0 1 0 0 0 0 0 0 0 1 0 0 1 1 0 0 0 0 0 
0 0 0 1 0 0 0 0 0 1 1 0 0 0 0 1 0 0 0 0 0 0 1 0 0 0 0 1 0 1 1 1 1 0 0 0 0 0 0 0 1 0 1 1 0 0 0 0 1 0 0 1 1 0 0 0 0 0 1 0 1 1 1 1 1 1 1 1 1 0 0 0 0 1 1 1 1 0 0 1 0 0 1 0 0 0 1 0 1 1 0 1 1 1 0 0 0 0 1 1 0 1 0 1 1 1 1 0 0 1 0 0 0 1 1 1 1 1 0 1 0 1 1 1 1 1 0 1 1 1 0 1 0 0 0 1 1 0 1 0 0 1 0 0 0 1 0 0 1 0 1 0 1 1 1 0 0 0 0 0 1 1 1 0 1 0 1 0 1 0 1 0 1 1 0 1 0 1 1 1 0 0 1 1 0 1 0 0 1 0 1 1 0 1 0 0 0 1 1 0 0 0 1 1 0 0 0 1 0 1 0 1 0 0 0 0 0 0 0 1 0 1 1 1 0 0 0 0 0 
0 0 0 0 1 0 0 0 0 1 1 0 0 0 0 1 0 1 0 0 0 1 0 0 0 0 0 1 0 1 1 1 1 0 1 0 1 1 0 0 1 0 1 1 0 1 0 0 0 1 1 0 0 1 0 0 0 1 0 1 1 1 1 1 1 1 1 1 1 0 0 0 1 0 1 1 1 1 1 1 0 1 0 0 0 0 1 0 1 1 0 1 1 1 0 0 0 0 1 1 0 1 1 1 1 1 1 0 0 1 0 0 0 1 1 0 1 1 1 1 0 1 1 1 1 1 0 1 1 1 1 1 0 0 0 1 1 0 1 0 0 1 0 0 0 0 1 0 1 1 1 0 0 1 1 0 0 0 0 1 0 1 1 0 1 0 1 0 0 1 1 0 0 1 0 1 0 1 1 1 0 0 1 1 0 1 1 1 1 0 0 0 1 1 0 0 0 1 1 0 0 0 1 1 0 1 0 1 0 1 0 1 0 0 0 0 0 0 0 1 0 0 1 1 0 0 0 0 0 
0 0 0 1 1 0 0 0 0 1 1 0 0 0 0 1 1 0 0 0 1 0 1 1 0 0 0 1 0 1 1 1 1 1 0 0 0 0 0 0 1 0 1 1 0 0 0 0 1 1 1 1 0 0 1 0 0 1 0 1 1 1 1 1 1 1 1 1 1 1 0 0 0 0 1 1 1 1 0 1 0 1 0 0 0 0 1 0 1 1 0 1 0 1 0 0 0 0 1 1 0 1 1 1 1 1 1 0 0 1 0 0 0 1 1 1 1 1 0 1 0 1 1 1 1 1 0 1 1 1 1 1 1 0 1 1 1 0 1 0 0 1 0 0 0 1 0 1 1 0 1 0 0 1 1 0 0 0 1 0 0 1 1 0 1 0 1 0 0 0 1 0 0 1 0 1 0 1 1 1 0 1 1 1 0 1 0 1 1 0 0 0 0 1 1 0 0 1 1 0 0 1 1 1 0 1 0 1 0 1 0 1 0 0 0 0 0 0 0 1 0 0 1 1 0 0 0 0 0 
0 0 1 0 1 0 0 0 0 1 1 0 0 0 0 1 1 0 0 0 1 0 0 1 0 0 0 1 0 1 1 1 1 0 0 0 1 0 0 0 1 0 1 1 0 0 0 1 1 1 1 1 0 0 0 1 0 1 0 0 1 1 1 1 0 1 1 1 1 0 1 0 0 0 1 1 1 0 0 1 0 1 0 0 0 0 1 0 1 1 0 1 0 1 0 0 0 0 1 1 0 1 1 1 1 1 1 0 0 1 0 0 0 1 1 0 1 1 0 1 0 1 1 1 1 1 0 1 1 1 1 1 1 0 1 1 1 0 1 0 0 1 0 0 0 0 1 0 1 0 1 1 0 1 1 1 0 0 0 0 1 1 1 0 1 0 1 0 0 0 1 0 1 1 0 1 0 1 1 1 0 1 1 1 0 1 0 1 1 0 0 0 0 1 1 0 0 1 1 0 0 0 1 1 0 1 0 1 0 1 0 1 0 0 0 1 0 0 0 1 0 0 1 1 1 0 0 0 0 
0 0 1 0 1 0 0 0 0 1 1 1 0 0 0 1 1 0 0 0 1 0 1 0 1 0 0 1 0 1 1 1 1 0 1 0 1 0 0 0 1 0 1 1 0 0 1 0 1 1 1 1 0 0 0 0 1 1 0 0 1 1 1 0 1 0 1 1 1 0 0 1 0 0 1 1 1 0 0 1 0 1 0 0 0 0 1 0 1 1 0 1 0 1 0 0 0 0 1 1 0 1 1 1 1 1 1 0 0 1 0 0 1 1 1 0 1 1 0 1 0 1 1 1 1 1 0 1 1 1 1 1 0 0 1 1 1 0 1 0 0 1 0 0 0 1 1 0 1 1 1 1 0 1 1 1 0 0 0 1 0 1 1 0 1 0 1 0 0 0 1 0 1 1 0 1 0 1 1 1 0 1 1 1 0 1 0 1 1 0 0 0 0 1 1 1 0 1 1 0 0 0 1 1 0 1 0 1 0 1 0 1 0 0 0 1 0 0 0 1 0 0 1 1 0 1 0 0 0 
0 0 1 0 1 0 0 0 0 1 1 0 1 0 0 1 1 1 0 0 1 0 1 0 1 0 0 1 0 1 1 1 1 1 0 0 0 0 0 0 1 0 1 1 0 1 0 1 1 0 1 0 1 0 0 0 1 1 0 0 1 1 1 1 0 1 1 1 1 0 0 1 0 0 1 1 1 0 0 1 0 1 0 0 0 0 1 0 1 1 0 1 0 1 0 0 0 0 1 1 0 1 1 1 1 1 1 0 0 1 0 0 1 1 1 0 1 1 0 1 0 1 1 1 1 1 0 1 1 1 1 1 0 1 1 1 1 0 1 0 0 1 0 0 0 0 0 0 1 1 1 1 0 1 1 1 0 0 1 0 1 1 1 0 1 0 1 0 0 0 1 0 1 1 1 1 0 1 1 1 0 1 1 1 0 1 0 1 1 0 0 0 0 1 1 1 0 1 1 0 0 0 1 1 0 1 0 1 0 1 0 1 0 0 0 1 0 0 0 1 0 0 1 1 0 1 0 0 0 
0 0 1 1 1 0 0 0 1 1 1 0 1 0 0 1 1 0 0 0 1 0 1 1 1 0 0 1 0 1 1 1 1 0 1 0 0 0 0 0 1 0 1 1 0 1 1 0 0 0 1 0 0 1 0 0 1 1 0 0 1 1 1 0 1 0 1 1 1 1 0 1 0 1 1 1 1 0 0 1 0 1 0 0 0 0 1 0 1 1 0 1 0 1 0 0 0 0 1 1 0 1 1 1 1 1 1 0 0 1 0 0 1 1 1 1 1 1 0 1 0 1 1 1 1 1 0 1 1 1 1 1 0 0 1 1 1 0 1 0 0 1 0 0 0 0 0 1 1 1 1 1 0 1 1 1 0 0 0 1 0 1 1 0 1 0 1 0 0 0 1 0 1 1 1 1 0 1 1 1 0 1 1 1 0 1 0 1 1 1 0 0 0 1 1 1 0 1 1 0 0 0 1 1 0 1 0 1 0 1 0 1 0 0 0 1 0 0 0 1 0 0 1 1 0 1 0 0 0 
0 0 1 0 1 0 0 0 1 1 1 0 1 0 0 1 1 0 0 0 1 0 1 0 1 0 0 1 0 1 1 1 1 1 0 0 0 0 0 0 1 0 1 1 0 1 0 0 0 0 1 1 0 0 1 0 1 1 0 0 1 1 1 0 0 1 1 1 1 1 0 1 1 0 1 1 1 0 0 1 0 1 0 0 0 0 1 0 1 1 0 1 0 1 0 0 0 0 1 1 0 1 1 1 1 1 1 0 0 1 0 0 1 1 1 0 1 1 0 1 0 1 1 1 1 1 0 1 1 1 1 1 0 0 1 1 1 0 1 0 0 1 0 0 0 0 0 1 1 1 1 1 0 1 1 1 0 0 1 0 0 1 1 0 1 0 1 0 0 0 1 0 1 1 0 1 0 1 1 1 0 1 1 1 0 1 1 1 1 1 0 0 0 1 1 1 0 1 1 0 0 0 1 1 0 1 0 1 0 1 0 1 0 0 0 1 0 0 0 1 0 0 1 1 0 1 0 0 0 
0 1 1 0 1 0 0 0 1 1 1 0 1 0 0 1 1 1 0 0 1 0 1 0 1 1 0 1 0 1 1 1 1 1 0 0 1 0 0 0 1 0 1 1 1 1 0 0 0 0 1 0 0 0 1 0 1 1 0 0 1 1 1 0 0 0 1 1 1 1 0 1 1 0 1 1 1 0 0 1 0 1 0 0 0 0 1 0 1 1 0 1 0 1 0 0 0 0 1 1 0 1 1 1 1 1 1 0 0 1 0 0 1 1 1 0 1 1 0 1 0 1 1 1 1 1 0 1 1 1 1 1 0 0 1 1 1 0 1 0 0 1 0 0 0 1 0 1 1 1 1 1 0 1 1 1 0 0 0 0 0 1 1 0 1 0 1 0 0 0 1 0 1 1 0 1 0 1 1 1 0 1 1 1 0 1 0 1 1 1 0 0 0 1 1 1 0 1 1 0 0 0 1 1 1 1 0 1 0 1 0 1 0 0 0 1 0 0 0 1 0 0 1 1 0 1 0 0 0 
0 1 1 0 1 0 0 0 1 1 1 0 1 0 0 1 1 1 0 0 1 0 1 0 1 1 0 1 0 1 1 1 1 1 0 0 1 0 0 0 1 0 1 1 1 1 0 0 0 0 1 1 0 0 1 0 1 1 0 0 1 1 1 0 0 0 1 1 1 1 0 1 1 0 1 1 1 0 0 1 0 1 0 0 0 0 1 0 1 1 0 1 0 1 0 0 0 0 1 1 0 1 1 1 1 1 1 0 0 1 0 0 1 1 1 0 1 1 0 1 0 1 1 1 1 1 0 1 1 1 1 1 0 0 1 1 1 0 1 0 0 1 0 0 0 0 0 1 1 1 1 1 0 1 1 1 0 0 0 0 1 1 1 0 1 0 1 0 0 0 1 0 1 1 0 1 0 1 1 1 0 1 1 1 0 1 1 1 1 1 0 0 0 1 1 1 0 1 1 0 1 0 1 1 1 1 0 1 0 1 0 1 0 0 0 1 0 0 0 1 0 0 1 1 0 1 0 0 0 
0 1 1 0 1 0 0 0 1 1 1 0 1 0 0 1 1 1 0 0 1 0 1 0 1 1 0 1 0 1 1 1 1 1 0 0 1 0 0 0 1 0 1 1 1 1 0 0 0 0 1 0 0 0 1 0 1 1 0 0 1 1 1 0 0 0 1 1 1 1 0 1 1 0 1 1 1 0 0 1 0 1 0 0 0 0 1 0 1 1 0 1 0 1 0 0 0 0 1 1 0 1 1 1 1 1 1 0 0 1 0 0 1 1 1 0 1 1 0 1 0 1 1 1 1 1 0 1 1 1 1 1 0 0 1 1 1 0 1 0 0 1 0 0 0 0 0 1 1 1 1 1 0 1 1 1 0 0 0 1 0 1 1 0 1 0 1 0 0 0 1 0 1 1 0 1 0 1 1 1 0 1 1 1 0 1 1 1 1 1 0 0 0 1 1 1 0 1 1 0 1 0 1 1 1 1 0 1 0 1 0 1 0 0 0 1 0 0 0 1 0 0 1 1 0 1 0 0 0 
0 1 1 1 1 0 0 0 1 1 1 0 1 0 0 1 1 1 0 0 1 0 1 0 1 1 0 1 0 1 1 1 1 1 0 0 1 1 0 0 1 0 1 1 1 1 0 0 0 0 1 0 0 0 1 0 1 1 0 0 1 1 1 0 0 0 1 1 1 1 0 1 1 0 1 1 1 0 0 1 0 1 0 0 0 0 1 0 1 1 0 1 0 1 0 0 0 0 1 1 0 1 1 1 1 1 1 0 0 1 0 0 1 1 1 0 1 1 0 1 0 1 1 1 1 1 0 1 1 1 1 1 0 0 1 1 1 0 1 0 0 1 0 0 0 0 0 1 1 1 1 1 0 1 1 1 0 0 1 0 0 1 1 0 1 0 1 0 0 0 1 0 1 1 0 1 0 1 1 1 0 1 1 1 0 1 1 1 1 1 0 0 0 1 1 1 0 1 1 0 1 0 1 1 1 1 0 1 0 1 0 1 0 0 0 1 0 0 0 1 0 0 1 1 0 1 0 0 0 
0 1 1 0 1 0 0 0 1 1 1 0 1 0 0 1 1 1 0 0 1 0 1 0 1 1 0 1 0 1 1 1 1 1 0 0 1 1 0 0 1 0 1 1 1 1 0 0 0 0 1 0 0 0 1 0 1 1 0 0 1 1 1 0 0 0 1 1 1 1 0 1 1 0 1 1 1 0 0 1 0 1 0 0 0 0 1 0 1 1 0 1 0 1 0 0 0 0 1 1 0 1 1 1 1 1 1 0 0 1 0 0 1 1 1 0 1 1 0 1 0 1 1 1 1 1 0 1 1 1 1 1 0 0 1 1 1 0 1 0 0 1 0 0 0 0 0 1 1 1 1 1 0 1 1 1 0 0 0 0 0 1 1 0 1 0 1 0 0 0 1 0 1 1 0 1 0 1 1 1 0 1 1 1 0 1 1 1 1 1 0 0 0 1 1 1 0 1 1 0 1 0 1 1 1 1 0 1 0 1 0 1 0 0 0 1 0 0 0 1 0 0 1 1 0 1 0 0 0 
0 1 1 0 1 0 0 0 1 1 1 0 1 0 0 1 1 1 0 0 1 0 1 0 1 1 0 1 0 1 1 1 1 1 0 0 1 1 0 0 1 0 1 1 1 1 0 0 0 0 1 0 0 0 1 0 1 1 0 0 1 1 1 0 0 0 1 1 1 1 0 1 1 0 1 1 1 0 0 1 0 1 0 0 0 0 1 0 1 1 0 1 0 1 0 0 0 0 1 1 0 1 1 1 1 1 1 0 0 1 0 0 1 1 1 0 1 1 0 1 0 1 1 1 1 1 0 1 1 1 1 1 0 0 1 1 1 0 1 0 0 1 0 0 0 0 0 1 1 1 1 1 0 1 1 1 0 0 0 0 0 1 1 0 1 0 1 0 0 0 1 0 1 1 0 1 0 1 1 1 0 1 1 1 0 1 1 1 1 1 0 0 0 1 1 1 0 1 1 0 1 0 1 1 1 1 0 1 0 1 0 1 0 0 0 1 0 0 0 1 0 0 1 1 0 1 0 0 0 
1 1 1 0 1 0 0 0 1 1 1 0 1 0 0 1 1 1 0 0 1 0 1 0 1 1 0 1 0 1 1 1 1 1 0 0 1 1 0 0 1 0 1 1 1 1 0 0 0 0 1 0 0 0 1 0 1 1 0 0 1 1 1 0 0 0 1 1 1 1 0 1 1 0 1 1 1 0 0 1 0 1 0 0 0 0 1 0 1 1 0 1 0 1 0 0 0 0 1 1 0 1 1 1 1 1 1 0 0 1 0 0 1 1 1 0 1 1 0 1 0 1 1 1 1 1 0 1 1 1 1 1 0 0 1 1 1 0 1 0 0 1 0 0 0 0 0 1 1 1 1 1 0 1 1 1 0 0 0 0 0 1 1 0 1 0 1 0 0 0 1 0 1 1 0 1 0 1 1 1 0 1 1 1 0 1 1 1 1 1 0 0 0 1 1 1 0 1 1 0 1 1 1 1 1 1 0 1 0 1 0 1 0 0 0 1 0 0 0 1 0 0 1 1 0 1 0 0 0 

Unable to resolve collision between groups 0 and 1.
Merging groups 0 and 1.
Searching solution for merged group 0+1.
Open/close/exp size (steps): 395/381/395 (6573)
Open/close/exp size (steps): 1043/1710/1043 (7902)
Open/close/exp size (steps): 2674/3305/2674 (9497)
Open/close/exp size (steps): 2082/5219/2082 (11411)
Open/close/exp size (steps): 2022/7516/2022 (13708)
Open/close/exp size (steps): 2683/10273/2683 (16465)
Open/close/exp size (steps): 3615/13582/3615 (19774)
Open/close/exp size (steps): 4310/17553/4310 (23745)
Open/close/exp size (steps): 4202/22319/4202 (28511)
Open/close/exp size (steps): 6432/28039/6432 (34231)
Open/close/exp size (steps): 3706/34903/3706 (41095)
0 0 0 0 0 0 0 0 0 0 0 0 0 0 0 0 0 0 0 0 0 0 0 0 0 0 0 0 0 0 0 0 0 0 0 0 0 0 0 0 0 0 0 0 0 0 0 0 0 0 0 0 0 0 0 0 0 0 0 0 0 0 0 0 0 0 0 0 0 0 0 0 0 0 0 0 0 0 0 0 0 0 0 0 0 0 0 0 0 0 0 0 0 0 0 0 0 0 0 0 0 0 0 0 0 0 0 0 0 0 0 0 0 0 0 0 0 0 0 0 0 0 0 0 0 2 0 0 0 0 0 0 0 0 0 0 0 0 0 1 0 0 0 0 0 0 0 0 0 0 0 0 0 0 0 0 0 0 0 0 0 0 0 0 0 0 0 0 0 0 0 0 0 0 0 0 0 0 0 0 0 0 0 0 0 0 0 0 0 0 0 0 0 0 0 0 0 0 0 0 0 0 0 0 0 0 0 0 0 0 0 0 0 0 0 0 0 0 0 0 0 0 0 0 0 0 0 0 0 
0 0 0 0 0 0 0 0 0 0 0 0 0 0 0 0 0 0 0 0 0 0 0 0 0 0 0 0 0 0 0 0 0 0 0 0 0 0 0 0 0 0 0 0 0 0 0 0 0 0 0 0 0 0 0 0 0 0 0 0 0 0 0 0 0 0 0 0 0 0 0 0 0 0 0 0 0 0 0 0 0 0 0 0 0 0 0 0 0 0 0 0 0 0 0 0 0 0 0 0 0 0 0 0 0 0 0 0 0 0 0 0 0 0 0 0 0 0 0 0 0 0 0 0 2 0 0 0 0 0 0 0 0 0 0 0 0 0 1 0 0 0 0 0 0 0 0 0 0 0 0 0 0 0 0 0 0 0 0 0 0 0 0 0 0 0 0 0 0 0 0 0 0 0 0 0 0 0 0 0 0 0 0 0 0 0 0 0 0 0 0 0 0 0 0 0 0 0 0 0 0 0 0 0 0 0 0 0 0 0 0 0 0 0 0 0 0 0 0 0 0 0 0 0 0 0 0 0 0 
0 0 0 0 0 0 0 0 0 0 0 0 0 0 0 0 0 0 0 0 0 0 0 0 0 0 0 0 0 0 0 0 0 0 0 0 0 0 0 0 0 0 0 0 0 0 0 0 0 0 0 0 0 0 0 0 0 0 0 0 0 0 0 0 0 0 0 0 0 0 0 0 0 0 0 0 0 0 0 0 0 0 0 0 0 0 0 0 0 0 0 0 0 0 0 0 0 0 0 0 0 0 0 0 0 0 0 0 0 0 0 0 0 0 0 0 0 0 0 0 0 0 0 2 0 0 0 0 0 0 0 0 0 0 0 0 0 1 0 0 0 0 0 0 0 0 0 0 0 0 0 0 0 0 0 0 0 0 0 0 0 0 0 0 0 0 0 0 0 0 0 0 0 0 0 0 0 0 0 0 0 0 0 0 0 0 0 0 0 0 0 0 0 0 0 0 0 0 0 0 0 0 0 0 0 0 0 0 0 0 0 0 0 0 0 0 0 0 0 0 0 0 0 0 0 0 0 0 0 
0 0 0 0 0 0 0 0 0 0 0 0 0 0 0 0 0 0 0 0 0 0 0 0 0 0 0 0 0 0 0 0 0 0 0 0 0 0 0 0 0 0 0 0 0 0 0 0 0 0 0 0 0 0 0 0 0 0 0 0 0 0 0 0 0 0 0 0 0 0 0 0 0 0 0 0 0 0 0 0 0 0 0 0 0 0 0 0 0 0 0 0 0 0 0 0 0 0 0 0 0 0 0 0 0 0 0 0 0 0 0 0 0 0 0 0 0 0 0 0 0 0 2 0 0 0 0 0 0 0 0 0 0 0 0 0 1 0 0 0 0 0 0 0 0 0 0 0 0 0 0 0 0 0 0 0 0 0 0 0 0 0 0 0 0 0 0 0 0 0 0 0 0 0 0 0 0 0 0 0 0 0 0 0 0 0 0 0 0 0 0 0 0 0 0 0 0 0 0 0 0 0 0 0 0 0 0 0 0 0 0 0 0 0 0 0 0 0 0 0 0 0 0 0 0 0 0 0 0 
0 0 0 0 0 0 0 0 0 0 0 0 0 0 0 0 0 0 0 0 0 0 0 0 0 0 0 0 0 0 0 0 0 0 0 0 0 0 0 0 0 0 0 0 0 0 0 0 0 0 0 0 0 0 0 0 0 0 0 0 0 0 0 0 0 0 0 0 0 0 0 0 0 0 0 0 0 0 0 0 0 0 0 0 0 0 0 0 0 0 0 0 0 0 0 0 0 0 0 0 0 0 0 0 0 0 0 0 0 0 0 0 0 0 0 0 0 0 0 0 0 2 0 0 0 0 0 0 0 0 0 0 0 0 0 0 1 0 0 0 0 0 0 0 0 0 0 0 0 0 0 0 0 0 0 0 0 0 0 0 0 0 0 0 0 0 0 0 0 0 0 0 0 0 0 0 0 0 0 0 0 0 0 0 0 0 0 0 0 0 0 0 0 0 0 0 0 0 0 0 0 0 0 0 0 0 0 0 0 0 0 0 0 0 0 0 0 0 0 0 0 0 0 0 0 0 0 0 0 
0 0 0 0 0 0 0 0 0 0 0 0 0 0 0 0 0 0 0 0 0 0 0 0 0 0 0 0 0 0 0 0 0 0 0 0 0 0 0 0 0 0 0 0 0 0 0 0 0 0 0 0 0 0 0 0 0 0 0 0 0 0 0 0 0 0 0 0 0 0 0 0 0 0 0 0 0 0 0 0 0 0 0 0 0 0 0 0 0 0 0 0 0 0 0 0 0 0 0 0 0 0 0 0 0 0 0 0 0 0 0 0 0 0 0 0 0 0 0 0 2 0 0 0 0 0 0 0 0 0 0 0 0 0 0 0 1 0 0 0 0 0 0 0 0 0 0 0 0 0 0 0 0 0 0 0 0 0 0 0 0 0 0 0 0 0 0 0 0 0 0 0 0 0 0 0 0 0 0 0 0 0 0 0 0 0 0 0 0 0 0 0 0 0 0 0 0 0 0 0 0 0 0 0 0 0 0 0 0 0 0 0 0 0 0 0 0 0 0 0 0 0 0 0 0 0 0 0 0 
0 0 0 0 0 0 0 0 0 0 0 0 0 0 0 0 0 0 0 0 0 0 0 0 0 0 0 0 0 0 0 0 0 0 0 0 0 0 0 0 0 0 0 0 0 0 0 0 0 0 0 0 0 0 0 0 0 0 0 0 0 0 0 0 0 0 0 0 0 0 0 0 0 0 0 0 0 0 0 0 0 0 0 0 0 0 0 0 0 0 0 0 0 0 0 0 0 0 0 0 0 0 0 0 0 0 0 0 0 0 0 0 0 0 0 0 0 0 0 2 0 0 0 0 0 0 0 0 0 0 0 0 0 0 0 0 1 0 0 0 0 0 0 0 0 0 0 0 0 0 0 0 0 0 0 0 0 0 0 0 0 0 0 0 0 0 0 0 0 0 0 0 0 0 0 0 0 0 0 0 0 0 0 0 0 0 0 0 0 0 0 0 0 0 0 0 0 0 0 0 0 0 0 0 0 0 0 0 0 0 0 0 0 0 0 0 0 0 0 0 0 0 0 0 0 0 0 0 0 
0 0 0 0 0 0 0 0 0 0 0 0 0 0 0 0 0 0 0 0 0 0 0 0 0 0 0 0 0 0 0 0 0 0 0 0 0 0 0 0 0 0 0 0 0 0 0 0 0 0 0 0 0 0 0 0 0 0 0 0 0 0 0 0 0 0 0 0 0 0 0 0 0 0 0 0 0 0 0 0 0 0 0 0 0 0 0 0 0 0 0 0 0 0 0 0 0 0 0 0 0 0 0 0 0 0 0 0 0 0 0 0 0 0 0 0 0 0 2 0 1 0 0 0 0 0 0 0 0 0 0 0 0 0 0 0 0 0 0 0 0 0 0 0 0 0 0 0 0 0 0 0 0 0 0 0 0 0 0 0 0 0 0 0 0 0 0 0 0 0 0 0 0 0 0 0 0 0 0 0 0 0 0 0 0 0 0 0 0 0 0 0 0 0 0 0 0 0 0 0 0 0 0 0 0 0 0 0 0 0 0 0 0 0 0 0 0 0 0 0 0 0 0 0 0 0 0 0 0 
0 0 0 0 0 0 0 0 0 0 0 0 0 0 0 0 0 0 0 0 0 0 0 0 0 0 0 0 0 0 0 0 0 0 0 0 0 0 0 0 0 0 0 0 0 0 0 0 0 0 0 0 0 0 0 0 0 0 0 0 0 0 0 0 0 0 0 0 0 0 0 0 0 0 0 0 0 0 0 0 0 0 0 0 0 0 0 0 0 0 0 0 0 0 0 0 0 0 0 0 0 0 0 0 0 1 0 0 0 0 0 0 0 0 0 0 0 2 0 0 0 0 0 0 0 0 0 0 0 0 0 0 0 0 0 0 0 0 0 0 0 0 0 0 0 0 0 0 0 0 0 0 0 0 0 0 0 0 0 0 0 0 0 0 0 0 0 0 0 0 0 0 0 0 0 0 0 0 0 0 0 0 0 0 0 0 0 0 0 0 0 0 0 0 0 0 0 0 0 0 0 0 0 0 0 0 0 0 0 0 0 0 0 0 0 0 0 0 0 0 0 0 0 0 0 0 0 0 0 
0 0 0 0 0 0 0 0 0 0 0 0 0 0 0 0 0 0 0 0 0 0 0 0 0 0 0 0 0 0 0 0 0 0 0 0 0 0 0 0 0 0 0 0 0 0 0 0 0 0 0 0 0 0 0 0 0 0 0 0 0 0 0 0 0 0 0 0 0 0 0 0 0 0 0 0 0 0 0 0 0 0 0 0 0 0 0 0 0 0 0 0 0 0 0 0 0 0 0 0 0 0 0 0 2 1 0 0 0 0 0 0 0 0 0 0 0 0 0 0 0 0 0 0 0 0 0 0 0 0 0 0 0 0 0 0 0 0 0 0 0 0 0 0 0 0 0 0 0 0 0 0 0 0 0 0 0 0 0 0 0 0 0 0 0 0 0 0 0 0 0 0 0 0 0 0 0 0 0 0 0 0 0 0 0 0 0 0 0 0 0 0 0 0 0 0 0 0 0 0 0 0 0 0 0 0 0 0 0 0 0 0 0 0 0 0 0 0 0 0 0 0 0 0 0 0 0 0 0 
0 0 0 0 0 0 0 0 0 0 0 0 0 0 0 0 0 0 0 0 0 0 0 0 0 0 0 0 0 0 0 0 0 0 0 0 0 0 0 0 0 0 0 0 0 0 0 0 0 0 0 0 0 0 0 0 0 0 0 0 0 0 0 0 0 0 0 0 0 0 0 0 0 0 0 0 0 0 0 0 0 0 0 0 0 0 0 0 0 0 0 0 0 2 0 0 0 0 0 0 0 0 0 0 0 1 0 0 0 0 0 0 0 0 0 0 0 0 0 0 0 0 0 0 0 0 0 0 0 0 0 0 0 0 0 0 0 0 0 0 0 0 0 0 0 0 0 0 0 0 0 0 0 0 0 0 0 0 0 0 0 0 0 0 0 0 0 0 0 0 0 0 0 0 0 0 0 0 0 0 0 0 0 0 0 0 0 0 0 0 0 0 0 0 0 0 0 0 0 0 0 0 0 0 0 0 0 0 0 0 0 0 0 0 0 0 0 0 0 0 0 0 0 0 0 0 0 0 0 
0 0 0 0 0 0 0 0 0 0 0 0 0 0 0 0 0 0 0 0 0 0 0 0 0 0 0 0 0 0 0 0 0 0 0 0 0 0 0 0 0 0 0 0 0 0 0 0 0 0 0 0 0 0 0 0 0 0 0 0 0 0 0 0 0 0 0 0 0 0 0 0 0 0 0 0 0 0 0 0 0 0 0 0 0 0 0 0 0 0 0 0 2 0 0 0 0 0 0 0 0 0 0 0 0 1 0 0 0 0 0 0 0 0 0 0 0 0 0 0 0 0 0 0 0 0 0 0 0 0 0 0 0 0 0 0 0 0 0 0 0 0 0 0 0 0 0 0 0 0 0 0 0 0 0 0 0 0 0 0 0 0 0 0 0 0 0 0 0 0 0 0 0 0 0 0 0 0 0 0 0 0 0 0 0 0 0 0 0 0 0 0 0 0 0 0 0 0 0 0 0 0 0 0 0 0 0 0 0 0 0 0 0 0 0 0 0 0 0 0 0 0 0 0 0 0 0 0 0 

0 0 0 0 0 0 0 0 0 0 0 0 0 0 0 0 0 0 0 0 0 0 0 0 0 0 0 0 0 0 0 0 0 0 0 0 0 0 0 0 0 0 0 0 0 0 0 0 0 0 0 0 0 0 0 0 0 0 0 0 0 0 0 0 0 0 0 0 0 0 0 0 0 0 0 0 0 0 0 0 0 0 0 0 0 0 0 0 0 0 0 0 0 0 0 0 0 0 0 0 0 0 0 0 0 0 0 0 0 0 0 0 0 0 0 0 0 0 0 0 0 0 0 0 0 2 0 0 0 0 0 0 0 0 0 0 0 0 0 1 0 0 0 0 0 0 0 0 0 0 0 0 0 0 0 0 0 0 0 0 0 0 0 0 0 0 0 0 0 0 0 0 0 0 0 0 0 0 0 0 0 0 0 0 0 0 0 0 0 0 0 0 0 0 0 0 0 0 0 0 0 0 0 0 0 0 0 0 0 0 0 0 0 0 0 0 0 0 0 0 0 0 0 0 0 0 0 0 0 
0 0 0 0 0 0 0 0 0 0 0 0 0 0 0 0 0 0 0 0 0 0 0 0 0 0 0 0 0 0 0 0 0 0 0 0 0 0 0 0 0 0 0 0 0 0 0 0 0 0 0 0 0 0 0 0 0 0 0 0 0 0 0 0 0 0 0 0 0 0 0 0 0 0 0 0 0 0 0 0 0 0 0 0 0 0 0 0 0 0 0 0 0 0 0 0 0 0 0 0 0 0 0 0 0 0 0 0 0 0 0 0 0 0 0 0 0 0 0 0 0 0 0 0 2 0 0 0 0 0 0 0 0 0 0 0 0 0 1 0 0 0 0 0 0 0 0 0 0 0 0 0 0 0 0 0 0 0 0 0 0 0 0 0 0 0 0 0 0 0 0 0 0 0 0 0 0 0 0 0 0 0 0 0 0 0 0 0 0 0 0 0 0 0 0 0 0 0 0 0 0 0 0 0 0 0 0 0 0 0 0 0 0 0 0 0 0 0 0 0 0 0 0 0 0 0 0 0 0 
0 0 0 0 0 0 0 0 0 0 0 0 0 0 0 0 0 0 0 0 0 0 0 0 0 0 0 0 0 0 0 0 0 0 0 0 0 0 0 0 0 0 0 0 0 0 0 0 0 0 0 0 0 0 0 0 0 0 0 0 0 0 0 0 0 0 0 0 0 0 0 0 0 0 0 0 0 0 0 0 0 0 0 0 0 0 0 0 0 0 0 0 0 0 0 0 0 0 0 0 0 0 0 0 0 0 0 0 0 0 0 0 0 0 0 0 0 0 0 0 0 0 0 2 0 0 0 0 0 0 0 0 0 0 0 0 0 1 0 0 0 0 0 0 0 0 0 0 0 0 0 0 0 0 0 0 0 0 0 0 0 0 0 0 0 0 0 0 0 0 0 0 0 0 0 0 0 0 0 0 0 0 0 0 0 0 0 0 0 0 0 0 0 0 0 0 0 0 0 0 0 0 0 0 0 0 0 0 0 0 0 0 0 0 0 0 0 0 0 0 0 0 0 0 0 0 0 0 0 
0 0 0 0 0 0 0 0 0 0 0 0 0 0 0 0 0 0 0 0 0 0 0 0 0 0 0 0 0 0 0 0 0 0 0 0 0 0 0 0 0 0 0 0 0 0 0 0 0 0 0 0 0 0 0 0 0 0 0 0 0 0 0 0 0 0 0 0 0 0 0 0 0 0 0 0 0 0 0 0 0 0 0 0 0 0 0 0 0 0 0 0 0 0 0 0 0 0 0 0 0 0 0 0 0 0 0 0 0 0 0 0 0 0 0 0 0 0 0 0 0 0 2 0 0 0 0 0 0 0 0 0 0 0 0 0 1 0 0 0 0 0 0 0 0 0 0 0 0 0 0 0 0 0 0 0 0 0 0 0 0 0 0 0 0 0 0 0 0 0 0 0 0 0 0 0 0 0 0 0 0 0 0 0 0 0 0 0 0 0 0 0 0 0 0 0 0 0 0 0 0 0 0 0 0 0 0 0 0 0 0 0 0 0 0 0 0 0 0 0 0 0 0 0 0 0 0 0 0 
0 0 0 0 0 0 0 0 0 0 0 0 0 0 0 0 0 0 0 0 0 0 0 0 0 0 0 0 0 0 0 0 0 0 0 0 0 0 0 0 0 0 0 0 0 0 0 0 0 0 0 0 0 0 0 0 0 0 0 0 0 0 0 0 0 0 0 0 0 0 0 0 0 0 0 0 0 0 0 0 0 0 0 0 0 0 0 0 0 0 0 0 0 0 0 0 0 0 0 0 0 0 0 0 0 0 0 0 0 0 0 0 0 0 0 0 0 0 0 0 0 2 0 0 0 0 0 0 0 0 0 0 0 0 0 0 1 0 0 0 0 0 0 0 0 0 0 0 0 0 0 0 0 0 0 0 0 0 0 0 0 0 0 0 0 0 0 0 0 0 0 0 0 0 0 0 0 0 0 0 0 0 0 0 0 0 0 0 0 0 0 0 0 0 0 0 0 0 0 0 0 0 0 0 0 0 0 0 0 0 0 0 0 0 0 0 0 0 0 0 0 0 0 0 0 0 0 0 0 
0 0 0 0 0 0 0 0 0 0 0 0 0 0 0 0 0 0 0 0 0 0 0 0 0 0 0 0 0 0 0 0 0 0 0 0 0 0 0 0 0 0 0 0 0 0 0 0 0 0 0 0 0 0 0 0 0 0 0 0 0 0 0 0 0 0 0 0 0 0 0 0 0 0 0 0 0 0 0 0 0 0 0 0 0 0 0 0 0 0 0 0 0 0 0 0 0 0 0 0 0 0 0 0 0 0 0 0 0 0 0 0 0 0 0 0 0 0 0 0 2 0 0 0 0 0 0 0 0 0 0 0 0 0 0 0 1 0 0 0 0 0 0 0 0 0 0 0 0 0 0 0 0 0 0 0 0 0 0 0 0 0 0 0 0 0 0 0 0 0 0 0 0 0 0 0 0 0 0 0 0 0 0 0 0 0 0 0 0 0 0 0 0 0 0 0 0 0 0 0 0 0 0 0 0 0 0 0 0 0 0 0 0 0 0 0 0 0 0 0 0 0 0 0 0 0 0 0 0 
0 0 0 0 0 0 0 0 0 0 0 0 0 0 0 0 0 0 0 0 0 0 0 0 0 0 0 0 0 0 0 0 0 0 0 0 0 0 0 0 0 0 0 0 0 0 0 0 0 0 0 0 0 0 0 0 0 0 0 0 0 0 0 0 0 0 0 0 0 0 0 0 0 0 0 0 0 0 0 0 0 0 0 0 0 0 0 0 0 0 0 0 0 0 0 0 0 0 0 0 0 0 0 0 0 0 0 0 0 0 0 0 0 0 0 0 0 0 0 2 0 0 0 0 0 0 0 0 0 0 0 0 0 0 0 0 1 0 0 0 0 0 0 0 0 0 0 0 0 0 0 0 0 0 0 0 0 0 0 0 0 0 0 0 0 0 0 0 0 0 0 0 0 0 0 0 0 0 0 0 0 0 0 0 0 0 0 0 0 0 0 0 0 0 0 0 0 0 0 0 0 0 0 0 0 0 0 0 0 0 0 0 0 0 0 0 0 0 0 0 0 0 0 0 0 0 0 0 0 
0 0 0 0 0 0 0 0 0 0 0 0 0 0 0 0 0 0 0 0 0 0 0 0 0 0 0 0 0 0 0 0 0 0 0 0 0 0 0 0 0 0 0 0 0 0 0 0 0 0 0 0 0 0 0 0 0 0 0 0 0 0 0 0 0 0 0 0 0 0 0 0 0 0 0 0 0 0 0 0 0 0 0 0 0 0 0 0 0 0 0 0 0 0 0 0 0 0 0 0 0 0 0 0 0 0 0 0 0 0 0 0 0 0 0 0 0 0 2 0 1 0 0 0 0 0 0 0 0 0 0 0 0 0 0 0 0 0 0 0 0 0 0 0 0 0 0 0 0 0 0 0 0 0 0 0 0 0 0 0 0 0 0 0 0 0 0 0 0 0 0 0 0 0 0 0 0 0 0 0 0 0 0 0 0 0 0 0 0 0 0 0 0 0 0 0 0 0 0 0 0 0 0 0 0 0 0 0 0 0 0 0 0 0 0 0 0 0 0 0 0 0 0 0 0 0 0 0 0 
0 0 0 0 0 0 0 0 0 0 0 0 0 0 0 0 0 0 0 0 0 0 0 0 0 0 0 0 0 0 0 0 0 0 0 0 0 0 0 0 0 0 0 0 0 0 0 0 0 0 0 0 0 0 0 0 0 0 0 0 0 0 0 0 0 0 0 0 0 0 0 0 0 0 0 0 0 0 0 0 0 0 0 0 0 0 0 0 0 0 0 0 0 0 0 0 0 0 0 0 0 0 0 0 0 1 0 0 0 0 0 0 0 0 0 0 0 2 0 0 0 0 0 0 0 0 0 0 0 0 0 0 0 0 0 0 0 0 0 0 0 0 0 0 0 0 0 0 0 0 0 0 0 0 0 0 0 0 0 0 0 0 0 0 0 0 0 0 0 0 0 0 0 0 0 0 0 0 0 0 0 0 0 0 0 0 0 0 0 0 0 0 0 0 0 0 0 0 0 0 0 0 0 0 0 0 0 0 0 0 0 0 0 0 0 0 0 0 0 0 0 0 0 0 0 0 0 0 0 
0 0 0 0 0 0 0 0 0 0 0 0 0 0 0 0 0 0 0 0 0 0 0 0 0 0 0 0 0 0 0 0 0 0 0 0 0 0 0 0 0 0 0 0 0 0 0 0 0 0 0 0 0 0 0 0 0 0 0 0 0 0 0 0 0 0 0 0 0 0 0 0 0 0 0 0 0 0 0 0 0 0 0 0 0 0 0 0 0 0 0 0 0 0 0 0 0 0 0 0 0 0 0 0 2 1 0 0 0 0 0 0 0 0 0 0 0 0 0 0 0 0 0 0 0 0 0 0 0 0 0 0 0 0 0 0 0 0 0 0 0 0 0 0 0 0 0 0 0 0 0 0 0 0 0 0 0 0 0 0 0 0 0 0 0 0 0 0 0 0 0 0 0 0 0 0 0 0 0 0 0 0 0 0 0 0 0 0 0 0 0 0 0 0 0 0 0 0 0 0 0 0 0 0 0 0 0 0 0 0 0 0 0 0 0 0 0 0 0 0 0 0 0 0 0 0 0 0 0 
0 0 0 0 0 0 0 0 0 0 0 0 0 0 0 0 0 0 0 0 0 0 0 0 0 0 0 0 0 0 0 0 0 0 0 0 0 0 0 0 0 0 0 0 0 0 0 0 0 0 0 0 0 0 0 0 0 0 0 0 0 0 0 0 0 0 0 0 0 0 0 0 0 0 0 0 0 0 0 0 0 0 0 0 0 0 0 0 0 0 0 0 0 2 0 0 0 0 0 0 0 0 0 0 0 1 0 0 0 0 0 0 0 0 0 0 0 0 0 0 0 0 0 0 0 0 0 0 0 0 0 0 0 0 0 0 0 0 0 0 0 0 0 0 0 0 0 0 0 0 0 0 0 0 0 0 0 0 0 0 0 0 0 0 0 0 0 0 0 0 0 0 0 0 0 0 0 0 0 0 0 0 0 0 0 0 0 0 0 0 0 0 0 0 0 0 0 0 0 0 0 0 0 0 0 0 0 0 0 0 0 0 0 0 0 0 0 0 0 0 0 0 0 0 0 0 0 0 0 
0 0 0 0 0 0 0 0 0 0 0 0 0 0 0 0 0 0 0 0 0 0 0 0 0 0 0 0 0 0 0 0 0 0 0 0 0 0 0 0 0 0 0 0 0 0 0 0 0 0 0 0 0 0 0 0 0 0 0 0 0 0 0 0 0 0 0 0 0 0 0 0 0 0 0 0 0 0 0 0 0 0 0 0 0 0 0 0 0 0 0 0 2 0 0 0 0 0 0 0 0 0 0 0 0 1 0 0 0 0 0 0 0 0 0 0 0 0 0 0 0 0 0 0 0 0 0 0 0 0 0 0 0 0 0 0 0 0 0 0 0 0 0 0 0 0 0 0 0 0 0 0 0 0 0 0 0 0 0 0 0 0 0 0 0 0 0 0 0 0 0 0 0 0 0 0 0 0 0 0 0 0 0 0 0 0 0 0 0 0 0 0 0 0 0 0 0 0 0 0 0 0 0 0 0 0 0 0 0 0 0 0 0 0 0 0 0 0 0 0 0 0 0 0 0 0 0 0 0 

0 0 0 0 0 0 0 0 0 0 0 0 0 0 0 0 0 0 0 0 0 0 0 0 0 0 0 0 0 0 0 0 0 0 0 0 0 0 0 0 0 0 0 0 0 0 0 0 0 0 0 0 0 0 0 0 0 0 0 0 0 0 0 0 0 0 0 0 0 0 0 0 0 0 0 0 0 0 0 0 0 0 0 0 0 0 0 0 0 0 0 0 0 0 0 0 0 0 0 0 0 0 0 0 0 0 0 0 0 0 0 0 0 0 0 0 0 0 0 0 0 0 0 0 0 2 0 0 0 0 0 0 0 0 0 0 0 0 0 1 0 0 0 0 0 0 0 0 0 0 0 0 0 0 0 0 0 0 0 0 0 0 0 0 0 0 0 0 0 0 0 0 0 0 0 0 0 0 0 0 0 0 0 0 0 0 0 0 0 0 0 0 0 0 0 0 0 0 0 0 0 0 0 0 0 0 0 0 0 0 0 0 0 0 0 0 0 0 0 0 0 0 0 0 0 0 0 0 0 
0 0 0 0 0 0 0 0 0 0 0 0 0 0 0 0 0 0 0 0 0 0 0 0 0 0 0 0 0 0 0 0 0 0 0 0 0 0 0 0 0 0 0 0 0 0 0 0 0 0 0 0 0 0 0 0 0 0 0 0 0 0 0 0 0 0 0 0 0 0 0 0 0 0 0 0 0 0 0 0 0 0 0 0 0 0 0 0 0 0 0 0 0 0 0 0 0 0 0 0 0 0 0 0 0 0 0 0 0 0 0 0 0 0 0 0 0 0 0 0 0 0 0 0 2 0 0 0 0 0 0 0 0 0 0 0 0 0 1 0 0 0 0 0 0 0 0 0 0 0 0 0 0 0 0 0 0 0 0 0 0 0 0 0 0 0 0 0 0 0 0 0 0 0 0 0 0 0 0 0 0 0 0 0 0 0 0 0 0 0 0 0 0 0 0 0 0 0 0 0 0 0 0 0 0 0 0 0 0 0 0 0 0 0 0 0 0 0 0 0 0 0 0 0 0 0 0 0 0 
0 0 0 0 0 0 0 0 0 0 0 0 0 0 0 0 0 0 0 0 0 0 0 0 0 0 0 0 0 0 0 0 0 0 0 0 0 0 0 0 0 0 0 0 0 0 0 0 0 0 0 0 0 0 0 0 0 0 0 0 0 0 0 0 0 0 0 0 0 0 0 0 0 0 0 0 0 0 0 0 0 0 0 0 0 0 0 0 0 0 0 0 0 0 0 0 0 0 0 0 0 0 0 0 0 0 0 0 0 0 0 0 0 0 0 0 0 0 0 0 0 0 0 2 0 0 0 0 0 0 0 0 0 0 0 0 0 1 0 0 0 0 0 0 0 0 0 0 0 0 0 0 0 0 0 0 0 0 0 0 0 0 0 0 0 0 0 0 0 0 0 0 0 0 0 0 0 0 0 0 0 0 0 0 0 0 0 0 0 0 0 0 0 0 0 0 0 0 0 0 0 0 0 0 0 0 0 0 0 0 0 0 0 0 0 0 0 0 0 0 0 0 0 0 0 0 0 0 0 
0 0 0 0 0 0 0 0 0 0 0 0 0 0 0 0 0 0 0 0 0 0 0 0 0 0 0 0 0 0 0 0 0 0 0 0 0 0 0 0 0 0 0 0 0 0 0 0 0 0 0 0 0 0 0 0 0 0 0 0 0 0 0 0 0 0 0 0 0 0 0 0 0 0 0 0 0 0 0 0 0 0 0 0 0 0 0 0 0 0 0 0 0 0 0 0 0 0 0 0 0 0 0 0 0 0 0 0 0 0 0 0 0 0 0 0 0 0 0 0 0 0 2 0 0 0 0 0 0 0 0 0 0 0 0 0 1 0 0 0 0 0 0 0 0 0 0 0 0 0 0 0 0 0 0 0 0 0 0 0 0 0 0 0 0 0 0 0 0 0 0 0 0 0 0 0 0 0 0 0 0 0 0 0 0 0 0 0 0 0 0 0 0 0 0 0 0 0 0 0 0 0 0 0 0 0 0 0 0 0 0 0 0 0 0 0 0 0 0 0 0 0 0 0 0 0 0 0 0 
0 0 0 0 0 0 0 0 0 0 0 0 0 0 0 0 0 0 0 0 0 0 0 0 0 0 0 0 0 0 0 0 0 0 0 0 0 0 0 0 0 0 0 0 0 0 0 0 0 0 0 0 0 0 0 0 0 0 0 0 0 0 0 0 0 0 0 0 0 0 0 0 0 0 0 0 0 0 0 0 0 0 0 0 0 0 0 0 0 0 0 0 0 0 0 0 0 0 0 0 0 0 0 0 0 0 0 0 0 0 0 0 0 0 0 0 0 0 0 0 0 2 0 0 0 0 0 0 0 0 0 0 0 0 0 0 1 0 0 0 0 0 0 0 0 0 0 0 0 0 0 0 0 0 0 0 0 0 0 0 0 0 0 0 0 0 0 0 0 0 0 0 0 0 0 0 0 0 0 0 0 0 0 0 0 0 0 0 0 0 0 0 0 0 0 0 0 0 0 0 0 0 0 0 0 0 0 0 0 0 0 0 0 0 0 0 0 0 0 0 0 0 0 0 0 0 0 0 0 
0 0 0 0 0 0 0 0 0 0 0 0 0 0 0 0 0 0 0 0 0 0 0 0 0 0 0 0 0 0 0 0 0 0 0 0 0 0 0 0 0 0 0 0 0 0 0 0 0 0 0 0 0 0 0 0 0 0 0 0 0 0 0 0 0 0 0 0 0 0 0 0 0 0 0 0 0 0 0 0 0 0 0 0 0 0 0 0 0 0 0 0 0 0 0 0 0 0 0 0 0 0 0 0 0 0 0 0 0 0 0 0 0 0 0 0 0 0 0 0 2 0 0 0 0 0 0 0 0 0 0 0 0 0 0 0 1 0 0 0 0 0 0 0 0 0 0 0 0 0 0 0 0 0 0 0 0 0 0 0 0 0 0 0 0 0 0 0 0 0 0 0 0 0 0 0 0 0 0 0 0 0 0 0 0 0 0 0 0 0 0 0 0 0 0 0 0 0 0 0 0 0 0 0 0 0 0 0 0 0 0 0 0 0 0 0 0 0 0 0 0 0 0 0 0 0 0 0 0 
0 0 0 0 0 0 0 0 0 0 0 0 0 0 0 0 0 0 0 0 0 0 0 0 0 0 0 0 0 0 0 0 0 0 0 0 0 0 0 0 0 0 0 0 0 0 0 0 0 0 0 0 0 0 0 0 0 0 0 0 0 0 0 0 0 0 0 0 0 0 0 0 0 0 0 0 0 0 0 0 0 0 0 0 0 0 0 0 0 0 0 0 0 0 0 0 0 0 0 0 0 0 0 0 0 0 0 0 0 0 0 0 0 0 0 0 0 0 0 2 0 0 0 0 0 0 0 0 0 0 0 0 0 0 0 0 1 0 0 0 0 0 0 0 0 0 0 0 0 0 0 0 0 0 0 0 0 0 0 0 0 0 0 0 0 0 0 0 0 0 0 0 0 0 0 0 0 0 0 0 0 0 0 0 0 0 0 0 0 0 0 0 0 0 0 0 0 0 0 0 0 0 0 0 0 0 0 0 0 0 0 0 0 0 0 0 0 0 0 0 0 0 0 0 0 0 0 0 0 
0 0 0 0 0 0 0 0 0 0 0 0 0 0 0 0 0 0 0 0 0 0 0 0 0 0 0 0 0 0 0 0 0 0 0 0 0 0 0 0 0 0 0 0 0 0 0 0 0 0 0 0 0 0 0 0 0 0 0 0 0 0 0 0 0 0 0 0 0 0 0 0 0 0 0 0 0 0 0 0 0 0 0 0 0 0 0 0 0 0 0 0 0 0 0 0 0 0 0 0 0 0 0 0 0 0 0 0 0 0 0 0 0 0 0 0 0 0 2 0 1 0 0 0 0 0 0 0 0 0 0 0 0 0 0 0 0 0 0 0 0 0 0 0 0 0 0 0 0 0 0 0 0 0 0 0 0 0 0 0 0 0 0 0 0 0 0 0 0 0 0 0 0 0 0 0 0 0 0 0 0 0 0 0 0 0 0 0 0 0 0 0 0 0 0 0 0 0 0 0 0 0 0 0 0 0 0 0 0 0 0 0 0 0 0 0 0 0 0 0 0 0 0 0 0 0 0 0 0 
0 0 0 0 0 0 0 0 0 0 0 0 0 0 0 0 0 0 0 0 0 0 0 0 0 0 0 0 0 0 0 0 0 0 0 0 0 0 0 0 0 0 0 0 0 0 0 0 0 0 0 0 0 0 0 0 0 0 0 0 0 0 0 0 0 0 0 0 0 0 0 0 0 0 0 0 0 0 0 0 0 0 0 0 0 0 0 0 0 0 0 0 0 0 0 0 0 0 0 0 0 0 0 0 0 1 0 0 0 0 0 0 0 0 0 0 0 2 0 0 0 0 0 0 0 0 0 0 0 0 0 0 0 0 0 0 0 0 0 0 0 0 0 0 0 0 0 0 0 0 0 0 0 0 0 0 0 0 0 0 0 0 0 0 0 0 0 0 0 0 0 0 0 0 0 0 0 0 0 0 0 0 0 0 0 0 0 0 0 0 0 0 0 0 0 0 0 0 0 0 0 0 0 0 0 0 0 0 0 0 0 0 0 0 0 0 0 0 0 0 0 0 0 0 0 0 0 0 0 
0 0 0 0 0 0 0 0 0 0 0 0 0 0 0 0 0 0 0 0 0 0 0 0 0 0 0 0 0 0 0 0 0 0 0 0 0 0 0 0 0 0 0 0 0 0 0 0 0 0 0 0 0 0 0 0 0 0 0 0 0 0 0 0 0 0 0 0 0 0 0 0 0 0 0 0 0 0 0 0 0 0 0 0 0 0 0 0 0 0 0 0 0 0 0 0 0 0 0 0 0 0 0 0 2 1 0 0 0 0 0 0 0 0 0 0 0 0 0 0 0 0 0 0 0 0 0 0 0 0 0 0 0 0 0 0 0 0 0 0 0 0 0 0 0 0 0 0 0 0 0 0 0 0 0 0 0 0 0 0 0 0 0 0 0 0 0 0 0 0 0 0 0 0 0 0 0 0 0 0 0 0 0 0 0 0 0 0 0 0 0 0 0 0 0 0 0 0 0 0 0 0 0 0 0 0 0 0 0 0 0 0 0 0 0 0 0 0 0 0 0 0 0 0 0 0 0 0 0 
0 0 0 0 0 0 0 0 0 0 0 0 0 0 0 0 0 0 0 0 0 0 0 0 0 0 0 0 0 0 0 0 0 0 0 0 0 0 0 0 0 0 0 0 0 0 0 0 0 0 0 0 0 0 0 0 0 0 0 0 0 0 0 0 0 0 0 0 0 0 0 0 0 0 0 0 0 0 0 0 0 0 0 0 0 0 0 0 0 0 0 0 0 2 0 0 0 0 0 0 0 0 0 0 0 1 0 0 0 0 0 0 0 0 0 0 0 0 0 0 0 0 0 0 0 0 0 0 0 0 0 0 0 0 0 0 0 0 0 0 0 0 0 0 0 0 0 0 0 0 0 0 0 0 0 0 0 0 0 0 0 0 0 0 0 0 0 0 0 0 0 0 0 0 0 0 0 0 0 0 0 0 0 0 0 0 0 0 0 0 0 0 0 0 0 0 0 0 0 0 0 0 0 0 0 0 0 0 0 0 0 0 0 0 0 0 0 0 0 0 0 0 0 0 0 0 0 0 0 
0 0 0 0 0 0 0 0 0 0 0 0 0 0 0 0 0 0 0 0 0 0 0 0 0 0 0 0 0 0 0 0 0 0 0 0 0 0 0 0 0 0 0 0 0 0 0 0 0 0 0 0 0 0 0 0 0 0 0 0 0 0 0 0 0 0 0 0 0 0 0 0 0 0 0 0 0 0 0 0 0 0 0 0 0 0 0 0 0 0 0 0 2 0 0 0 0 0 0 0 0 0 0 0 0 1 0 0 0 0 0 0 0 0 0 0 0 0 0 0 0 0 0 0 0 0 0 0 0 0 0 0 0 0 0 0 0 0 0 0 0 0 0 0 0 0 0 0 0 0 0 0 0 0 0 0 0 0 0 0 0 0 0 0 0 0 0 0 0 0 0 0 0 0 0 0 0 0 0 0 0 0 0 0 0 0 0 0 0 0 0 0 0 0 0 0 0 0 0 0 0 0 0 0 0 0 0 0 0 0 0 0 0 0 0 0 0 0 0 0 0 0 0 0 0 0 0 0 0 

0 0 0 0 0 0 0 0 0 0 0 0 0 0 0 0 0 0 0 0 0 0 0 0 0 0 0 0 0 0 0 0 0 0 0 0 0 0 0 0 0 0 0 0 0 0 0 0 0 0 0 0 0 0 0 0 0 0 0 0 0 0 0 0 0 0 0 0 0 0 0 0 0 0 0 0 0 0 0 0 0 0 0 0 0 0 0 0 0 0 0 0 0 0 0 0 0 0 0 0 0 0 0 0 0 0 0 0 0 0 0 0 0 0 0 0 0 0 0 0 0 0 0 0 0 2 0 0 0 0 0 0 0 0 0 0 0 0 0 1 0 0 0 0 0 0 0 0 0 0 0 0 0 0 0 0 0 0 0 0 0 0 0 0 0 0 0 0 0 0 0 0 0 0 0 0 0 0 0 0 0 0 0 0 0 0 0 0 0 0 0 0 0 0 0 0 0 0 0 0 0 0 0 0 0 0 0 0 0 0 0 0 0 0 0 0 0 0 0 0 0 0 0 0 0 0 0 0 0 
0 0 0 0 0 0 0 0 0 0 0 0 0 0 0 0 0 0 0 0 0 0 0 0 0 0 0 0 0 0 0 0 0 0 0 0 0 0 0 0 0 0 0 0 0 0 0 0 0 0 0 0 0 0 0 0 0 0 0 0 0 0 0 0 0 0 0 0 0 0 0 0 0 0 0 0 0 0 0 0 0 0 0 0 0 0 0 0 0 0 0 0 0 0 0 0 0 0 0 0 0 0 0 0 0 0 0 0 0 0 0 0 0 0 0 0 0 0 0 0 0 0 0 0 2 0 0 0 0 0 0 0 0 0 0 0 0 0 1 0 0 0 0 0 0 0 0 0 0 0 0 0 0 0 0 0 0 0 0 0 0 0 0 0 0 0 0 0 0 0 0 0 0 0 0 0 0 0 0 0 0 0 0 0 0 0 0 0 0 0 0 0 0 0 0 0 0 0 0 0 0 0 0 0 0 0 0 0 0 0 0 0 0 0 0 0 0 0 0 0 0 0 0 0 0 0 0 0 0 
0 0 0 0 0 0 0 0 0 0 0 0 0 0 0 0 0 0 0 0 0 0 0 0 0 0 0 0 0 0 0 0 0 0 0 0 0 0 0 0 0 0 0 0 0 0 0 0 0 0 0 0 0 0 0 0 0 0 0 0 0 0 0 0 0 0 0 0 0 0 0 0 0 0 0 0 0 0 0 0 0 0 0 0 0 0 0 0 0 0 0 0 0 0 0 0 0 0 0 0 0 0 0 0 0 0 0 0 0 0 0 0 0 0 0 0 0 0 0 0 0 0 0 2 0 0 0 0 0 0 0 0 0 0 0 0 0 1 0 0 0 0 0 0 0 0 0 0 0 0 0 0 0 0 0 0 0 0 0 0 0 0 0 0 0 0 0 0 0 0 0 0 0 0 0 0 0 0 0 0 0 0 0 0 0 0 0 0 0 0 0 0 0 0 0 0 0 0 0 0 0 0 0 0 0 0 0 0 0 0 0 0 0 0 0 0 0 0 0 0 0 0 0 0 0 0 0 0 0 
0 0 0 0 0 0 0 0 0 0 0 0 0 0 0 0 0 0 0 0 0 0 0 0 0 0 0 0 0 0 0 0 0 0 0 0 0 0 0 0 0 0 0 0 0 0 0 0 0 0 0 0 0 0 0 0 0 0 0 0 0 0 0 0 0 0 0 0 0 0 0 0 0 0 0 0 0 0 0 0 0 0 0 0 0 0 0 0 0 0 0 0 0 0 0 0 0 0 0 0 0 0 0 0 0 0 0 0 0 0 0 0 0 0 0 0 0 0 0 0 0 0 2 0 0 0 0 0 0 0 0 0 0 0 0 0 1 0 0 0 0 0 0 0 0 0 0 0 0 0 0 0 0 0 0 0 0 0 0 0 0 0 0 0 0 0 0 0 0 0 0 0 0 0 0 0 0 0 0 0 0 0 0 0 0 0 0 0 0 0 0 0 0 0 0 0 0 0 0 0 0 0 0 0 0 0 0 0 0 0 0 0 0 0 0 0 0 0 0 0 0 0 0 0 0 0 0 0 0 
0 0 0 0 0 0 0 0 0 0 0 0 0 0 0 0 0 0 0 0 0 0 0 0 0 0 0 0 0 0 0 0 0 0 0 0 0 0 0 0 0 0 0 0 0 0 0 0 0 0 0 0 0 0 0 0 0 0 0 0 0 0 0 0 0 0 0 0 0 0 0 0 0 0 0 0 0 0 0 0 0 0 0 0 0 0 0 0 0 0 0 0 0 0 0 0 0 0 0 0 0 0 0 0 0 0 0 0 0 0 0 0 0 0 0 0 0 0 0 0 0 2 0 0 0 0 0 0 0 0 0 0 0 0 0 0 1 0 0 0 0 0 0 0 0 0 0 0 0 0 0 0 0 0 0 0 0 0 0 0 0 0 0 0 0 0 0 0 0 0 0 0 0 0 0 0 0 0 0 0 0 0 0 0 0 0 0 0 0 0 0 0 0 0 0 0 0 0 0 0 0 0 0 0 0 0 0 0 0 0 0 0 0 0 0 0 0 0 0 0 0 0 0 0 0 0 0 0 0 
0 0 0 0 0 0 0 0 0 0 0 0 0 0 0 0 0 0 0 0 0 0 0 0 0 0 0 0 0 0 0 0 0 0 0 0 0 0 0 0 0 0 0 0 0 0 0 0 0 0 0 0 0 0 0 0 0 0 0 0 0 0 0 0 0 0 0 0 0 0 0 0 0 0 0 0 0 0 0 0 0 0 0 0 0 0 0 0 0 0 0 0 0 0 0 0 0 0 0 0 0 0 0 0 0 0 0 0 0 0 0 0 0 0 0 0 0 0 0 0 2 0 0 0 0 0 0 0 0 0 0 0 0 0 0 0 1 0 0 0 0 0 0 0 0 0 0 0 0 0 0 0 0 0 0 0 0 0 0 0 0 0 0 0 0 0 0 0 0 0 0 0 0 0 0 0 0 0 0 0 0 0 0 0 0 0 0 0 0 0 0 0 0 0 0 0 0 0 0 0 0 0 0 0 0 0 0 0 0 0 0 0 0 0 0 0 0 0 0 0 0 0 0 0 0 0 0 0 0 
0 0 0 0 0 0 0 0 0 0 0 0 0 0 0 0 0 0 0 0 0 0 0 0 0 0 0 0 0 0 0 0 0 0 0 0 0 0 0 0 0 0 0 0 0 0 0 0 0 0 0 0 0 0 0 0 0 0 0 0 0 0 0 0 0 0 0 0 0 0 0 0 0 0 0 0 0 0 0 0 0 0 0 0 0 0 0 0 0 0 0 0 0 0 0 0 0 0 0 0 0 0 0 0 0 0 0 0 0 0 0 0 0 0 0 0 0 0 0 2 0 0 0 0 0 0 0 0 0 0 0 0 0 0 0 0 1 0 0 0 0 0 0 0 0 0 0 0 0 0 0 0 0 0 0 0 0 0 0 0 0 0 0 0 0 0 0 0 0 0 0 0 0 0 0 0 0 0 0 0 0 0 0 0 0 0 0 0 0 0 0 0 0 0 0 0 0 0 0 0 0 0 0 0 0 0 0 0 0 0 0 0 0 0 0 0 0 0 0 0 0 0 0 0 0 0 0 0 0 
0 0 0 0 0 0 0 0 0 0 0 0 0 0 0 0 0 0 0 0 0 0 0 0 0 0 0 0 0 0 0 0 0 0 0 0 0 0 0 0 0 0 0 0 0 0 0 0 0 0 0 0 0 0 0 0 0 0 0 0 0 0 0 0 0 0 0 0 0 0 0 0 0 0 0 0 0 0 0 0 0 0 0 0 0 0 0 0 0 0 0 0 0 0 0 0 0 0 0 0 0 0 0 0 0 0 0 0 0 0 0 0 0 0 0 0 0 0 2 0 1 0 0 0 0 0 0 0 0 0 0 0 0 0 0 0 0 0 0 0 0 0 0 0 0 0 0 0 0 0 0 0 0 0 0 0 0 0 0 0 0 0 0 0 0 0 0 0 0 0 0 0 0 0 0 0 0 0 0 0 0 0 0 0 0 0 0 0 0 0 0 0 0 0 0 0 0 0 0 0 0 0 0 0 0 0 0 0 0 0 0 0 0 0 0 0 0 0 0 0 0 0 0 0 0 0 0 0 0 
0 0 0 0 0 0 0 0 0 0 0 0 0 0 0 0 0 0 0 0 0 0 0 0 0 0 0 0 0 0 0 0 0 0 0 0 0 0 0 0 0 0 0 0 0 0 0 0 0 0 0 0 0 0 0 0 0 0 0 0 0 0 0 0 0 0 0 0 0 0 0 0 0 0 0 0 0 0 0 0 0 0 0 0 0 0 0 0 0 0 0 0 0 0 0 0 0 0 0 0 0 0 0 0 0 1 0 0 0 0 0 0 0 0 0 0 0 2 0 0 0 0 0 0 0 0 0 0 0 0 0 0 0 0 0 0 0 0 0 0 0 0 0 0 0 0 0 0 0 0 0 0 0 0 0 0 0 0 0 0 0 0 0 0 0 0 0 0 0 0 0 0 0 0 0 0 0 0 0 0 0 0 0 0 0 0 0 0 0 0 0 0 0 0 0 0 0 0 0 0 0 0 0 0 0 0 0 0 0 0 0 0 0 0 0 0 0 0 0 0 0 0 0 0 0 0 0 0 0 
0 0 0 0 0 0 0 0 0 0 0 0 0 0 0 0 0 0 0 0 0 0 0 0 0 0 0 0 0 0 0 0 0 0 0 0 0 0 0 0 0 0 0 0 0 0 0 0 0 0 0 0 0 0 0 0 0 0 0 0 0 0 0 0 0 0 0 0 0 0 0 0 0 0 0 0 0 0 0 0 0 0 0 0 0 0 0 0 0 0 0 0 0 0 0 0 0 0 0 0 0 0 0 0 2 1 0 0 0 0 0 0 0 0 0 0 0 0 0 0 0 0 0 0 0 0 0 0 0 0 0 0 0 0 0 0 0 0 0 0 0 0 0 0 0 0 0 0 0 0 0 0 0 0 0 0 0 0 0 0 0 0 0 0 0 0 0 0 0 0 0 0 0 0 0 0 0 0 0 0 0 0 0 0 0 0 0 0 0 0 0 0 0 0 0 0 0 0 0 0 0 0 0 0 0 0 0 0 0 0 0 0 0 0 0 0 0 0 0 0 0 0 0 0 0 0 0 0 0 
0 0 0 0 0 0 0 0 0 0 0 0 0 0 0 0 0 0 0 0 0 0 0 0 0 0 0 0 0 0 0 0 0 0 0 0 0 0 0 0 0 0 0 0 0 0 0 0 0 0 0 0 0 0 0 0 0 0 0 0 0 0 0 0 0 0 0 0 0 0 0 0 0 0 0 0 0 0 0 0 0 0 0 0 0 0 0 0 0 0 0 0 0 2 0 0 0 0 0 0 0 0 0 0 0 1 0 0 0 0 0 0 0 0 0 0 0 0 0 0 0 0 0 0 0 0 0 0 0 0 0 0 0 0 0 0 0 0 0 0 0 0 0 0 0 0 0 0 0 0 0 0 0 0 0 0 0 0 0 0 0 0 0 0 0 0 0 0 0 0 0 0 0 0 0 0 0 0 0 0 0 0 0 0 0 0 0 0 0 0 0 0 0 0 0 0 0 0 0 0 0 0 0 0 0 0 0 0 0 0 0 0 0 0 0 0 0 0 0 0 0 0 0 0 0 0 0 0 0 
0 0 0 0 0 0 0 0 0 0 0 0 0 0 0 0 0 0 0 0 0 0 0 0 0 0 0 0 0 0 0 0 0 0 0 0 0 0 0 0 0 0 0 0 0 0 0 0 0 0 0 0 0 0 0 0 0 0 0 0 0 0 0 0 0 0 0 0 0 0 0 0 0 0 0 0 0 0 0 0 0 0 0 0 0 0 0 0 0 0 0 0 2 0 0 0 0 0 0 0 0 0 0 0 0 1 0 0 0 0 0 0 0 0 0 0 0 0 0 0 0 0 0 0 0 0 0 0 0 0 0 0 0 0 0 0 0 0 0 0 0 0 0 0 0 0 0 0 0 0 0 0 0 0 0 0 0 0 0 0 0 0 0 0 0 0 0 0 0 0 0 0 0 0 0 0 0 0 0 0 0 0 0 0 0 0 0 0 0 0 0 0 0 0 0 0 0 0 0 0 0 0 0 0 0 0 0 0 0 0 0 0 0 0 0 0 0 0 0 0 0 0 0 0 0 0 0 0 0 

Groups 0 and 4 collide.
Solution of group 0
Mulirobot solution: (|moves| = 16, paralellism = 1.455) [
    Step 0: 1#139->138 2#125->124 
    Step 1: 1#138->137 2#124->123 
    Step 2: 1#137->136 2#123->122 
    Step 3: 2#122->121 
    Step 4: 2#121->120 
    Step 5: 2#120->119 
    Step 6: 1#136->120 2#119->118 
    Step 7: 1#120->105 2#118->117 
    Step 8: 2#117->104 
    Step 9: 2#104->93 
    Step 10: 2#93->92 
]
Solution of group 4
Mulirobot solution: (|moves| = 6, paralellism = 1.000) [
    Step 0: 1#79->80 
    Step 1: 1#80->94 
    Step 2: 1#94->105 
    Step 3: 1#105->120 
    Step 4: 1#120->119 
    Step 5: 1#119->135 
]
Occupation table complementary for group 0
1 0 1 0 0 1 0 0 0 0 1 1 0 1 0 0 1 1 0 1 1 1 0 1 1 1 0 1 1 1 1 0 0 1 1 1 0 0 1 0 0 0 1 0 0 1 0 1 1 0 1 0 0 0 1 1 1 0 1 1 1 0 1 0 1 0 0 0 1 1 1 0 1 1 1 1 1 1 0 1 0 0 1 1 1 1 1 0 0 0 1 1 1 0 1 1 1 0 1 0 0 0 0 0 0 1 1 0 0 1 1 1 1 1 0 0 0 0 0 1 1 1 0 1 0 0 1 1 1 1 0 1 1 0 0 1 1 0 0 0 1 1 1 0 1 0 0 0 1 0 1 0 1 1 1 0 1 1 1 1 1 0 0 1 1 1 0 0 0 0 1 1 0 0 0 0 1 0 1 0 1 1 1 1 1 0 1 0 1 0 1 0 1 1 1 0 1 0 1 1 0 1 1 0 0 1 1 0 1 1 1 0 1 0 1 0 0 0 0 1 1 0 0 1 1 1 1 0 0 
0 0 0 0 0 0 0 0 1 1 1 0 1 0 1 1 1 0 1 1 1 1 1 0 1 0 1 0 0 0 0 1 1 1 0 0 0 0 1 0 0 0 1 1 1 0 0 0 0 0 0 0 0 1 1 1 0 1 0 1 1 1 1 1 0 1 1 1 0 1 0 0 0 1 0 1 1 0 1 0 1 0 0 1 1 1 0 0 1 1 0 1 0 0 0 1 0 0 0 1 0 1 0 0 0 1 1 1 1 0 1 0 0 0 0 1 0 0 0 1 1 0 1 0 1 1 1 0 1 1 0 0 0 0 1 1 1 0 0 0 1 1 0 0 1 1 1 0 1 0 1 0 0 0 0 1 0 1 0 1 1 0 0 1 0 1 0 0 1 1 1 0 0 1 0 0 0 1 1 1 0 1 0 1 0 0 1 1 0 1 1 0 1 0 1 1 0 0 1 0 1 1 0 0 0 0 1 0 0 1 1 1 0 0 0 0 0 0 0 0 1 0 0 0 0 1 0 0 0 
0 0 0 0 0 0 0 1 0 1 0 1 0 0 0 0 0 0 0 0 0 0 1 1 0 1 0 0 1 1 1 1 0 1 1 0 1 0 0 1 0 0 0 0 0 1 1 1 0 1 0 0 1 1 1 0 0 1 1 0 0 0 0 0 0 1 1 0 1 0 0 0 1 0 1 1 1 1 1 1 0 1 0 1 1 0 0 0 0 0 0 1 1 0 1 0 0 1 0 1 1 0 1 0 0 1 1 0 0 0 0 0 0 0 1 0 0 0 1 0 1 1 1 1 1 1 1 0 1 0 1 1 0 0 1 0 1 1 0 0 1 0 1 0 1 1 0 0 0 1 1 0 0 1 0 1 0 1 1 0 1 1 0 0 1 1 1 1 0 1 1 0 1 0 0 1 0 1 1 1 1 0 0 1 0 1 0 0 1 0 0 0 1 0 0 1 1 0 0 0 0 0 1 0 0 0 1 0 0 1 0 0 0 0 0 0 0 0 0 0 0 0 0 0 1 0 0 0 0 
0 0 0 0 0 0 1 0 0 0 1 0 0 0 0 0 0 0 0 0 0 0 1 0 1 1 0 0 0 0 0 0 1 0 0 0 1 0 0 0 1 0 1 1 1 1 0 1 1 0 0 1 1 1 0 0 0 0 0 1 0 1 0 0 1 1 0 1 0 0 0 0 1 1 1 0 1 0 1 1 1 0 1 1 0 0 0 0 1 0 0 1 0 1 1 1 0 0 0 0 0 1 1 1 0 1 1 0 1 1 0 0 1 0 0 1 0 1 1 0 1 1 1 0 1 1 1 0 0 0 1 1 1 0 0 1 1 1 1 1 1 0 1 0 0 1 0 0 0 1 1 1 0 1 0 1 0 1 1 1 0 0 1 0 1 1 0 1 1 0 1 0 0 1 1 0 1 1 1 0 1 1 1 0 0 0 1 1 0 0 0 0 1 0 0 1 0 0 0 0 0 0 0 1 0 0 0 0 0 1 0 0 0 0 0 0 0 0 0 0 0 0 0 1 0 0 0 0 0 
0 0 0 0 0 1 0 0 0 1 0 0 0 0 0 0 0 0 0 0 0 0 0 1 0 0 1 0 0 1 0 1 0 0 1 0 1 0 0 0 1 0 0 1 0 1 0 0 0 0 1 1 1 0 0 0 0 1 0 1 0 1 1 1 1 0 0 1 0 0 0 0 0 0 1 1 1 1 0 1 1 1 1 1 0 0 0 0 1 1 0 0 0 0 1 0 0 1 0 1 0 1 1 0 1 0 1 0 1 1 0 0 0 1 0 1 1 0 0 1 1 1 1 1 1 1 1 0 0 0 0 1 0 1 1 1 1 1 1 1 1 0 1 0 0 1 0 1 0 0 1 0 0 0 0 1 0 0 1 1 1 0 0 0 1 1 1 1 1 1 1 0 1 0 0 1 0 1 1 0 1 1 0 0 0 0 0 0 0 1 0 0 0 0 0 1 0 0 0 0 0 0 1 0 0 0 0 0 0 1 0 0 0 0 0 0 1 0 0 0 0 0 1 0 0 0 0 0 0 
0 0 0 0 0 0 0 0 1 0 0 0 0 0 0 0 0 1 0 1 0 0 1 0 0 0 0 1 0 1 0 0 0 1 0 0 0 0 0 0 1 0 0 1 0 0 0 0 0 1 1 1 0 0 0 0 0 0 0 1 0 0 0 1 1 1 1 0 0 0 0 0 1 0 1 1 1 1 1 1 1 1 1 0 0 0 0 0 1 0 0 1 0 1 1 0 0 1 0 0 1 1 0 1 0 1 1 0 1 1 0 0 1 0 1 1 1 1 1 1 1 1 1 1 1 1 1 0 0 0 0 1 1 1 1 0 0 1 1 1 0 0 1 0 0 1 0 0 0 1 0 0 1 1 0 0 0 0 1 0 1 0 0 0 1 1 1 1 0 1 1 0 1 1 1 0 1 0 1 0 0 0 0 1 0 0 0 0 0 0 1 0 1 0 0 0 0 0 0 0 0 0 1 0 0 0 0 0 0 1 0 0 0 0 0 0 0 1 0 0 0 1 0 0 0 0 0 0 0 
0 0 0 0 0 0 0 1 0 0 0 0 0 0 0 0 1 0 1 0 0 0 0 0 0 0 0 1 0 1 0 0 1 0 0 0 1 0 0 0 1 0 0 1 0 0 0 0 1 1 1 0 0 0 0 0 0 0 0 0 1 0 1 0 1 1 0 0 0 0 0 0 1 0 1 1 1 0 0 1 1 0 0 1 0 0 0 0 1 0 0 1 1 1 1 0 0 1 0 0 0 1 1 0 1 1 1 0 1 1 0 0 0 1 1 1 1 1 0 1 1 1 1 1 1 1 1 0 1 0 0 1 1 1 0 1 1 0 1 1 1 0 0 0 0 1 0 0 0 1 0 1 0 1 0 0 0 0 0 1 1 1 0 0 0 0 1 0 1 0 1 0 0 1 1 1 0 0 1 0 0 0 0 0 0 0 1 0 0 0 0 1 0 1 0 0 0 0 1 0 0 0 1 0 0 0 1 0 0 1 0 0 0 0 0 0 0 0 1 0 1 0 0 1 0 0 0 0 0 
0 0 0 0 0 0 1 0 0 0 0 0 0 0 0 1 0 0 0 0 0 0 0 0 0 0 0 1 0 1 0 1 0 1 0 0 0 0 0 0 1 0 0 1 0 0 0 1 1 0 1 1 0 0 0 0 0 0 0 0 0 1 0 1 1 1 0 1 0 0 0 0 0 1 1 1 1 0 1 1 1 1 0 1 1 0 0 0 1 0 0 1 0 0 1 0 0 1 0 1 0 1 1 0 1 1 1 0 1 1 0 0 0 0 1 1 1 1 1 1 1 0 1 1 1 1 1 0 0 1 0 1 0 0 1 1 1 1 1 1 0 1 0 0 0 1 0 1 0 0 0 0 1 1 0 0 0 0 0 0 1 0 1 0 0 0 1 1 0 0 1 0 0 1 0 1 0 0 1 0 0 0 0 0 0 1 0 0 1 0 0 0 1 0 0 0 0 0 1 0 0 0 1 0 0 0 0 1 0 1 0 0 0 0 0 0 0 0 0 1 0 0 0 1 0 0 0 0 0 
0 0 0 0 0 1 0 0 0 0 0 0 0 0 0 1 0 0 0 0 0 0 0 0 0 0 0 1 0 1 1 0 1 0 1 0 0 0 0 0 1 0 0 1 0 0 1 0 0 1 1 1 1 0 0 0 0 0 0 0 1 0 1 1 1 0 1 1 0 0 0 0 0 0 1 1 1 1 1 1 1 1 0 1 0 1 0 0 1 0 1 0 0 1 1 1 0 1 0 0 0 1 1 1 1 0 1 1 1 1 0 0 1 0 1 1 1 1 1 1 1 1 0 1 1 1 0 1 0 1 1 1 0 1 1 1 1 0 1 1 0 1 0 0 0 1 0 0 0 0 1 0 1 1 0 0 0 0 0 0 1 0 1 1 0 0 1 0 1 0 1 0 0 1 0 1 1 0 1 0 0 0 0 0 0 1 0 0 1 0 0 0 0 1 0 0 0 0 1 0 0 0 1 1 0 0 0 1 1 1 0 0 0 0 0 0 0 0 0 1 1 0 0 1 0 0 0 0 0 
0 0 0 0 0 0 0 0 0 0 0 0 0 0 0 1 0 0 0 1 0 0 0 0 0 0 0 1 0 1 1 1 0 1 0 0 1 1 0 0 1 0 0 1 0 1 1 0 1 1 0 0 0 0 0 0 0 0 0 1 1 1 1 1 1 1 1 1 0 0 0 0 0 0 1 1 1 1 0 1 1 0 0 1 0 0 1 0 1 1 0 1 0 0 1 1 0 1 0 0 0 1 1 0 1 1 1 0 1 1 0 0 0 0 1 1 1 1 1 0 1 0 0 1 1 1 0 1 1 1 0 1 0 1 0 1 1 0 1 0 0 1 0 0 0 1 0 1 0 0 0 0 1 1 1 0 0 0 0 0 0 0 1 0 1 1 1 0 1 1 1 0 0 1 0 1 0 1 1 0 0 0 0 0 0 1 0 0 1 0 0 0 0 1 0 0 0 0 1 0 0 0 1 1 0 0 0 1 0 1 0 0 0 0 0 0 0 0 0 1 0 1 0 1 0 0 0 0 0 
0 0 0 0 0 0 0 0 0 0 0 0 0 0 0 1 0 0 1 0 0 0 1 1 0 0 0 1 0 1 1 1 1 0 1 0 0 0 0 0 1 0 0 1 1 0 0 0 1 0 1 0 0 0 0 0 0 0 0 1 1 1 1 0 1 1 1 1 0 0 0 0 0 0 1 1 1 1 0 1 0 0 0 1 0 0 1 0 1 1 0 1 0 1 1 1 0 1 0 0 0 1 0 0 1 1 1 0 1 1 0 0 0 0 1 1 1 0 0 1 1 1 0 1 1 1 0 1 1 1 0 1 1 0 1 1 1 1 1 0 0 1 0 0 0 1 0 1 1 1 0 0 0 1 1 0 0 0 0 0 1 0 1 0 1 1 1 0 1 1 1 0 0 1 0 1 0 0 1 0 0 1 0 0 0 1 0 0 1 0 0 0 0 1 0 0 0 0 1 0 0 0 1 1 0 0 0 1 0 1 1 0 0 0 0 0 0 0 0 1 0 0 1 1 0 0 0 0 0 
0 0 0 0 0 0 0 0 0 1 1 0 0 0 0 1 0 0 0 0 0 0 0 0 0 0 0 1 0 1 1 1 0 1 1 0 0 0 0 0 1 0 0 1 0 0 0 0 0 0 1 1 0 0 0 0 0 0 0 1 1 1 1 1 0 1 1 1 0 0 0 0 0 0 1 1 1 0 0 1 1 1 0 1 1 0 1 0 1 1 0 1 0 1 1 0 0 1 0 0 1 1 1 0 1 1 1 0 0 1 0 0 0 0 1 0 1 0 1 1 1 1 0 1 1 1 0 1 1 1 1 1 0 1 0 1 1 1 1 0 0 1 0 0 0 1 1 0 1 0 0 0 0 1 1 0 0 0 0 1 1 0 1 0 1 0 1 0 0 1 1 0 0 1 0 1 0 0 1 1 0 1 0 0 0 1 0 0 1 1 0 0 0 1 0 0 1 0 1 0 0 0 1 1 0 0 0 1 0 1 0 1 0 0 0 0 0 0 0 1 0 0 1 1 0 0 0 0 0 
0 0 0 0 0 0 0 0 0 1 1 0 0 0 0 1 0 1 0 0 0 0 0 0 0 0 0 1 0 1 1 1 1 1 0 0 1 0 0 0 1 0 1 1 0 0 0 0 0 1 1 1 0 0 0 0 0 0 0 1 1 1 1 1 1 1 1 1 1 0 0 0 0 1 1 1 1 0 0 1 1 0 0 1 0 1 1 0 1 1 0 1 1 1 0 0 0 0 0 1 0 1 1 0 1 0 1 0 0 1 0 0 0 1 1 0 1 1 0 1 1 1 1 1 1 1 0 1 1 1 0 1 1 0 0 1 1 0 1 1 0 1 0 0 0 1 0 1 1 0 0 1 0 1 1 0 0 0 1 0 1 0 1 0 1 0 1 1 0 0 1 0 0 1 0 1 0 1 1 1 0 1 1 0 0 1 0 0 1 0 1 0 0 1 0 0 0 1 1 0 0 0 1 1 0 0 0 1 0 1 0 1 0 0 0 0 0 0 0 1 0 0 1 1 0 0 0 0 0 
0 0 0 1 0 0 0 0 0 1 1 0 0 0 0 1 0 0 0 0 0 0 1 0 0 0 0 1 0 1 1 1 1 0 0 0 0 0 0 0 1 0 1 1 0 0 0 0 1 0 0 1 1 0 0 0 0 0 1 0 1 1 1 1 1 1 1 1 1 0 0 0 0 1 1 1 1 0 0 1 0 0 1 0 0 0 1 0 1 1 0 1 1 1 0 0 0 0 1 1 0 1 0 1 1 0 1 0 0 1 0 0 0 1 1 1 1 1 0 1 0 1 1 1 1 1 0 1 1 1 0 1 0 0 0 1 1 0 1 0 0 1 0 0 0 1 0 0 1 0 1 0 1 1 1 0 0 0 0 0 1 1 1 0 1 0 1 0 1 0 1 0 1 1 0 1 0 1 1 1 0 0 1 1 0 1 0 0 1 0 1 1 0 1 0 0 0 1 1 0 0 0 1 1 0 0 0 1 0 1 0 1 0 0 0 0 0 0 0 1 0 1 1 1 0 0 0 0 0 
0 0 0 0 1 0 0 0 0 1 1 0 0 0 0 1 0 1 0 0 0 1 0 0 0 0 0 1 0 1 1 1 1 0 1 0 1 1 0 0 1 0 1 1 0 1 0 0 0 1 1 0 0 1 0 0 0 1 0 1 1 1 1 1 1 1 1 1 1 0 0 0 1 0 1 1 1 1 1 1 0 1 0 0 0 0 1 0 1 1 0 1 1 1 0 0 0 0 1 1 0 1 1 1 1 0 1 0 0 1 0 0 0 1 1 0 1 1 1 1 0 1 1 1 1 1 0 1 1 1 1 1 0 0 0 1 1 0 1 0 0 1 0 0 0 0 1 0 1 1 1 0 0 1 1 0 0 0 0 1 0 1 1 0 1 0 1 0 0 1 1 0 0 1 0 1 0 1 1 1 0 0 1 1 0 1 1 1 1 0 0 0 1 1 0 0 0 1 1 0 0 0 1 1 0 1 0 1 0 1 0 1 0 0 0 0 0 0 0 1 0 0 1 1 0 0 0 0 0 
0 0 0 1 1 0 0 0 0 1 1 0 0 0 0 1 1 0 0 0 1 0 1 1 0 0 0 1 0 1 1 1 1 1 0 0 0 0 0 0 1 0 1 1 0 0 0 0 1 1 1 1 0 0 1 0 0 1 0 1 1 1 1 1 1 1 1 1 1 1 0 0 0 0 1 1 1 1 0 1 0 1 0 0 0 0 1 0 1 1 0 1 0 1 0 0 0 0 1 1 0 1 1 1 1 0 1 0 0 1 0 0 0 1 1 1 1 1 0 1 0 1 1 1 1 1 0 1 1 1 1 1 1 0 1 1 1 0 1 0 0 1 0 0 0 1 0 1 1 0 1 0 0 1 1 0 0 0 1 0 0 1 1 0 1 0 1 0 0 0 1 0 0 1 0 1 0 1 1 1 0 1 1 1 0 1 0 1 1 0 0 0 0 1 1 0 0 1 1 0 0 1 1 1 0 1 0 1 0 1 0 1 0 0 0 0 0 0 0 1 0 0 1 1 0 0 0 0 0 
0 0 1 0 1 0 0 0 0 1 1 0 0 0 0 1 1 0 0 0 1 0 0 1 0 0 0 1 0 1 1 1 1 0 0 0 1 0 0 0 1 0 1 1 0 0 0 1 1 1 1 1 0 0 0 1 0 1 0 0 1 1 1 1 0 1 1 1 1 0 1 0 0 0 1 1 1 0 0 1 0 1 0 0 0 0 1 0 1 1 0 1 0 1 0 0 0 0 1 1 0 1 1 1 1 0 1 0 0 1 0 0 0 1 1 0 1 1 0 1 0 1 1 1 1 1 0 1 1 1 1 1 1 0 1 1 1 0 1 0 0 1 0 0 0 0 1 0 1 0 1 1 0 1 1 1 0 0 0 0 1 1 1 0 1 0 1 0 0 0 1 0 1 1 0 1 0 1 1 1 0 1 1 1 0 1 0 1 1 0 0 0 0 1 1 0 0 1 1 0 0 0 1 1 0 1 0 1 0 1 0 1 0 0 0 1 0 0 0 1 0 0 1 1 1 0 0 0 0 
0 0 1 0 1 0 0 0 0 1 1 1 0 0 0 1 1 0 0 0 1 0 1 0 1 0 0 1 0 1 1 1 1 0 1 0 1 0 0 0 1 0 1 1 0 0 1 0 1 1 1 1 0 0 0 0 1 1 0 0 1 1 1 0 1 0 1 1 1 0 0 1 0 0 1 1 1 0 0 1 0 1 0 0 0 0 1 0 1 1 0 1 0 1 0 0 0 0 1 1 0 1 1 1 1 0 1 0 0 1 0 0 1 1 1 0 1 1 0 1 0 1 1 1 1 1 0 1 1 1 1 1 0 0 1 1 1 0 1 0 0 1 0 0 0 1 1 0 1 1 1 1 0 1 1 1 0 0 0 1 0 1 1 0 1 0 1 0 0 0 1 0 1 1 0 1 0 1 1 1 0 1 1 1 0 1 0 1 1 0 0 0 0 1 1 1 0 1 1 0 0 0 1 1 0 1 0 1 0 1 0 1 0 0 0 1 0 0 0 1 0 0 1 1 0 1 0 0 0 
0 0 1 0 1 0 0 0 0 1 1 0 1 0 0 1 1 1 0 0 1 0 1 0 1 0 0 1 0 1 1 1 1 1 0 0 0 0 0 0 1 0 1 1 0 1 0 1 1 0 1 0 1 0 0 0 1 1 0 0 1 1 1 1 0 1 1 1 1 0 0 1 0 0 1 1 1 0 0 1 0 1 0 0 0 0 1 0 1 1 0 1 0 1 0 0 0 0 1 1 0 1 1 1 1 0 1 0 0 1 0 0 1 1 1 0 1 1 0 1 0 1 1 1 1 1 0 1 1 1 1 1 0 1 1 1 1 0 1 0 0 1 0 0 0 0 0 0 1 1 1 1 0 1 1 1 0 0 1 0 1 1 1 0 1 0 1 0 0 0 1 0 1 1 1 1 0 1 1 1 0 1 1 1 0 1 0 1 1 0 0 0 0 1 1 1 0 1 1 0 0 0 1 1 0 1 0 1 0 1 0 1 0 0 0 1 0 0 0 1 0 0 1 1 0 1 0 0 0 
0 0 1 1 1 0 0 0 1 1 1 0 1 0 0 1 1 0 0 0 1 0 1 1 1 0 0 1 0 1 1 1 1 0 1 0 0 0 0 0 1 0 1 1 0 1 1 0 0 0 1 0 0 1 0 0 1 1 0 0 1 1 1 0 1 0 1 1 1 1 0 1 0 1 1 1 1 0 0 1 0 1 0 0 0 0 1 0 1 1 0 1 0 1 0 0 0 0 1 1 0 1 1 1 1 0 1 0 0 1 0 0 1 1 1 1 1 1 0 1 0 1 1 1 1 1 0 1 1 1 1 1 0 0 1 1 1 0 1 0 0 1 0 0 0 0 0 1 1 1 1 1 0 1 1 1 0 0 0 1 0 1 1 0 1 0 1 0 0 0 1 0 1 1 1 1 0 1 1 1 0 1 1 1 0 1 0 1 1 1 0 0 0 1 1 1 0 1 1 0 0 0 1 1 0 1 0 1 0 1 0 1 0 0 0 1 0 0 0 1 0 0 1 1 0 1 0 0 0 
0 0 1 0 1 0 0 0 1 1 1 0 1 0 0 1 1 0 0 0 1 0 1 0 1 0 0 1 0 1 1 1 1 1 0 0 0 0 0 0 1 0 1 1 0 1 0 0 0 0 1 1 0 0 1 0 1 1 0 0 1 1 1 0 0 1 1 1 1 1 0 1 1 0 1 1 1 0 0 1 0 1 0 0 0 0 1 0 1 1 0 1 0 1 0 0 0 0 1 1 0 1 1 1 1 0 1 0 0 1 0 0 1 1 1 0 1 1 0 1 0 1 1 1 1 1 0 1 1 1 1 1 0 0 1 1 1 0 1 0 0 1 0 0 0 0 0 1 1 1 1 1 0 1 1 1 0 0 1 0 0 1 1 0 1 0 1 0 0 0 1 0 1 1 0 1 0 1 1 1 0 1 1 1 0 1 1 1 1 1 0 0 0 1 1 1 0 1 1 0 0 0 1 1 0 1 0 1 0 1 0 1 0 0 0 1 0 0 0 1 0 0 1 1 0 1 0 0 0 
0 1 1 0 1 0 0 0 1 1 1 0 1 0 0 1 1 1 0 0 1 0 1 0 1 1 0 1 0 1 1 1 1 1 0 0 1 0 0 0 1 0 1 1 1 1 0 0 0 0 1 0 0 0 1 0 1 1 0 0 1 1 1 0 0 0 1 1 1 1 0 1 1 0 1 1 1 0 0 1 0 1 0 0 0 0 1 0 1 1 0 1 0 1 0 0 0 0 1 1 0 1 1 1 1 0 1 0 0 1 0 0 1 1 1 0 1 1 0 1 0 1 1 1 1 1 0 1 1 1 1 1 0 0 1 1 1 0 1 0 0 1 0 0 0 1 0 1 1 1 1 1 0 1 1 1 0 0 0 0 0 1 1 0 1 0 1 0 0 0 1 0 1 1 0 1 0 1 1 1 0 1 1 1 0 1 0 1 1 1 0 0 0 1 1 1 0 1 1 0 0 0 1 1 1 1 0 1 0 1 0 1 0 0 0 1 0 0 0 1 0 0 1 1 0 1 0 0 0 
0 1 1 0 1 0 0 0 1 1 1 0 1 0 0 1 1 1 0 0 1 0 1 0 1 1 0 1 0 1 1 1 1 1 0 0 1 0 0 0 1 0 1 1 1 1 0 0 0 0 1 1 0 0 1 0 1 1 0 0 1 1 1 0 0 0 1 1 1 1 0 1 1 0 1 1 1 0 0 1 0 1 0 0 0 0 1 0 1 1 0 1 0 1 0 0 0 0 1 1 0 1 1 1 1 0 1 0 0 1 0 0 1 1 1 0 1 1 0 1 0 1 1 1 1 1 0 1 1 1 1 1 0 0 1 1 1 0 1 0 0 1 0 0 0 0 0 1 1 1 1 1 0 1 1 1 0 0 0 0 1 1 1 0 1 0 1 0 0 0 1 0 1 1 0 1 0 1 1 1 0 1 1 1 0 1 1 1 1 1 0 0 0 1 1 1 0 1 1 0 1 0 1 1 1 1 0 1 0 1 0 1 0 0 0 1 0 0 0 1 0 0 1 1 0 1 0 0 0 
0 1 1 0 1 0 0 0 1 1 1 0 1 0 0 1 1 1 0 0 1 0 1 0 1 1 0 1 0 1 1 1 1 1 0 0 1 0 0 0 1 0 1 1 1 1 0 0 0 0 1 0 0 0 1 0 1 1 0 0 1 1 1 0 0 0 1 1 1 1 0 1 1 0 1 1 1 0 0 1 0 1 0 0 0 0 1 0 1 1 0 1 0 1 0 0 0 0 1 1 0 1 1 1 1 0 1 0 0 1 0 0 1 1 1 0 1 1 0 1 0 1 1 1 1 1 0 1 1 1 1 1 0 0 1 1 1 0 1 0 0 1 0 0 0 0 0 1 1 1 1 1 0 1 1 1 0 0 0 1 0 1 1 0 1 0 1 0 0 0 1 0 1 1 0 1 0 1 1 1 0 1 1 1 0 1 1 1 1 1 0 0 0 1 1 1 0 1 1 0 1 0 1 1 1 1 0 1 0 1 0 1 0 0 0 1 0 0 0 1 0 0 1 1 0 1 0 0 0 
0 1 1 1 1 0 0 0 1 1 1 0 1 0 0 1 1 1 0 0 1 0 1 0 1 1 0 1 0 1 1 1 1 1 0 0 1 1 0 0 1 0 1 1 1 1 0 0 0 0 1 0 0 0 1 0 1 1 0 0 1 1 1 0 0 0 1 1 1 1 0 1 1 0 1 1 1 0 0 1 0 1 0 0 0 0 1 0 1 1 0 1 0 1 0 0 0 0 1 1 0 1 1 1 1 0 1 0 0 1 0 0 1 1 1 0 1 1 0 1 0 1 1 1 1 1 0 1 1 1 1 1 0 0 1 1 1 0 1 0 0 1 0 0 0 0 0 1 1 1 1 1 0 1 1 1 0 0 1 0 0 1 1 0 1 0 1 0 0 0 1 0 1 1 0 1 0 1 1 1 0 1 1 1 0 1 1 1 1 1 0 0 0 1 1 1 0 1 1 0 1 0 1 1 1 1 0 1 0 1 0 1 0 0 0 1 0 0 0 1 0 0 1 1 0 1 0 0 0 
0 1 1 0 1 0 0 0 1 1 1 0 1 0 0 1 1 1 0 0 1 0 1 0 1 1 0 1 0 1 1 1 1 1 0 0 1 1 0 0 1 0 1 1 1 1 0 0 0 0 1 0 0 0 1 0 1 1 0 0 1 1 1 0 0 0 1 1 1 1 0 1 1 0 1 1 1 0 0 1 0 1 0 0 0 0 1 0 1 1 0 1 0 1 0 0 0 0 1 1 0 1 1 1 1 0 1 0 0 1 0 0 1 1 1 0 1 1 0 1 0 1 1 1 1 1 0 1 1 1 1 1 0 0 1 1 1 0 1 0 0 1 0 0 0 0 0 1 1 1 1 1 0 1 1 1 0 0 0 0 0 1 1 0 1 0 1 0 0 0 1 0 1 1 0 1 0 1 1 1 0 1 1 1 0 1 1 1 1 1 0 0 0 1 1 1 0 1 1 0 1 0 1 1 1 1 0 1 0 1 0 1 0 0 0 1 0 0 0 1 0 0 1 1 0 1 0 0 0 
0 1 1 0 1 0 0 0 1 1 1 0 1 0 0 1 1 1 0 0 1 0 1 0 1 1 0 1 0 1 1 1 1 1 0 0 1 1 0 0 1 0 1 1 1 1 0 0 0 0 1 0 0 0 1 0 1 1 0 0 1 1 1 0 0 0 1 1 1 1 0 1 1 0 1 1 1 0 0 1 0 1 0 0 0 0 1 0 1 1 0 1 0 1 0 0 0 0 1 1 0 1 1 1 1 0 1 0 0 1 0 0 1 1 1 0 1 1 0 1 0 1 1 1 1 1 0 1 1 1 1 1 0 0 1 1 1 0 1 0 0 1 0 0 0 0 0 1 1 1 1 1 0 1 1 1 0 0 0 0 0 1 1 0 1 0 1 0 0 0 1 0 1 1 0 1 0 1 1 1 0 1 1 1 0 1 1 1 1 1 0 0 0 1 1 1 0 1 1 0 1 0 1 1 1 1 0 1 0 1 0 1 0 0 0 1 0 0 0 1 0 0 1 1 0 1 0 0 0 
1 1 1 0 1 0 0 0 1 1 1 0 1 0 0 1 1 1 0 0 1 0 1 0 1 1 0 1 0 1 1 1 1 1 0 0 1 1 0 0 1 0 1 1 1 1 0 0 0 0 1 0 0 0 1 0 1 1 0 0 1 1 1 0 0 0 1 1 1 1 0 1 1 0 1 1 1 0 0 1 0 1 0 0 0 0 1 0 1 1 0 1 0 1 0 0 0 0 1 1 0 1 1 1 1 0 1 0 0 1 0 0 1 1 1 0 1 1 0 1 0 1 1 1 1 1 0 1 1 1 1 1 0 0 1 1 1 0 1 0 0 1 0 0 0 0 0 1 1 1 1 1 0 1 1 1 0 0 0 0 0 1 1 0 1 0 1 0 0 0 1 0 1 1 0 1 0 1 1 1 0 1 1 1 0 1 1 1 1 1 0 0 0 1 1 1 0 1 1 0 1 1 1 1 1 1 0 1 0 1 0 1 0 0 0 1 0 0 0 1 0 0 1 1 0 1 0 0 0 

Occupation table complementary for group 4
1 0 1 0 0 1 0 0 0 0 1 1 0 1 0 0 1 1 0 1 1 1 0 1 1 1 0 1 1 1 1 0 0 1 1 1 0 0 1 0 0 0 1 0 0 1 0 1 1 0 1 0 0 0 1 1 1 0 1 1 1 0 1 0 1 0 0 0 1 1 1 0 1 1 1 1 1 1 0 0 0 0 1 1 1 1 1 0 0 0 1 1 1 0 1 1 1 0 1 0 0 0 0 0 0 1 1 0 0 1 1 1 1 1 0 0 0 0 0 1 1 1 0 1 0 2 1 1 1 1 0 1 1 0 0 1 1 0 0 1 1 1 1 0 1 0 0 0 1 0 1 0 1 1 1 0 1 1 1 1 1 0 0 1 1 1 0 0 0 0 1 1 0 0 0 0 1 0 1 0 1 1 1 1 1 0 1 0 1 0 1 0 1 1 1 0 1 0 1 1 0 1 1 0 0 1 1 0 1 1 1 0 1 0 1 0 0 0 0 1 1 0 0 1 1 1 1 0 0 
0 0 0 0 0 0 0 0 1 1 1 0 1 0 1 1 1 0 1 1 1 1 1 0 1 0 1 0 0 0 0 1 1 1 0 0 0 0 1 0 0 0 1 1 1 0 0 0 0 0 0 0 0 1 1 1 0 1 0 1 1 1 1 1 0 1 1 1 0 1 0 0 0 1 0 1 1 0 1 0 0 0 0 1 1 1 0 0 1 1 0 1 0 0 0 1 0 0 0 1 0 1 0 0 0 1 1 1 1 0 1 0 0 0 0 1 0 0 0 1 1 0 1 0 1 1 1 0 1 1 0 0 0 0 1 1 1 0 1 0 1 1 0 0 1 1 1 0 1 0 1 0 0 0 0 1 0 1 0 1 1 0 0 1 0 1 0 0 1 1 1 0 0 1 0 0 0 1 1 1 0 1 0 1 0 0 1 1 0 1 1 0 1 0 1 1 0 0 1 0 1 1 0 0 0 0 1 0 0 1 1 1 0 0 0 0 0 0 0 0 1 0 0 0 0 1 0 0 0 
0 0 0 0 0 0 0 1 0 1 0 1 0 0 0 0 0 0 0 0 0 0 1 1 0 1 0 0 1 1 1 1 0 1 1 0 1 0 0 1 0 0 0 0 0 1 1 1 0 1 0 0 1 1 1 0 0 1 1 0 0 0 0 0 0 1 1 0 1 0 0 0 1 0 1 1 1 1 1 1 0 1 0 1 1 0 0 0 0 0 0 1 1 0 0 0 0 1 0 1 1 0 1 0 0 1 1 0 0 0 0 0 0 0 1 0 0 0 1 0 1 1 1 1 1 1 1 0 1 0 1 1 0 0 1 0 1 1 0 0 1 0 1 0 1 1 0 0 0 1 1 0 0 1 0 1 0 1 1 0 1 1 0 0 1 1 1 1 0 1 1 0 1 0 0 1 0 1 1 1 1 0 0 1 0 1 0 0 1 0 0 0 1 0 0 1 1 0 0 0 0 0 1 0 0 0 1 0 0 1 0 0 0 0 0 0 0 0 0 0 0 0 0 0 1 0 0 0 0 
0 0 0 0 0 0 1 0 0 0 1 0 0 0 0 0 0 0 0 0 0 0 1 0 1 1 0 0 0 0 0 0 1 0 0 0 1 0 0 0 1 0 1 1 1 1 0 1 1 0 0 1 1 1 0 0 0 0 0 1 0 1 0 0 1 1 0 1 0 0 0 0 1 1 1 0 1 0 1 1 1 0 1 1 0 0 0 0 1 0 0 1 0 1 1 1 0 0 0 0 0 1 1 1 0 1 1 0 1 1 0 0 1 0 0 1 0 1 1 0 1 1 1 0 1 1 1 0 0 0 1 1 1 0 0 1 1 1 1 1 1 0 1 0 0 1 0 0 0 1 1 1 0 1 0 1 0 1 1 1 0 0 1 0 1 1 0 1 1 0 1 0 0 1 1 0 1 1 1 0 1 1 1 0 0 0 1 1 0 0 0 0 1 0 0 1 0 0 0 0 0 0 0 1 0 0 0 0 0 1 0 0 0 0 0 0 0 0 0 0 0 0 0 1 0 0 0 0 0 
0 0 0 0 0 1 0 0 0 1 0 0 0 0 0 0 0 0 0 0 0 0 0 1 0 0 1 0 0 1 0 1 0 0 1 0 1 0 0 0 1 0 0 1 0 1 0 0 0 0 1 1 1 0 0 0 0 1 0 1 0 1 1 1 1 0 0 1 0 0 0 0 0 0 1 1 1 1 0 1 1 1 1 1 0 0 0 0 1 1 0 0 0 0 1 0 0 1 0 1 0 1 1 0 1 0 1 0 1 1 0 0 0 1 0 1 1 0 0 1 1 1 1 1 1 1 1 0 0 0 0 1 0 1 1 1 1 1 1 1 1 0 1 0 0 1 0 1 0 0 1 0 0 0 0 1 0 0 1 1 1 0 0 0 1 1 1 1 1 1 1 0 1 0 0 1 0 1 1 0 1 1 0 0 0 0 0 0 0 1 0 0 0 0 0 1 0 0 0 0 0 0 1 0 0 0 0 0 0 1 0 0 0 0 0 0 1 0 0 0 0 0 1 0 0 0 0 0 0 
0 0 0 0 0 0 0 0 1 0 0 0 0 0 0 0 0 1 0 1 0 0 1 0 0 0 0 1 0 1 0 0 0 1 0 0 0 0 0 0 1 0 0 1 0 0 0 0 0 1 1 1 0 0 0 0 0 0 0 1 0 0 0 1 1 1 1 0 0 0 0 0 1 0 1 1 1 1 1 1 1 1 1 0 0 0 0 0 1 0 0 1 0 1 1 0 0 1 0 0 1 1 0 1 0 1 1 0 1 1 0 0 1 0 1 1 1 1 1 1 1 1 1 1 1 1 1 0 0 0 0 1 1 1 1 0 1 1 1 1 0 0 1 0 0 1 0 0 0 1 0 0 1 1 0 0 0 0 1 0 1 0 0 0 1 1 1 1 0 1 1 0 1 1 1 0 1 0 1 0 0 0 0 1 0 0 0 0 0 0 1 0 1 0 0 0 0 0 0 0 0 0 1 0 0 0 0 0 0 1 0 0 0 0 0 0 0 1 0 0 0 1 0 0 0 0 0 0 0 
0 0 0 0 0 0 0 1 0 0 0 0 0 0 0 0 1 0 1 0 0 0 0 0 0 0 0 1 0 1 0 0 1 0 0 0 1 0 0 0 1 0 0 1 0 0 0 0 1 1 1 0 0 0 0 0 0 0 0 0 1 0 1 0 1 1 0 0 0 0 0 0 1 0 1 1 1 0 0 1 1 0 0 1 0 0 0 0 1 0 0 1 1 1 1 0 0 1 0 0 0 1 1 0 1 1 1 0 1 1 0 0 0 1 1 1 1 1 0 1 1 1 1 1 1 1 1 0 1 0 0 1 1 1 0 1 1 0 1 1 1 0 0 0 0 1 0 0 0 1 0 1 0 1 0 0 0 0 0 1 1 1 0 0 0 0 1 0 1 0 1 0 0 1 1 1 0 0 1 0 0 0 0 0 0 0 1 0 0 0 0 1 0 1 0 0 0 0 1 0 0 0 1 0 0 0 1 0 0 1 0 0 0 0 0 0 0 0 1 0 1 0 0 1 0 0 0 0 0 
0 0 0 0 0 0 1 0 0 0 0 0 0 0 0 1 0 0 0 0 0 0 0 0 0 0 0 1 0 1 0 1 0 1 0 0 0 0 0 0 1 0 0 1 0 0 0 1 1 0 1 1 0 0 0 0 0 0 0 0 0 1 0 1 1 1 0 1 0 0 0 0 0 1 1 1 1 0 1 1 1 1 0 1 1 0 0 0 1 0 0 1 0 0 1 0 0 1 0 1 0 1 1 0 1 1 1 0 1 1 0 0 0 0 1 1 1 1 1 1 1 0 1 1 1 1 1 0 0 1 0 1 0 0 1 1 1 1 1 1 0 1 0 0 0 1 0 1 0 0 0 0 1 1 0 0 0 0 0 0 1 0 1 0 0 0 1 1 0 0 1 0 0 1 0 1 0 0 1 0 0 0 0 0 0 1 0 0 1 0 0 0 1 0 0 0 0 0 1 0 0 0 1 0 0 0 0 1 0 1 0 0 0 0 0 0 0 0 0 1 0 0 0 1 0 0 0 0 0 
0 0 0 0 0 1 0 0 0 0 0 0 0 0 0 1 0 0 0 0 0 0 0 0 0 0 0 1 0 1 1 0 1 0 1 0 0 0 0 0 1 0 0 1 0 0 1 0 0 1 1 1 1 0 0 0 0 0 0 0 1 0 1 1 1 0 1 1 0 0 0 0 0 0 1 1 1 1 1 1 1 1 0 1 0 1 0 0 1 0 1 0 0 1 1 1 0 1 0 0 0 1 1 1 1 1 1 1 1 1 0 0 1 0 1 1 1 1 1 1 1 1 0 1 1 1 0 1 0 1 1 1 0 1 1 1 1 0 1 1 0 1 0 0 0 1 0 0 0 0 1 0 1 1 0 0 0 0 0 0 1 0 1 1 0 0 1 0 1 0 1 0 0 1 0 1 1 0 1 0 0 0 0 0 0 1 0 0 1 0 0 0 0 1 0 0 0 0 1 0 0 0 1 1 0 0 0 1 1 1 0 0 0 0 0 0 0 0 0 1 1 0 0 1 0 0 0 0 0 
0 0 0 0 0 0 0 0 0 0 0 0 0 0 0 1 0 0 0 1 0 0 0 0 0 0 0 1 0 1 1 1 0 1 0 0 1 1 0 0 1 0 0 1 0 1 1 0 1 1 0 0 0 0 0 0 0 0 0 1 1 1 1 1 1 1 1 1 0 0 0 0 0 0 1 1 1 1 0 1 1 0 0 1 0 0 1 0 1 1 0 1 0 0 1 1 0 1 0 0 0 1 1 0 1 1 1 0 1 1 0 0 0 0 1 1 1 1 1 0 1 0 0 1 1 1 0 1 1 1 0 1 0 1 0 1 1 0 1 0 0 1 0 0 0 1 0 1 0 0 0 0 1 1 1 0 0 0 0 0 0 0 1 0 1 1 1 0 1 1 1 0 0 1 0 1 0 1 1 0 0 0 0 0 0 1 0 0 1 0 0 0 0 1 0 0 0 0 1 0 0 0 1 1 0 0 0 1 0 1 0 0 0 0 0 0 0 0 0 1 0 1 0 1 0 0 0 0 0 
0 0 0 0 0 0 0 0 0 0 0 0 0 0 0 1 0 0 1 0 0 0 1 1 0 0 0 1 0 1 1 1 1 0 1 0 0 0 0 0 1 0 0 1 1 0 0 0 1 0 1 0 0 0 0 0 0 0 0 1 1 1 1 0 1 1 1 1 0 0 0 0 0 0 1 1 1 1 0 1 0 0 0 1 0 0 1 0 1 1 0 1 0 1 1 1 0 1 0 0 0 1 0 0 1 1 1 0 1 1 0 0 0 0 1 1 1 0 0 1 1 1 0 1 1 1 0 1 1 1 0 1 1 0 1 0 1 1 1 0 0 1 0 0 0 1 0 1 1 1 0 0 0 1 1 0 0 0 0 0 1 0 1 0 1 1 1 0 1 1 1 0 0 1 0 1 0 0 1 0 0 1 0 0 0 1 0 0 1 0 0 0 0 1 0 0 0 0 1 0 0 0 1 1 0 0 0 1 0 1 1 0 0 0 0 0 0 0 0 1 0 0 1 1 0 0 0 0 0 
0 0 0 0 0 0 0 0 0 1 1 0 0 0 0 1 0 0 0 0 0 0 0 0 0 0 0 1 0 1 1 1 0 1 1 0 0 0 0 0 1 0 0 1 0 0 0 0 0 0 1 1 0 0 0 0 0 0 0 1 1 1 1 1 0 1 1 1 0 0 0 0 0 0 1 1 1 0 0 1 1 1 0 1 1 0 1 0 1 1 0 1 2 1 1 0 0 1 0 0 1 1 1 0 1 1 1 0 0 1 0 0 0 0 1 0 1 0 1 1 1 1 0 1 1 1 0 1 1 1 1 1 0 1 0 0 1 1 1 0 0 1 0 0 0 1 1 0 1 0 0 0 0 1 1 0 0 0 0 1 1 0 1 0 1 0 1 0 0 1 1 0 0 1 0 1 0 0 1 1 0 1 0 0 0 1 0 0 1 1 0 0 0 1 0 0 1 0 1 0 0 0 1 1 0 0 0 1 0 1 0 1 0 0 0 0 0 0 0 1 0 0 1 1 0 0 0 0 0 
0 0 0 0 0 0 0 0 0 1 1 0 0 0 0 1 0 1 0 0 0 0 0 0 0 0 0 1 0 1 1 1 1 1 0 0 1 0 0 0 1 0 1 1 0 0 0 0 0 1 1 1 0 0 0 0 0 0 0 1 1 1 1 1 1 1 1 1 1 0 0 0 0 1 1 1 1 0 0 1 1 0 0 1 0 1 1 0 1 1 0 1 1 1 0 0 0 0 0 1 0 1 1 0 1 1 1 0 0 1 0 0 0 1 1 0 1 1 0 1 1 1 1 1 1 1 0 1 1 1 0 1 1 0 0 0 1 0 1 1 0 1 0 0 0 1 0 1 1 0 0 1 0 1 1 0 0 0 1 0 1 0 1 0 1 0 1 1 0 0 1 0 0 1 0 1 0 1 1 1 0 1 1 0 0 1 0 0 1 0 1 0 0 1 0 0 0 1 1 0 0 0 1 1 0 0 0 1 0 1 0 1 0 0 0 0 0 0 0 1 0 0 1 1 0 0 0 0 0 
0 0 0 1 0 0 0 0 0 1 1 0 0 0 0 1 0 0 0 0 0 0 1 0 0 0 0 1 0 1 1 1 1 0 0 0 0 0 0 0 1 0 1 1 0 0 0 0 1 0 0 1 1 0 0 0 0 0 1 0 1 1 1 1 1 1 1 1 1 0 0 0 0 1 1 1 1 0 0 1 0 0 1 0 0 0 1 0 1 1 0 1 1 1 0 0 0 0 1 1 0 1 0 1 1 1 1 0 0 1 0 0 0 1 1 1 1 1 0 1 0 1 1 1 1 1 0 1 1 1 0 1 0 0 0 0 1 0 1 0 0 1 0 0 0 1 0 0 1 0 1 0 1 1 1 0 0 0 0 0 1 1 1 0 1 0 1 0 1 0 1 0 1 1 0 1 0 1 1 1 0 0 1 1 0 1 0 0 1 0 1 1 0 1 0 0 0 1 1 0 0 0 1 1 0 0 0 1 0 1 0 1 0 0 0 0 0 0 0 1 0 1 1 1 0 0 0 0 0 
0 0 0 0 1 0 0 0 0 1 1 0 0 0 0 1 0 1 0 0 0 1 0 0 0 0 0 1 0 1 1 1 1 0 1 0 1 1 0 0 1 0 1 1 0 1 0 0 0 1 1 0 0 1 0 0 0 1 0 1 1 1 1 1 1 1 1 1 1 0 0 0 1 0 1 1 1 1 1 1 0 1 0 0 0 0 1 0 1 1 0 1 1 1 0 0 0 0 1 1 0 1 1 1 1 1 1 0 0 1 0 0 0 1 1 0 1 1 1 1 0 1 1 1 1 1 0 1 1 1 1 1 0 0 0 0 1 0 1 0 0 1 0 0 0 0 1 0 1 1 1 0 0 1 1 0 0 0 0 1 0 1 1 0 1 0 1 0 0 1 1 0 0 1 0 1 0 1 1 1 0 0 1 1 0 1 1 1 1 0 0 0 1 1 0 0 0 1 1 0 0 0 1 1 0 1 0 1 0 1 0 1 0 0 0 0 0 0 0 1 0 0 1 1 0 0 0 0 0 
0 0 0 1 1 0 0 0 0 1 1 0 0 0 0 1 1 0 0 0 1 0 1 1 0 0 0 1 0 1 1 1 1 1 0 0 0 0 0 0 1 0 1 1 0 0 0 0 1 1 1 1 0 0 1 0 0 1 0 1 1 1 1 1 1 1 1 1 1 1 0 0 0 0 1 1 1 1 0 1 0 1 0 0 0 0 1 0 1 1 0 1 2 1 0 0 0 0 1 1 0 1 1 1 1 1 1 0 0 1 0 0 0 1 1 1 1 1 0 1 0 1 1 1 1 1 0 1 1 1 1 1 1 0 1 0 1 0 1 0 0 1 0 0 0 1 0 1 1 0 1 0 0 1 1 0 0 0 1 0 0 1 1 0 1 0 1 0 0 0 1 0 0 1 0 1 0 1 1 1 0 1 1 1 0 1 0 1 1 0 0 0 0 1 1 0 0 1 1 0 0 1 1 1 0 1 0 1 0 1 0 1 0 0 0 0 0 0 0 1 0 0 1 1 0 0 0 0 0 
0 0 1 0 1 0 0 0 0 1 1 0 0 0 0 1 1 0 0 0 1 0 0 1 0 0 0 1 0 1 1 1 1 0 0 0 1 0 0 0 1 0 1 1 0 0 0 1 1 1 1 1 0 0 0 1 0 1 0 0 1 1 1 1 0 1 1 1 1 0 1 0 0 0 1 1 1 0 0 1 0 1 0 0 0 0 1 0 1 1 0 1 2 1 0 0 0 0 1 1 0 1 1 1 1 1 1 0 0 1 0 0 0 1 1 0 1 1 0 1 0 1 1 1 1 1 0 1 1 1 1 1 1 0 1 0 1 0 1 0 0 1 0 0 0 0 1 0 1 0 1 1 0 1 1 1 0 0 0 0 1 1 1 0 1 0 1 0 0 0 1 0 1 1 0 1 0 1 1 1 0 1 1 1 0 1 0 1 1 0 0 0 0 1 1 0 0 1 1 0 0 0 1 1 0 1 0 1 0 1 0 1 0 0 0 1 0 0 0 1 0 0 1 1 1 0 0 0 0 
0 0 1 0 1 0 0 0 0 1 1 1 0 0 0 1 1 0 0 0 1 0 1 0 1 0 0 1 0 1 1 1 1 0 1 0 1 0 0 0 1 0 1 1 0 0 1 0 1 1 1 1 0 0 0 0 1 1 0 0 1 1 1 0 1 0 1 1 1 0 0 1 0 0 1 1 1 0 0 1 0 1 0 0 0 0 1 0 1 1 0 1 2 1 0 0 0 0 1 1 0 1 1 1 1 1 1 0 0 1 0 0 1 1 1 0 1 1 0 1 0 1 1 1 1 1 0 1 1 1 1 1 0 0 1 0 1 0 1 0 0 1 0 0 0 1 1 0 1 1 1 1 0 1 1 1 0 0 0 1 0 1 1 0 1 0 1 0 0 0 1 0 1 1 0 1 0 1 1 1 0 1 1 1 0 1 0 1 1 0 0 0 0 1 1 1 0 1 1 0 0 0 1 1 0 1 0 1 0 1 0 1 0 0 0 1 0 0 0 1 0 0 1 1 0 1 0 0 0 
0 0 1 0 1 0 0 0 0 1 1 0 1 0 0 1 1 1 0 0 1 0 1 0 1 0 0 1 0 1 1 1 1 1 0 0 0 0 0 0 1 0 1 1 0 1 0 1 1 0 1 0 1 0 0 0 1 1 0 0 1 1 1 1 0 1 1 1 1 0 0 1 0 0 1 1 1 0 0 1 0 1 0 0 0 0 1 0 1 1 0 1 2 1 0 0 0 0 1 1 0 1 1 1 1 1 1 0 0 1 0 0 1 1 1 0 1 1 0 1 0 1 1 1 1 1 0 1 1 1 1 1 0 1 1 0 1 0 1 0 0 1 0 0 0 0 0 0 1 1 1 1 0 1 1 1 0 0 1 0 1 1 1 0 1 0 1 0 0 0 1 0 1 1 1 1 0 1 1 1 0 1 1 1 0 1 0 1 1 0 0 0 0 1 1 1 0 1 1 0 0 0 1 1 0 1 0 1 0 1 0 1 0 0 0 1 0 0 0 1 0 0 1 1 0 1 0 0 0 
0 0 1 1 1 0 0 0 1 1 1 0 1 0 0 1 1 0 0 0 1 0 1 1 1 0 0 1 0 1 1 1 1 0 1 0 0 0 0 0 1 0 1 1 0 1 1 0 0 0 1 0 0 1 0 0 1 1 0 0 1 1 1 0 1 0 1 1 1 1 0 1 0 1 1 1 1 0 0 1 0 1 0 0 0 0 1 0 1 1 0 1 2 1 0 0 0 0 1 1 0 1 1 1 1 1 1 0 0 1 0 0 1 1 1 1 1 1 0 1 0 1 1 1 1 1 0 1 1 1 1 1 0 0 1 0 1 0 1 0 0 1 0 0 0 0 0 1 1 1 1 1 0 1 1 1 0 0 0 1 0 1 1 0 1 0 1 0 0 0 1 0 1 1 1 1 0 1 1 1 0 1 1 1 0 1 0 1 1 1 0 0 0 1 1 1 0 1 1 0 0 0 1 1 0 1 0 1 0 1 0 1 0 0 0 1 0 0 0 1 0 0 1 1 0 1 0 0 0 
0 0 1 0 1 0 0 0 1 1 1 0 1 0 0 1 1 0 0 0 1 0 1 0 1 0 0 1 0 1 1 1 1 1 0 0 0 0 0 0 1 0 1 1 0 1 0 0 0 0 1 1 0 0 1 0 1 1 0 0 1 1 1 0 0 1 1 1 1 1 0 1 1 0 1 1 1 0 0 1 0 1 0 0 0 0 1 0 1 1 0 1 2 1 0 0 0 0 1 1 0 1 1 1 1 1 1 0 0 1 0 0 1 1 1 0 1 1 0 1 0 1 1 1 1 1 0 1 1 1 1 1 0 0 1 0 1 0 1 0 0 1 0 0 0 0 0 1 1 1 1 1 0 1 1 1 0 0 1 0 0 1 1 0 1 0 1 0 0 0 1 0 1 1 0 1 0 1 1 1 0 1 1 1 0 1 1 1 1 1 0 0 0 1 1 1 0 1 1 0 0 0 1 1 0 1 0 1 0 1 0 1 0 0 0 1 0 0 0 1 0 0 1 1 0 1 0 0 0 
0 1 1 0 1 0 0 0 1 1 1 0 1 0 0 1 1 1 0 0 1 0 1 0 1 1 0 1 0 1 1 1 1 1 0 0 1 0 0 0 1 0 1 1 1 1 0 0 0 0 1 0 0 0 1 0 1 1 0 0 1 1 1 0 0 0 1 1 1 1 0 1 1 0 1 1 1 0 0 1 0 1 0 0 0 0 1 0 1 1 0 1 2 1 0 0 0 0 1 1 0 1 1 1 1 1 1 0 0 1 0 0 1 1 1 0 1 1 0 1 0 1 1 1 1 1 0 1 1 1 1 1 0 0 1 0 1 0 1 0 0 1 0 0 0 1 0 1 1 1 1 1 0 1 1 1 0 0 0 0 0 1 1 0 1 0 1 0 0 0 1 0 1 1 0 1 0 1 1 1 0 1 1 1 0 1 0 1 1 1 0 0 0 1 1 1 0 1 1 0 0 0 1 1 1 1 0 1 0 1 0 1 0 0 0 1 0 0 0 1 0 0 1 1 0 1 0 0 0 
0 1 1 0 1 0 0 0 1 1 1 0 1 0 0 1 1 1 0 0 1 0 1 0 1 1 0 1 0 1 1 1 1 1 0 0 1 0 0 0 1 0 1 1 1 1 0 0 0 0 1 1 0 0 1 0 1 1 0 0 1 1 1 0 0 0 1 1 1 1 0 1 1 0 1 1 1 0 0 1 0 1 0 0 0 0 1 0 1 1 0 1 2 1 0 0 0 0 1 1 0 1 1 1 1 1 1 0 0 1 0 0 1 1 1 0 1 1 0 1 0 1 1 1 1 1 0 1 1 1 1 1 0 0 1 0 1 0 1 0 0 1 0 0 0 0 0 1 1 1 1 1 0 1 1 1 0 0 0 0 1 1 1 0 1 0 1 0 0 0 1 0 1 1 0 1 0 1 1 1 0 1 1 1 0 1 1 1 1 1 0 0 0 1 1 1 0 1 1 0 1 0 1 1 1 1 0 1 0 1 0 1 0 0 0 1 0 0 0 1 0 0 1 1 0 1 0 0 0 
0 1 1 0 1 0 0 0 1 1 1 0 1 0 0 1 1 1 0 0 1 0 1 0 1 1 0 1 0 1 1 1 1 1 0 0 1 0 0 0 1 0 1 1 1 1 0 0 0 0 1 0 0 0 1 0 1 1 0 0 1 1 1 0 0 0 1 1 1 1 0 1 1 0 1 1 1 0 0 1 0 1 0 0 0 0 1 0 1 1 0 1 2 1 0 0 0 0 1 1 0 1 1 1 1 1 1 0 0 1 0 0 1 1 1 0 1 1 0 1 0 1 1 1 1 1 0 1 1 1 1 1 0 0 1 0 1 0 1 0 0 1 0 0 0 0 0 1 1 1 1 1 0 1 1 1 0 0 0 1 0 1 1 0 1 0 1 0 0 0 1 0 1 1 0 1 0 1 1 1 0 1 1 1 0 1 1 1 1 1 0 0 0 1 1 1 0 1 1 0 1 0 1 1 1 1 0 1 0 1 0 1 0 0 0 1 0 0 0 1 0 0 1 1 0 1 0 0 0 
0 1 1 1 1 0 0 0 1 1 1 0 1 0 0 1 1 1 0 0 1 0 1 0 1 1 0 1 0 1 1 1 1 1 0 0 1 1 0 0 1 0 1 1 1 1 0 0 0 0 1 0 0 0 1 0 1 1 0 0 1 1 1 0 0 0 1 1 1 1 0 1 1 0 1 1 1 0 0 1 0 1 0 0 0 0 1 0 1 1 0 1 2 1 0 0 0 0 1 1 0 1 1 1 1 1 1 0 0 1 0 0 1 1 1 0 1 1 0 1 0 1 1 1 1 1 0 1 1 1 1 1 0 0 1 0 1 0 1 0 0 1 0 0 0 0 0 1 1 1 1 1 0 1 1 1 0 0 1 0 0 1 1 0 1 0 1 0 0 0 1 0 1 1 0 1 0 1 1 1 0 1 1 1 0 1 1 1 1 1 0 0 0 1 1 1 0 1 1 0 1 0 1 1 1 1 0 1 0 1 0 1 0 0 0 1 0 0 0 1 0 0 1 1 0 1 0 0 0 
0 1 1 0 1 0 0 0 1 1 1 0 1 0 0 1 1 1 0 0 1 0 1 0 1 1 0 1 0 1 1 1 1 1 0 0 1 1 0 0 1 0 1 1 1 1 0 0 0 0 1 0 0 0 1 0 1 1 0 0 1 1 1 0 0 0 1 1 1 1 0 1 1 0 1 1 1 0 0 1 0 1 0 0 0 0 1 0 1 1 0 1 2 1 0 0 0 0 1 1 0 1 1 1 1 1 1 0 0 1 0 0 1 1 1 0 1 1 0 1 0 1 1 1 1 1 0 1 1 1 1 1 0 0 1 0 1 0 1 0 0 1 0 0 0 0 0 1 1 1 1 1 0 1 1 1 0 0 0 0 0 1 1 0 1 0 1 0 0 0 1 0 1 1 0 1 0 1 1 1 0 1 1 1 0 1 1 1 1 1 0 0 0 1 1 1 0 1 1 0 terminate called after throwing an instance of 'std::bad_alloc'
  what():  std::bad_alloc
1 0 1 1 1 1 0 1 0 1 0 1 0 0 0 1 0 0 0 1 0 0 1 1 0 1 0 0 0 
0 1 1 0 1 0 0 0 1 1 1 0 1 0 0 1 1 1 0 0 1 0 1 0 1 1 0 1 0 1 1 1 1 1 0 0 1 1 0 0 1 0 1 1 1 1 0 0 0 0 1 0 0 0 1 0 1 1 0 0 1 1 1 0 0 0 1 1 1 1 0 1 1 0 1 1 1 0 0 1 0 1 0 0 0 0 1 0 1 1 0 1 2 1 0 0 0 0 1 1 0 1 1 1 1 1 1 0 0 1 0 0 1 1 1 0 1 1 0 1 0 1 1 1 1 1 0 1 1 1 1 1 0 0 1 0 1 0 1 0 0 1 0 0 0 0 0 1 1 1 1 1 0 1 1 1 0 0 0 0 0 1 1 0 1 0 1 0 0 0 1 0 1 1 0 1 0 1 1 1 0 1 1 1 0 1 1 1 1 1 0 0 0 1 1 1 0 1 1 0 1 0 1 1 1 1 0 1 0 1 0 1 0 0 0 1 0 0 0 1 0 0 1 1 0 1 0 0 0 
1 1 1 0 1 0 0 0 1 1 1 0 1 0 0 1 1 1 0 0 1 0 1 0 1 1 0 1 0 1 1 1 1 1 0 0 1 1 0 0 1 0 1 1 1 1 0 0 0 0 1 0 0 0 1 0 1 1 0 0 1 1 1 0 0 0 1 1 1 1 0 1 1 0 1 1 1 0 0 1 0 1 0 0 0 0 1 0 1 1 0 1 2 1 0 0 0 0 1 1 0 1 1 1 1 1 1 0 0 1 0 0 1 1 1 0 1 1 0 1 0 1 1 1 1 1 0 1 1 1 1 1 0 0 1 0 1 0 1 0 0 1 0 0 0 0 0 1 1 1 1 1 0 1 1 1 0 0 0 0 0 1 1 0 1 0 1 0 0 0 1 0 1 1 0 1 0 1 1 1 0 1 1 1 0 1 1 1 1 1 0 0 0 1 1 1 0 1 1 0 1 1 1 1 1 1 0 1 0 1 0 1 0 0 0 1 0 0 0 1 0 0 1 1 0 1 0 0 0 

Unable to resolve collision between groups 0 and 4.
Merging groups 0 and 4.
Searching solution for merged group 0+4.
Open/close/exp size (steps): 11072/6340/11072 (49332)
Open/close/exp size (steps): 10672/16225/10672 (59217)
Open/close/exp size (steps): 26560/28087/26560 (71079)
Open/close/exp size (steps): 16215/42322/16215 (85314)
Open/close/exp size (steps): 35708/59404/35708 (102396)
Open/close/exp size (steps): 18370/79903/18370 (122895)
Open/close/exp size (steps): 94118/104502/94118 (147494)
Open/close/exp size (steps): 77872/134021/77872 (177013)
Open/close/exp size (steps): 49513/169444/49513 (212436)
Open/close/exp size (steps): 111705/211952/111705 (254944)
Open/close/exp size (steps): 66287/262962/66287 (305954)
Aborted (core dumped)
