================================================================
reLOC 0.13-odaiba : Multirobot Solver
(C) Copyright 2016 Pavel Surynek
----------------------------------------------------------------
Reading graph...
Reading graph... FINISHED
Reading initial arrangement...
Reading initial arrangement... FINISHED.
Reading goal arrangement...
Reading goal arrangement... FINISHED.
Building instance...
Building instance... FINISHED.
Open/close/exp size (steps): 4/1/4 (2)
Open/close/exp size (steps): 14/4/14 (5)
Open/close/exp size (steps): 21/8/21 (9)
Open/close/exp size (steps): 30/13/30 (14)
Open/close/exp size (steps): 45/19/45 (20)
Open/close/exp size (steps): 61/27/61 (28)
Open/close/exp size (steps): 80/37/80 (38)
Open/close/exp size (steps): 103/49/103 (50)
Open/close/exp size (steps): 133/64/133 (65)
Open/close/exp size (steps): 162/82/162 (83)
Open/close/exp size (steps): 194/104/194 (105)
Open/close/exp size (steps): 245/131/245 (132)
Open/close/exp size (steps): 296/164/296 (165)
Open/close/exp size (steps): 7/2/7 (205)
Open/close/exp size (steps): 41/14/41 (253)
Open/close/exp size (steps): 138/72/138 (311)
Open/close/exp size (steps): 88/38/88 (381)
Open/close/exp size (steps): 23/7/23 (465)
Open/close/exp size (steps): 1/0/1 (566)
Open/close/exp size (steps): 173/93/173 (688)
Open/close/exp size (steps): 115/55/115 (835)
Open/close/exp size (steps): 58/24/58 (1012)
Open/close/exp size (steps): 125/59/125 (1225)
Open/close/exp size (steps): 4/1/4 (1481)
Open/close/exp size (steps): 60/25/60 (1789)
Open/close/exp size (steps): 51/22/51 (2159)
Open/close/exp size (steps): 124/60/124 (2603)
Open/close/exp size (steps): 83/38/83 (3136)
Open/close/exp size (steps): 211/113/211 (3776)
Open/close/exp size (steps): 9/2/9 (4544)
Open/close/exp size (steps): 138/70/138 (5466)
Open/close/exp size (steps): 75/35/75 (6573)
0 0 0 0 0 0 0 0 0 0 0 0 0 0 0 0 0 0 0 0 0 0 0 0 0 0 0 0 0 0 0 0 0 0 0 0 0 0 0 0 0 0 0 0 0 0 0 0 0 0 0 0 0 0 0 0 0 0 0 0 0 0 0 0 0 0 0 0 0 0 0 0 0 0 0 0 0 0 0 0 0 0 0 0 0 0 0 0 0 0 0 0 0 0 0 0 0 0 0 0 0 0 0 0 0 0 0 0 0 0 0 0 0 0 0 0 0 0 0 0 0 0 0 0 0 0 0 0 0 0 0 0 0 0 0 0 0 0 0 0 0 0 0 0 0 0 0 0 0 0 0 0 0 0 0 0 0 0 0 0 0 0 0 0 0 0 0 0 0 0 0 0 0 0 0 0 0 0 0 0 0 0 0 0 0 0 0 0 0 0 0 0 0 0 0 0 0 0 0 0 1 0 0 0 0 0 0 0 0 0 0 0 0 0 0 0 0 0 0 0 0 0 0 0 0 0 0 0 0 
0 0 0 0 0 0 0 0 0 0 0 0 0 0 0 0 0 0 0 0 0 0 0 0 0 0 0 0 0 0 0 0 0 0 0 0 0 0 0 0 0 0 0 0 0 0 0 0 0 0 0 0 0 0 0 0 0 0 0 0 0 0 0 0 0 0 0 0 0 0 0 0 0 0 0 0 0 0 0 0 0 0 0 0 0 0 0 0 0 0 0 0 0 0 0 0 0 0 0 0 0 0 0 0 0 0 0 0 0 0 0 0 0 0 0 0 0 0 0 0 0 0 0 0 0 0 0 0 0 0 0 0 0 0 0 0 0 0 0 0 0 0 0 0 0 0 0 0 0 0 0 0 0 0 0 0 0 0 0 0 0 0 0 0 0 0 0 0 0 0 0 0 0 0 0 0 0 0 0 0 0 0 0 0 0 1 0 0 0 0 0 0 0 0 0 0 0 0 0 0 0 0 0 0 0 0 0 0 0 0 0 0 0 0 0 0 0 0 0 0 0 0 0 0 0 0 0 0 0 
0 0 0 0 0 0 0 0 0 0 0 0 0 0 0 0 0 0 0 0 0 0 0 0 0 0 0 0 0 0 0 0 0 0 0 0 0 0 0 0 0 0 0 0 0 0 0 0 0 0 0 0 0 0 0 0 0 0 0 0 0 0 0 0 0 0 0 0 0 0 0 0 0 0 0 0 0 0 0 0 0 0 0 0 0 0 0 0 0 0 0 0 0 0 0 0 0 0 0 0 0 0 0 0 0 0 0 0 0 0 0 0 0 0 0 0 0 0 0 0 0 0 0 0 0 0 0 0 0 0 0 0 0 0 0 0 0 0 0 0 0 0 0 0 0 0 0 0 0 0 0 0 0 0 0 0 0 0 0 0 0 0 0 0 0 0 0 0 0 0 0 0 0 0 0 0 0 0 0 0 0 0 0 0 0 0 1 0 0 0 0 0 0 0 0 0 0 0 0 0 0 0 0 0 0 0 0 0 0 0 0 0 0 0 0 0 0 0 0 0 0 0 0 0 0 0 0 0 0 
0 0 0 0 0 0 0 0 0 0 0 0 0 0 0 0 0 0 0 0 0 0 0 0 0 0 0 0 0 0 0 0 0 0 0 0 0 0 0 0 0 0 0 0 0 0 0 0 0 0 0 0 0 0 0 0 0 0 0 0 0 0 0 0 0 0 0 0 0 0 0 0 0 0 0 0 0 0 0 0 0 0 0 0 0 0 0 0 0 0 0 0 0 0 0 0 0 0 0 0 0 0 0 0 0 0 0 0 0 0 0 0 0 0 0 0 0 0 0 0 0 0 0 0 0 0 0 0 0 0 0 0 0 0 0 0 0 0 0 0 0 0 0 0 0 0 0 0 0 0 0 0 0 0 0 0 0 0 0 0 0 0 0 0 0 0 0 0 0 0 0 0 1 0 0 0 0 0 0 0 0 0 0 0 0 0 0 0 0 0 0 0 0 0 0 0 0 0 0 0 0 0 0 0 0 0 0 0 0 0 0 0 0 0 0 0 0 0 0 0 0 0 0 0 0 0 0 0 0 
0 0 0 0 0 0 0 0 0 0 0 0 0 0 0 0 0 0 0 0 0 0 0 0 0 0 0 0 0 0 0 0 0 0 0 0 0 0 0 0 0 0 0 0 0 0 0 0 0 0 0 0 0 0 0 0 0 0 0 0 0 0 0 0 0 0 0 0 0 0 0 0 0 0 0 0 0 0 0 0 0 0 0 0 0 0 0 0 0 0 0 0 0 0 0 0 0 0 0 0 0 0 0 0 0 0 0 0 0 0 0 0 0 0 0 0 0 0 0 0 0 0 0 0 0 0 0 0 0 0 0 0 0 0 0 0 0 0 0 0 0 0 0 0 0 0 0 0 0 0 0 0 0 0 0 0 0 0 1 0 0 0 0 0 0 0 0 0 0 0 0 0 0 0 0 0 0 0 0 0 0 0 0 0 0 0 0 0 0 0 0 0 0 0 0 0 0 0 0 0 0 0 0 0 0 0 0 0 0 0 0 0 0 0 0 0 0 0 0 0 0 0 0 0 0 0 0 0 0 
0 0 0 0 0 0 0 0 0 0 0 0 0 0 0 0 0 0 0 0 0 0 0 0 0 0 0 0 0 0 0 0 0 0 0 0 0 0 0 0 0 0 0 0 0 0 0 0 0 0 0 0 0 0 0 0 0 0 0 0 0 0 0 0 0 0 0 0 0 0 0 0 0 0 0 0 0 0 0 0 0 0 0 0 0 0 0 0 0 0 0 0 0 0 0 0 0 0 0 0 0 0 0 0 0 0 0 0 0 0 0 0 0 0 0 0 0 0 0 0 0 0 0 0 0 0 0 0 0 0 0 0 0 0 0 0 0 0 0 0 0 0 0 0 0 0 0 0 0 0 0 0 0 0 0 0 0 0 0 1 0 0 0 0 0 0 0 0 0 0 0 0 0 0 0 0 0 0 0 0 0 0 0 0 0 0 0 0 0 0 0 0 0 0 0 0 0 0 0 0 0 0 0 0 0 0 0 0 0 0 0 0 0 0 0 0 0 0 0 0 0 0 0 0 0 0 0 0 0 
0 0 0 0 0 0 0 0 0 0 0 0 0 0 0 0 0 0 0 0 0 0 0 0 0 0 0 0 0 0 0 0 0 0 0 0 0 0 0 0 0 0 0 0 0 0 0 0 0 0 0 0 0 0 0 0 0 0 0 0 0 0 0 0 0 0 0 0 0 0 0 0 0 0 0 0 0 0 0 0 0 0 0 0 0 0 0 0 0 0 0 0 0 0 0 0 0 0 0 0 0 0 0 0 0 0 0 0 0 0 0 0 0 0 0 0 0 0 0 0 0 0 0 0 0 0 0 0 0 0 0 0 0 0 0 0 0 0 0 0 0 0 0 0 0 0 0 0 0 0 0 0 0 0 0 0 0 0 0 0 1 0 0 0 0 0 0 0 0 0 0 0 0 0 0 0 0 0 0 0 0 0 0 0 0 0 0 0 0 0 0 0 0 0 0 0 0 0 0 0 0 0 0 0 0 0 0 0 0 0 0 0 0 0 0 0 0 0 0 0 0 0 0 0 0 0 0 0 0 
0 0 0 0 0 0 0 0 0 0 0 0 0 0 0 0 0 0 0 0 0 0 0 0 0 0 0 0 0 0 0 0 0 0 0 0 0 0 0 0 0 0 0 0 0 0 0 0 0 0 0 0 0 0 0 0 0 0 0 0 0 0 0 0 0 0 0 0 0 0 0 0 0 0 0 0 0 0 0 0 0 0 0 0 0 0 0 0 0 0 0 0 0 0 0 0 0 0 0 0 0 0 0 0 0 0 0 0 0 0 0 0 0 0 0 0 0 0 0 0 0 0 0 0 0 0 0 0 0 0 0 0 0 0 0 0 0 0 0 0 0 0 0 0 0 1 0 0 0 0 0 0 0 0 0 0 0 0 0 0 0 0 0 0 0 0 0 0 0 0 0 0 0 0 0 0 0 0 0 0 0 0 0 0 0 0 0 0 0 0 0 0 0 0 0 0 0 0 0 0 0 0 0 0 0 0 0 0 0 0 0 0 0 0 0 0 0 0 0 0 0 0 0 0 0 0 0 0 0 
0 0 0 0 0 0 0 0 0 0 0 0 0 0 0 0 0 0 0 0 0 0 0 0 0 0 0 0 0 0 0 0 0 0 0 0 0 0 0 0 0 0 0 0 0 0 0 0 0 0 0 0 0 0 0 0 0 0 0 0 0 0 0 0 0 0 0 0 0 0 0 0 0 0 0 0 0 0 0 0 0 0 0 0 0 0 0 0 0 0 0 0 0 0 0 0 0 0 0 0 0 0 0 0 0 0 0 0 0 0 0 0 0 0 0 0 0 0 0 0 0 0 0 0 0 0 0 0 0 0 0 1 0 0 0 0 0 0 0 0 0 0 0 0 0 0 0 0 0 0 0 0 0 0 0 0 0 0 0 0 0 0 0 0 0 0 0 0 0 0 0 0 0 0 0 0 0 0 0 0 0 0 0 0 0 0 0 0 0 0 0 0 0 0 0 0 0 0 0 0 0 0 0 0 0 0 0 0 0 0 0 0 0 0 0 0 0 0 0 0 0 0 0 0 0 0 0 0 0 
0 0 0 0 0 0 0 0 0 0 0 0 0 0 0 0 0 0 0 0 0 0 0 0 0 0 0 0 0 0 0 0 0 0 0 0 0 0 0 0 0 0 0 0 0 0 0 0 0 0 0 0 0 0 0 0 0 0 0 0 0 0 0 0 0 0 0 0 0 0 0 0 0 0 0 0 0 0 0 0 0 0 0 0 0 0 0 0 0 0 0 0 0 0 0 0 0 0 0 0 0 0 0 0 0 0 0 0 0 0 0 0 0 0 0 1 0 0 0 0 0 0 0 0 0 0 0 0 0 0 0 0 0 0 0 0 0 0 0 0 0 0 0 0 0 0 0 0 0 0 0 0 0 0 0 0 0 0 0 0 0 0 0 0 0 0 0 0 0 0 0 0 0 0 0 0 0 0 0 0 0 0 0 0 0 0 0 0 0 0 0 0 0 0 0 0 0 0 0 0 0 0 0 0 0 0 0 0 0 0 0 0 0 0 0 0 0 0 0 0 0 0 0 0 0 0 0 0 0 
0 0 0 0 0 0 0 0 0 0 0 0 0 0 0 0 0 0 0 0 0 0 0 0 0 0 0 0 0 0 0 0 0 0 0 0 0 0 0 0 0 0 0 0 0 0 0 0 0 0 0 0 0 0 0 0 0 0 0 0 0 0 0 0 0 0 0 0 0 0 0 0 0 0 0 0 0 0 0 0 0 0 0 0 0 0 0 0 0 0 0 0 0 0 0 0 0 0 0 0 0 0 1 0 0 0 0 0 0 0 0 0 0 0 0 0 0 0 0 0 0 0 0 0 0 0 0 0 0 0 0 0 0 0 0 0 0 0 0 0 0 0 0 0 0 0 0 0 0 0 0 0 0 0 0 0 0 0 0 0 0 0 0 0 0 0 0 0 0 0 0 0 0 0 0 0 0 0 0 0 0 0 0 0 0 0 0 0 0 0 0 0 0 0 0 0 0 0 0 0 0 0 0 0 0 0 0 0 0 0 0 0 0 0 0 0 0 0 0 0 0 0 0 0 0 0 0 0 0 
0 0 0 0 0 0 0 0 0 0 0 0 0 0 0 0 0 0 0 0 0 0 0 0 0 0 0 0 0 0 0 0 0 0 0 0 0 0 0 0 0 0 0 0 0 0 0 0 0 0 0 0 0 0 0 0 0 0 0 0 0 0 0 0 0 0 0 0 0 0 0 0 0 0 0 0 0 0 0 0 0 0 0 0 0 0 0 0 0 0 0 1 0 0 0 0 0 0 0 0 0 0 0 0 0 0 0 0 0 0 0 0 0 0 0 0 0 0 0 0 0 0 0 0 0 0 0 0 0 0 0 0 0 0 0 0 0 0 0 0 0 0 0 0 0 0 0 0 0 0 0 0 0 0 0 0 0 0 0 0 0 0 0 0 0 0 0 0 0 0 0 0 0 0 0 0 0 0 0 0 0 0 0 0 0 0 0 0 0 0 0 0 0 0 0 0 0 0 0 0 0 0 0 0 0 0 0 0 0 0 0 0 0 0 0 0 0 0 0 0 0 0 0 0 0 0 0 0 0 
0 0 0 0 0 0 0 0 0 0 0 0 0 0 0 0 0 0 0 0 0 0 0 0 0 0 0 0 0 0 0 0 0 0 0 0 0 0 0 0 0 0 0 0 0 0 0 0 0 0 0 0 0 0 0 0 0 0 0 0 0 0 0 0 0 0 0 0 0 0 0 0 0 0 0 1 0 0 0 0 0 0 0 0 0 0 0 0 0 0 0 0 0 0 0 0 0 0 0 0 0 0 0 0 0 0 0 0 0 0 0 0 0 0 0 0 0 0 0 0 0 0 0 0 0 0 0 0 0 0 0 0 0 0 0 0 0 0 0 0 0 0 0 0 0 0 0 0 0 0 0 0 0 0 0 0 0 0 0 0 0 0 0 0 0 0 0 0 0 0 0 0 0 0 0 0 0 0 0 0 0 0 0 0 0 0 0 0 0 0 0 0 0 0 0 0 0 0 0 0 0 0 0 0 0 0 0 0 0 0 0 0 0 0 0 0 0 0 0 0 0 0 0 0 0 0 0 0 0 
0 0 0 0 0 0 0 0 0 0 0 0 0 0 0 0 0 0 0 0 0 0 0 0 0 0 0 0 0 0 0 0 0 0 0 0 0 0 0 0 0 0 0 0 0 0 0 0 0 0 0 0 0 0 0 0 0 0 0 1 0 0 0 0 0 0 0 0 0 0 0 0 0 0 0 0 0 0 0 0 0 0 0 0 0 0 0 0 0 0 0 0 0 0 0 0 0 0 0 0 0 0 0 0 0 0 0 0 0 0 0 0 0 0 0 0 0 0 0 0 0 0 0 0 0 0 0 0 0 0 0 0 0 0 0 0 0 0 0 0 0 0 0 0 0 0 0 0 0 0 0 0 0 0 0 0 0 0 0 0 0 0 0 0 0 0 0 0 0 0 0 0 0 0 0 0 0 0 0 0 0 0 0 0 0 0 0 0 0 0 0 0 0 0 0 0 0 0 0 0 0 0 0 0 0 0 0 0 0 0 0 0 0 0 0 0 0 0 0 0 0 0 0 0 0 0 0 0 0 
0 0 0 0 0 0 0 0 0 0 0 0 0 0 0 0 0 0 0 0 0 0 0 0 0 0 0 0 0 0 0 0 0 0 0 0 0 0 0 0 0 0 0 0 0 1 0 0 0 0 0 0 0 0 0 0 0 0 0 0 0 0 0 0 0 0 0 0 0 0 0 0 0 0 0 0 0 0 0 0 0 0 0 0 0 0 0 0 0 0 0 0 0 0 0 0 0 0 0 0 0 0 0 0 0 0 0 0 0 0 0 0 0 0 0 0 0 0 0 0 0 0 0 0 0 0 0 0 0 0 0 0 0 0 0 0 0 0 0 0 0 0 0 0 0 0 0 0 0 0 0 0 0 0 0 0 0 0 0 0 0 0 0 0 0 0 0 0 0 0 0 0 0 0 0 0 0 0 0 0 0 0 0 0 0 0 0 0 0 0 0 0 0 0 0 0 0 0 0 0 0 0 0 0 0 0 0 0 0 0 0 0 0 0 0 0 0 0 0 0 0 0 0 0 0 0 0 0 0 
0 0 0 0 0 0 0 0 0 0 0 0 0 0 0 0 0 0 0 0 0 0 0 0 0 0 0 0 0 0 0 1 0 0 0 0 0 0 0 0 0 0 0 0 0 0 0 0 0 0 0 0 0 0 0 0 0 0 0 0 0 0 0 0 0 0 0 0 0 0 0 0 0 0 0 0 0 0 0 0 0 0 0 0 0 0 0 0 0 0 0 0 0 0 0 0 0 0 0 0 0 0 0 0 0 0 0 0 0 0 0 0 0 0 0 0 0 0 0 0 0 0 0 0 0 0 0 0 0 0 0 0 0 0 0 0 0 0 0 0 0 0 0 0 0 0 0 0 0 0 0 0 0 0 0 0 0 0 0 0 0 0 0 0 0 0 0 0 0 0 0 0 0 0 0 0 0 0 0 0 0 0 0 0 0 0 0 0 0 0 0 0 0 0 0 0 0 0 0 0 0 0 0 0 0 0 0 0 0 0 0 0 0 0 0 0 0 0 0 0 0 0 0 0 0 0 0 0 0 
0 0 0 0 0 0 0 0 0 0 0 0 0 0 0 0 0 0 0 0 0 0 0 0 0 0 0 0 0 0 0 0 1 0 0 0 0 0 0 0 0 0 0 0 0 0 0 0 0 0 0 0 0 0 0 0 0 0 0 0 0 0 0 0 0 0 0 0 0 0 0 0 0 0 0 0 0 0 0 0 0 0 0 0 0 0 0 0 0 0 0 0 0 0 0 0 0 0 0 0 0 0 0 0 0 0 0 0 0 0 0 0 0 0 0 0 0 0 0 0 0 0 0 0 0 0 0 0 0 0 0 0 0 0 0 0 0 0 0 0 0 0 0 0 0 0 0 0 0 0 0 0 0 0 0 0 0 0 0 0 0 0 0 0 0 0 0 0 0 0 0 0 0 0 0 0 0 0 0 0 0 0 0 0 0 0 0 0 0 0 0 0 0 0 0 0 0 0 0 0 0 0 0 0 0 0 0 0 0 0 0 0 0 0 0 0 0 0 0 0 0 0 0 0 0 0 0 0 0 
0 0 0 0 0 0 0 0 0 0 0 0 0 0 0 0 0 0 0 0 0 0 0 0 0 0 0 0 0 0 0 0 0 1 0 0 0 0 0 0 0 0 0 0 0 0 0 0 0 0 0 0 0 0 0 0 0 0 0 0 0 0 0 0 0 0 0 0 0 0 0 0 0 0 0 0 0 0 0 0 0 0 0 0 0 0 0 0 0 0 0 0 0 0 0 0 0 0 0 0 0 0 0 0 0 0 0 0 0 0 0 0 0 0 0 0 0 0 0 0 0 0 0 0 0 0 0 0 0 0 0 0 0 0 0 0 0 0 0 0 0 0 0 0 0 0 0 0 0 0 0 0 0 0 0 0 0 0 0 0 0 0 0 0 0 0 0 0 0 0 0 0 0 0 0 0 0 0 0 0 0 0 0 0 0 0 0 0 0 0 0 0 0 0 0 0 0 0 0 0 0 0 0 0 0 0 0 0 0 0 0 0 0 0 0 0 0 0 0 0 0 0 0 0 0 0 0 0 0 
0 0 0 0 0 0 0 0 0 0 0 0 0 0 0 0 0 0 1 0 0 0 0 0 0 0 0 0 0 0 0 0 0 0 0 0 0 0 0 0 0 0 0 0 0 0 0 0 0 0 0 0 0 0 0 0 0 0 0 0 0 0 0 0 0 0 0 0 0 0 0 0 0 0 0 0 0 0 0 0 0 0 0 0 0 0 0 0 0 0 0 0 0 0 0 0 0 0 0 0 0 0 0 0 0 0 0 0 0 0 0 0 0 0 0 0 0 0 0 0 0 0 0 0 0 0 0 0 0 0 0 0 0 0 0 0 0 0 0 0 0 0 0 0 0 0 0 0 0 0 0 0 0 0 0 0 0 0 0 0 0 0 0 0 0 0 0 0 0 0 0 0 0 0 0 0 0 0 0 0 0 0 0 0 0 0 0 0 0 0 0 0 0 0 0 0 0 0 0 0 0 0 0 0 0 0 0 0 0 0 0 0 0 0 0 0 0 0 0 0 0 0 0 0 0 0 0 0 0 
0 0 0 0 0 0 0 0 0 0 0 0 0 0 0 0 0 0 0 1 0 0 0 0 0 0 0 0 0 0 0 0 0 0 0 0 0 0 0 0 0 0 0 0 0 0 0 0 0 0 0 0 0 0 0 0 0 0 0 0 0 0 0 0 0 0 0 0 0 0 0 0 0 0 0 0 0 0 0 0 0 0 0 0 0 0 0 0 0 0 0 0 0 0 0 0 0 0 0 0 0 0 0 0 0 0 0 0 0 0 0 0 0 0 0 0 0 0 0 0 0 0 0 0 0 0 0 0 0 0 0 0 0 0 0 0 0 0 0 0 0 0 0 0 0 0 0 0 0 0 0 0 0 0 0 0 0 0 0 0 0 0 0 0 0 0 0 0 0 0 0 0 0 0 0 0 0 0 0 0 0 0 0 0 0 0 0 0 0 0 0 0 0 0 0 0 0 0 0 0 0 0 0 0 0 0 0 0 0 0 0 0 0 0 0 0 0 0 0 0 0 0 0 0 0 0 0 0 0 
0 0 0 0 0 1 0 0 0 0 0 0 0 0 0 0 0 0 0 0 0 0 0 0 0 0 0 0 0 0 0 0 0 0 0 0 0 0 0 0 0 0 0 0 0 0 0 0 0 0 0 0 0 0 0 0 0 0 0 0 0 0 0 0 0 0 0 0 0 0 0 0 0 0 0 0 0 0 0 0 0 0 0 0 0 0 0 0 0 0 0 0 0 0 0 0 0 0 0 0 0 0 0 0 0 0 0 0 0 0 0 0 0 0 0 0 0 0 0 0 0 0 0 0 0 0 0 0 0 0 0 0 0 0 0 0 0 0 0 0 0 0 0 0 0 0 0 0 0 0 0 0 0 0 0 0 0 0 0 0 0 0 0 0 0 0 0 0 0 0 0 0 0 0 0 0 0 0 0 0 0 0 0 0 0 0 0 0 0 0 0 0 0 0 0 0 0 0 0 0 0 0 0 0 0 0 0 0 0 0 0 0 0 0 0 0 0 0 0 0 0 0 0 0 0 0 0 0 0 
0 0 0 0 0 0 1 0 0 0 0 0 0 0 0 0 0 0 0 0 0 0 0 0 0 0 0 0 0 0 0 0 0 0 0 0 0 0 0 0 0 0 0 0 0 0 0 0 0 0 0 0 0 0 0 0 0 0 0 0 0 0 0 0 0 0 0 0 0 0 0 0 0 0 0 0 0 0 0 0 0 0 0 0 0 0 0 0 0 0 0 0 0 0 0 0 0 0 0 0 0 0 0 0 0 0 0 0 0 0 0 0 0 0 0 0 0 0 0 0 0 0 0 0 0 0 0 0 0 0 0 0 0 0 0 0 0 0 0 0 0 0 0 0 0 0 0 0 0 0 0 0 0 0 0 0 0 0 0 0 0 0 0 0 0 0 0 0 0 0 0 0 0 0 0 0 0 0 0 0 0 0 0 0 0 0 0 0 0 0 0 0 0 0 0 0 0 0 0 0 0 0 0 0 0 0 0 0 0 0 0 0 0 0 0 0 0 0 0 0 0 0 0 0 0 0 0 0 0 
0 0 0 0 0 0 0 1 0 0 0 0 0 0 0 0 0 0 0 0 0 0 0 0 0 0 0 0 0 0 0 0 0 0 0 0 0 0 0 0 0 0 0 0 0 0 0 0 0 0 0 0 0 0 0 0 0 0 0 0 0 0 0 0 0 0 0 0 0 0 0 0 0 0 0 0 0 0 0 0 0 0 0 0 0 0 0 0 0 0 0 0 0 0 0 0 0 0 0 0 0 0 0 0 0 0 0 0 0 0 0 0 0 0 0 0 0 0 0 0 0 0 0 0 0 0 0 0 0 0 0 0 0 0 0 0 0 0 0 0 0 0 0 0 0 0 0 0 0 0 0 0 0 0 0 0 0 0 0 0 0 0 0 0 0 0 0 0 0 0 0 0 0 0 0 0 0 0 0 0 0 0 0 0 0 0 0 0 0 0 0 0 0 0 0 0 0 0 0 0 0 0 0 0 0 0 0 0 0 0 0 0 0 0 0 0 0 0 0 0 0 0 0 0 0 0 0 0 0 
0 0 0 0 0 0 0 0 1 0 0 0 0 0 0 0 0 0 0 0 0 0 0 0 0 0 0 0 0 0 0 0 0 0 0 0 0 0 0 0 0 0 0 0 0 0 0 0 0 0 0 0 0 0 0 0 0 0 0 0 0 0 0 0 0 0 0 0 0 0 0 0 0 0 0 0 0 0 0 0 0 0 0 0 0 0 0 0 0 0 0 0 0 0 0 0 0 0 0 0 0 0 0 0 0 0 0 0 0 0 0 0 0 0 0 0 0 0 0 0 0 0 0 0 0 0 0 0 0 0 0 0 0 0 0 0 0 0 0 0 0 0 0 0 0 0 0 0 0 0 0 0 0 0 0 0 0 0 0 0 0 0 0 0 0 0 0 0 0 0 0 0 0 0 0 0 0 0 0 0 0 0 0 0 0 0 0 0 0 0 0 0 0 0 0 0 0 0 0 0 0 0 0 0 0 0 0 0 0 0 0 0 0 0 0 0 0 0 0 0 0 0 0 0 0 0 0 0 0 
0 0 0 0 0 0 0 0 0 1 0 0 0 0 0 0 0 0 0 0 0 0 0 0 0 0 0 0 0 0 0 0 0 0 0 0 0 0 0 0 0 0 0 0 0 0 0 0 0 0 0 0 0 0 0 0 0 0 0 0 0 0 0 0 0 0 0 0 0 0 0 0 0 0 0 0 0 0 0 0 0 0 0 0 0 0 0 0 0 0 0 0 0 0 0 0 0 0 0 0 0 0 0 0 0 0 0 0 0 0 0 0 0 0 0 0 0 0 0 0 0 0 0 0 0 0 0 0 0 0 0 0 0 0 0 0 0 0 0 0 0 0 0 0 0 0 0 0 0 0 0 0 0 0 0 0 0 0 0 0 0 0 0 0 0 0 0 0 0 0 0 0 0 0 0 0 0 0 0 0 0 0 0 0 0 0 0 0 0 0 0 0 0 0 0 0 0 0 0 0 0 0 0 0 0 0 0 0 0 0 0 0 0 0 0 0 0 0 0 0 0 0 0 0 0 0 0 0 0 
0 0 0 0 0 0 0 0 0 0 1 0 0 0 0 0 0 0 0 0 0 0 0 0 0 0 0 0 0 0 0 0 0 0 0 0 0 0 0 0 0 0 0 0 0 0 0 0 0 0 0 0 0 0 0 0 0 0 0 0 0 0 0 0 0 0 0 0 0 0 0 0 0 0 0 0 0 0 0 0 0 0 0 0 0 0 0 0 0 0 0 0 0 0 0 0 0 0 0 0 0 0 0 0 0 0 0 0 0 0 0 0 0 0 0 0 0 0 0 0 0 0 0 0 0 0 0 0 0 0 0 0 0 0 0 0 0 0 0 0 0 0 0 0 0 0 0 0 0 0 0 0 0 0 0 0 0 0 0 0 0 0 0 0 0 0 0 0 0 0 0 0 0 0 0 0 0 0 0 0 0 0 0 0 0 0 0 0 0 0 0 0 0 0 0 0 0 0 0 0 0 0 0 0 0 0 0 0 0 0 0 0 0 0 0 0 0 0 0 0 0 0 0 0 0 0 0 0 0 
0 0 0 0 0 0 0 0 0 0 0 1 0 0 0 0 0 0 0 0 0 0 0 0 0 0 0 0 0 0 0 0 0 0 0 0 0 0 0 0 0 0 0 0 0 0 0 0 0 0 0 0 0 0 0 0 0 0 0 0 0 0 0 0 0 0 0 0 0 0 0 0 0 0 0 0 0 0 0 0 0 0 0 0 0 0 0 0 0 0 0 0 0 0 0 0 0 0 0 0 0 0 0 0 0 0 0 0 0 0 0 0 0 0 0 0 0 0 0 0 0 0 0 0 0 0 0 0 0 0 0 0 0 0 0 0 0 0 0 0 0 0 0 0 0 0 0 0 0 0 0 0 0 0 0 0 0 0 0 0 0 0 0 0 0 0 0 0 0 0 0 0 0 0 0 0 0 0 0 0 0 0 0 0 0 0 0 0 0 0 0 0 0 0 0 0 0 0 0 0 0 0 0 0 0 0 0 0 0 0 0 0 0 0 0 0 0 0 0 0 0 0 0 0 0 0 0 0 0 

Groups 0 and 1 collide.
Solution of group 0
Mulirobot solution: (|moves| = 26, paralellism = 1.000) [
    Step 0: 1#200->185 
    Step 1: 1#185->186 
    Step 2: 1#186->172 
    Step 3: 1#172->158 
    Step 4: 1#158->159 
    Step 5: 1#159->160 
    Step 6: 1#160->145 
    Step 7: 1#145->131 
    Step 8: 1#131->115 
    Step 9: 1#115->102 
    Step 10: 1#102->91 
    Step 11: 1#91->75 
    Step 12: 1#75->59 
    Step 13: 1#59->45 
    Step 14: 1#45->31 
    Step 15: 1#31->32 
    Step 16: 1#32->33 
    Step 17: 1#33->18 
    Step 18: 1#18->19 
    Step 19: 1#19->5 
    Step 20: 1#5->6 
    Step 21: 1#6->7 
    Step 22: 1#7->8 
    Step 23: 1#8->9 
    Step 24: 1#9->10 
    Step 25: 1#10->11 
]
Solution of group 1
Mulirobot solution: (|moves| = 10, paralellism = 1.000) [
    Step 0: 1#215->201 
    Step 1: 1#201->186 
    Step 2: 1#186->172 
    Step 3: 1#172->158 
    Step 4: 1#158->159 
    Step 5: 1#159->160 
    Step 6: 1#160->145 
    Step 7: 1#145->146 
    Step 8: 1#146->147 
    Step 9: 1#147->148 
]
Occupation table complementary for group 0
1 1 1 0 1 1 0 0 1 0 1 1 0 1 0 0 1 1 0 1 1 1 0 1 1 1 1 1 1 1 1 0 0 1 1 1 0 0 1 0 0 0 1 0 0 1 0 1 1 0 1 0 0 0 1 1 1 0 1 1 1 1 1 0 1 1 0 0 1 1 1 1 1 1 1 1 1 1 0 1 0 0 1 1 1 1 1 0 0 0 1 1 1 0 1 1 1 0 1 1 1 0 0 0 0 1 1 1 1 1 1 1 1 1 0 0 0 0 1 1 1 1 0 1 0 1 1 1 1 1 1 1 1 0 0 1 1 0 1 1 1 1 1 0 1 1 0 0 1 1 1 0 1 1 1 0 1 1 1 1 1 0 1 1 1 1 0 0 0 0 1 1 1 0 0 0 1 1 1 0 1 1 1 1 1 0 1 1 1 1 1 0 1 1 1 0 1 1 1 1 0 1 1 0 0 1 1 0 1 1 1 0 1 0 1 1 0 0 0 1 1 0 1 1 1 1 1 0 0 
0 0 0 1 0 0 1 1 0 0 1 0 0 0 1 1 1 0 0 1 1 1 1 1 0 1 1 0 1 0 0 1 0 0 1 0 0 1 0 1 0 0 1 0 1 0 0 1 0 0 0 1 0 1 1 1 0 1 0 0 0 1 1 1 1 0 0 1 1 1 1 0 0 1 1 1 1 1 0 0 1 1 0 0 0 1 0 0 1 1 0 1 0 0 1 0 1 1 0 0 1 0 0 0 0 1 1 1 1 0 1 0 1 0 1 1 1 0 0 0 1 1 1 0 1 1 1 0 1 1 1 0 0 0 1 1 1 0 0 0 1 1 0 0 1 1 1 0 1 1 1 0 1 1 0 1 0 0 1 1 1 0 0 0 1 0 0 1 0 1 1 0 1 1 1 1 0 1 0 0 0 1 0 1 0 0 1 1 1 0 1 1 1 0 1 1 1 1 1 0 1 1 0 0 0 0 1 0 1 1 1 1 0 0 0 0 0 0 0 0 1 0 0 0 0 1 0 0 0 
0 0 0 0 0 1 1 1 0 1 0 0 0 0 0 0 0 1 0 0 0 1 1 0 1 1 0 0 1 1 1 0 1 0 0 0 1 1 0 0 1 0 1 0 0 1 0 1 1 0 0 0 1 1 1 0 0 1 0 1 0 0 1 1 0 0 1 1 1 1 0 1 1 1 1 1 0 1 1 0 1 0 1 0 1 0 0 0 0 1 0 1 0 0 1 1 0 1 0 1 1 0 1 1 0 1 1 1 1 1 0 0 1 1 0 0 0 0 1 1 1 0 1 1 1 1 1 0 1 1 1 1 0 0 0 1 1 1 0 0 1 0 0 0 0 1 0 1 1 1 1 0 0 1 1 1 0 0 1 1 1 1 1 0 1 0 1 0 1 1 1 0 1 1 0 1 1 1 0 1 1 0 0 1 0 1 1 0 1 0 0 1 1 0 1 1 1 0 0 0 0 0 0 0 0 0 1 0 0 1 1 1 0 0 0 0 0 0 0 0 0 0 1 0 0 1 0 0 0 
0 0 0 0 0 1 1 0 1 0 0 0 0 0 0 0 0 0 0 0 1 0 1 1 1 0 0 0 0 0 0 1 0 1 0 0 1 0 0 0 0 1 1 1 1 1 0 0 1 0 0 1 1 1 0 1 0 1 0 1 1 1 1 0 1 1 1 1 1 0 1 1 1 1 1 0 0 0 1 1 0 1 0 1 0 0 0 0 0 0 0 1 0 1 1 0 1 0 0 1 1 0 1 0 0 1 1 0 1 1 0 0 1 1 0 1 0 1 0 1 1 0 1 1 1 1 0 0 0 0 1 1 0 0 0 1 1 0 1 1 1 0 1 0 1 1 1 1 0 1 1 1 0 1 0 1 0 0 1 1 1 0 1 1 1 1 1 1 0 0 1 0 1 1 0 1 0 1 0 1 1 0 1 0 0 0 1 0 0 0 1 0 1 0 0 1 1 0 0 0 0 0 0 0 0 0 1 0 0 0 1 1 0 0 0 0 0 0 0 0 0 0 1 0 0 1 0 0 0 
0 0 0 0 0 0 0 1 0 0 0 0 0 0 0 0 0 0 1 1 0 1 1 1 0 0 0 0 0 0 0 1 1 1 0 0 1 0 0 0 0 1 0 0 0 1 0 0 1 0 1 1 1 0 0 0 0 1 1 0 1 1 0 0 1 1 1 1 0 0 1 1 1 0 1 1 0 0 1 1 1 0 1 0 0 0 0 0 1 0 0 0 0 0 0 0 0 1 0 1 0 1 1 0 1 1 1 0 1 1 0 0 1 1 0 1 0 0 0 1 1 1 0 0 1 0 1 0 1 0 0 1 1 1 0 1 1 0 1 1 1 0 1 0 0 1 1 1 0 1 1 1 1 0 0 1 1 1 1 0 1 0 0 1 1 0 1 1 1 0 1 0 1 0 0 0 1 1 1 0 1 1 1 0 0 0 0 0 0 1 1 0 0 0 0 0 0 0 0 0 0 0 0 0 0 0 0 0 0 1 1 0 0 0 0 0 0 0 0 0 1 0 1 0 0 1 0 0 0 
0 0 0 0 0 0 1 0 0 0 0 0 0 0 0 0 0 1 0 1 1 0 1 0 0 0 0 0 0 0 0 0 0 1 0 0 1 1 0 0 0 1 0 0 0 0 0 0 1 0 1 1 1 0 0 0 0 0 0 1 1 1 1 1 1 1 1 0 0 0 1 1 1 1 0 1 1 1 0 1 1 1 0 1 0 0 1 0 1 0 0 1 0 1 1 0 0 1 0 0 1 0 1 0 0 0 0 1 1 0 0 0 1 1 0 1 1 1 1 1 1 1 0 1 1 1 1 0 0 1 0 1 1 0 0 1 1 1 0 0 1 0 1 0 1 1 1 1 0 1 1 1 1 0 0 0 1 0 1 1 1 0 0 1 1 1 1 1 1 1 1 0 0 0 0 0 0 0 0 1 0 0 1 0 0 0 0 0 0 1 0 1 1 1 0 1 0 0 0 0 0 0 0 0 0 1 0 0 0 1 1 0 0 0 0 0 0 0 0 0 0 1 1 0 0 1 0 0 0 
0 0 0 1 0 1 0 0 0 0 0 0 0 0 0 0 0 0 1 1 0 1 0 0 0 0 0 0 0 0 0 0 0 1 0 0 1 1 0 0 0 1 0 0 0 0 0 0 1 0 1 1 1 0 0 0 0 0 0 1 1 0 1 1 1 1 1 1 0 0 1 1 1 1 0 1 1 1 1 0 1 1 1 1 0 0 1 0 1 1 0 1 0 0 0 0 1 1 0 1 1 0 1 0 1 0 1 0 1 1 0 0 1 1 0 1 0 1 1 1 0 1 1 0 1 1 1 0 1 0 1 1 0 1 0 1 1 1 0 1 1 0 0 0 0 0 1 1 1 1 1 1 0 1 0 0 1 0 0 1 1 0 1 0 0 1 1 1 1 0 1 0 1 0 0 0 0 0 0 1 0 0 1 0 0 0 0 0 0 1 0 0 1 0 1 1 0 0 0 0 0 0 0 0 0 0 1 1 0 1 1 0 0 0 0 0 0 0 1 0 0 1 1 0 0 1 0 0 0 
0 0 1 0 0 0 1 0 0 0 0 0 0 0 0 0 0 0 0 1 0 0 1 1 0 0 0 0 0 0 0 0 0 1 0 0 1 1 0 0 0 1 0 0 0 0 0 0 1 1 1 0 1 0 0 0 0 0 0 1 1 1 1 1 1 1 0 1 1 0 1 1 1 1 1 1 1 1 1 1 1 0 1 1 0 0 1 0 1 0 0 1 0 1 1 1 1 0 0 1 1 0 1 0 0 1 1 0 1 1 0 0 1 1 0 1 1 1 1 1 1 1 0 1 1 1 0 0 0 0 0 1 0 0 1 1 0 1 0 1 1 0 0 0 0 1 1 1 0 1 1 1 0 0 0 0 1 0 0 0 1 1 0 0 0 1 1 1 0 1 1 0 0 1 0 0 0 0 0 1 0 0 1 0 0 0 1 0 0 1 0 0 0 1 1 0 0 0 0 0 0 0 0 0 0 0 1 0 0 0 1 0 0 0 0 0 0 0 1 0 1 1 1 1 0 1 0 0 0 
0 0 1 0 0 1 0 1 0 0 0 0 0 0 0 0 0 0 1 1 0 0 1 1 1 0 0 0 0 0 0 0 0 1 0 0 1 1 1 0 0 1 0 0 0 0 0 1 1 0 0 0 1 0 0 0 0 0 0 0 1 1 1 1 1 1 0 1 1 0 1 1 1 0 1 1 1 1 1 1 1 0 0 1 1 0 1 0 1 0 0 1 0 0 1 1 1 1 0 1 1 1 1 0 1 1 1 1 1 1 0 0 1 1 0 1 1 0 1 1 1 1 0 1 1 0 0 0 1 0 0 0 1 0 1 1 0 1 0 1 1 0 0 0 0 1 1 1 1 1 1 0 0 0 0 0 1 0 0 0 1 0 1 0 0 1 0 1 1 0 1 0 0 0 0 0 0 0 0 1 0 1 1 0 0 1 0 0 1 1 0 0 1 1 0 0 0 0 0 0 0 0 0 0 0 0 0 0 0 0 1 0 0 0 0 0 0 0 1 0 1 1 1 1 0 1 0 0 0 
0 0 1 0 0 0 1 0 1 1 0 0 0 0 0 0 0 0 0 1 0 0 0 1 0 1 0 0 0 0 0 0 0 1 1 0 1 1 1 0 0 1 0 0 0 0 0 0 1 1 1 0 0 0 0 0 0 0 0 1 0 1 1 1 1 0 1 0 1 0 1 1 1 1 0 1 1 1 1 0 1 1 0 1 0 1 1 0 1 0 0 1 0 1 1 0 1 1 0 0 1 1 1 0 0 1 1 1 0 1 0 0 1 1 1 1 0 1 0 1 1 1 1 0 1 1 0 0 1 1 0 1 1 1 0 0 1 1 0 1 1 0 0 0 1 0 1 1 0 1 1 1 0 0 0 0 1 0 0 1 1 0 0 0 1 1 0 1 0 1 1 0 0 0 0 1 0 0 0 1 0 0 1 0 0 1 0 0 0 1 0 1 1 0 0 0 1 0 0 0 0 0 0 1 0 0 0 0 0 0 1 0 0 0 0 0 0 0 1 0 0 1 1 1 0 1 0 0 0 
0 0 1 0 0 0 0 1 0 1 1 0 0 0 0 0 0 0 0 1 0 0 0 1 0 1 0 0 0 0 0 0 1 1 0 0 1 0 1 0 0 1 0 0 0 1 0 1 1 0 0 1 0 0 0 0 0 0 0 1 1 1 1 1 1 1 0 1 1 0 1 1 1 0 1 1 1 1 1 1 1 1 0 1 0 1 1 0 1 1 0 0 0 0 1 0 1 0 0 0 1 1 1 0 1 1 1 1 1 1 0 0 1 1 0 1 0 1 1 1 1 1 1 0 1 1 1 0 0 0 1 1 1 0 0 0 1 1 1 1 1 0 0 0 1 0 1 1 1 1 1 1 0 0 0 0 1 1 1 0 1 0 0 1 0 1 0 1 0 0 1 0 0 1 0 1 0 1 0 1 0 1 1 1 0 1 0 0 0 1 1 1 0 0 0 0 0 1 0 0 0 0 0 1 0 0 0 0 0 0 1 0 0 0 0 0 1 0 1 0 0 1 1 1 1 1 0 0 0 
0 0 1 0 0 0 0 0 0 1 1 0 0 0 0 0 0 0 0 1 1 0 0 1 0 1 0 0 0 0 0 1 1 1 1 0 1 0 1 0 0 1 0 0 0 0 1 1 1 0 0 0 1 0 0 0 0 1 0 1 1 1 1 1 1 1 1 1 1 0 1 1 1 1 0 1 1 0 1 1 1 0 1 0 0 1 1 1 1 0 0 1 0 1 1 1 1 1 0 0 1 1 1 0 0 1 0 0 1 1 0 0 1 1 0 0 0 1 1 1 1 0 1 1 1 0 1 1 0 0 1 1 1 1 0 0 0 1 1 1 1 0 0 0 0 1 1 1 1 1 1 1 0 0 0 0 1 1 0 0 1 0 1 0 0 1 0 1 0 0 1 0 0 0 1 1 0 0 0 1 0 0 1 1 1 1 0 0 0 1 1 0 1 0 0 0 1 0 1 0 0 0 0 1 0 0 0 0 0 0 1 0 0 0 0 0 0 1 1 0 0 1 1 1 1 1 0 0 0 
0 0 1 0 0 0 0 0 1 1 0 1 0 0 0 0 0 1 0 1 0 1 1 1 0 1 0 0 0 0 0 1 0 1 0 0 1 0 1 0 0 1 1 0 0 0 1 1 1 0 1 0 1 0 0 0 0 0 0 1 1 1 1 1 1 1 0 0 1 0 1 1 1 1 1 1 1 1 1 1 1 1 0 1 0 1 1 1 1 0 0 0 0 0 0 0 1 0 0 0 1 1 1 0 1 1 1 0 1 1 0 0 1 1 0 0 0 1 0 1 1 0 0 1 1 0 1 1 0 0 1 0 1 0 1 1 1 1 1 1 1 0 0 0 1 1 1 1 1 1 1 1 1 0 0 0 1 1 1 0 1 1 0 0 0 1 1 1 0 0 1 0 0 0 0 1 0 0 0 1 0 0 1 1 1 1 0 0 0 1 0 0 1 0 0 0 0 1 0 0 0 0 0 1 1 0 1 0 0 0 1 0 1 0 0 0 0 0 1 0 0 1 1 1 1 1 0 0 0 
0 0 1 0 0 0 0 1 0 1 0 0 1 0 0 0 1 1 0 1 0 1 1 1 0 1 0 0 1 0 1 0 1 1 0 0 1 1 1 0 0 1 0 0 0 1 1 1 1 1 1 1 1 0 0 0 0 0 0 1 1 1 1 1 1 1 0 0 1 0 1 1 1 1 0 0 1 0 1 1 1 1 1 0 1 1 1 1 1 0 1 1 0 1 0 0 1 0 0 0 1 1 1 0 1 1 0 1 1 1 0 0 1 1 0 1 0 1 0 1 1 0 0 0 1 1 1 1 0 1 1 0 1 0 1 0 1 1 1 1 1 0 0 0 1 1 1 1 1 1 1 1 1 0 0 0 1 1 0 1 1 0 0 0 0 1 0 1 1 0 1 0 0 1 1 1 1 0 1 1 0 0 1 1 1 1 0 0 1 1 0 0 1 0 0 0 0 0 1 0 0 0 0 1 1 0 0 0 0 0 1 0 1 0 0 0 0 0 1 1 1 1 1 1 1 1 1 0 0 
0 0 1 1 0 0 1 0 0 1 0 0 1 1 1 1 0 0 0 1 1 0 0 1 0 1 0 0 0 0 1 1 0 1 0 0 1 0 1 0 0 1 0 0 1 1 0 1 1 0 1 1 1 0 0 0 0 0 0 1 1 1 1 1 1 1 1 0 1 0 1 1 1 1 0 1 1 0 1 1 1 1 1 0 1 1 1 1 1 0 0 1 1 1 0 0 1 0 0 0 1 1 1 0 1 1 0 1 1 1 0 0 1 1 0 0 0 1 0 1 1 0 0 0 1 1 1 1 0 1 1 1 1 0 1 0 1 1 1 1 1 1 0 0 1 1 1 1 1 1 1 1 0 1 0 0 1 1 0 1 1 0 0 0 1 1 0 1 0 1 1 0 0 1 1 1 1 0 0 1 0 0 1 1 1 1 0 1 1 1 0 0 1 1 1 0 0 0 0 0 0 0 0 1 1 0 0 0 0 0 1 0 1 0 0 0 0 0 1 1 1 1 1 1 1 1 1 1 0 
0 0 1 0 1 0 1 0 0 1 0 0 1 1 1 1 0 1 0 1 0 0 1 1 1 1 0 0 0 0 1 1 0 1 1 1 1 0 1 0 0 1 0 1 1 0 0 1 1 0 1 1 1 0 0 0 0 0 0 1 1 1 1 1 1 1 1 0 1 0 1 1 1 1 0 0 1 0 1 1 1 1 1 1 1 1 1 1 1 0 0 1 0 1 0 0 1 0 0 0 1 1 1 0 0 1 0 1 1 1 1 0 1 1 1 0 0 1 0 1 1 0 0 0 1 0 1 1 0 1 1 0 1 0 1 1 1 1 1 1 1 0 1 0 1 1 1 1 1 1 1 1 0 0 1 0 1 1 1 0 1 1 0 0 1 1 0 1 0 0 1 0 0 1 1 1 1 0 0 1 0 1 1 1 1 1 1 0 1 1 0 0 1 0 0 0 0 0 0 0 0 0 0 1 1 0 0 1 1 0 1 0 1 1 0 0 0 0 1 1 1 1 1 1 1 1 0 1 1 
0 1 1 0 1 0 1 0 0 1 0 0 1 1 1 1 1 0 0 1 0 1 1 1 1 1 0 0 0 0 1 1 1 1 0 1 1 0 1 0 0 1 1 1 0 0 0 1 1 0 1 1 1 0 0 0 0 0 0 1 1 1 1 1 1 1 1 0 1 0 1 1 1 1 0 0 1 0 1 1 1 1 1 1 1 1 1 1 1 0 1 1 0 1 0 0 1 0 0 0 1 1 1 0 0 1 0 1 1 1 1 1 1 1 1 0 0 1 0 1 1 0 0 0 1 0 1 1 0 1 1 0 1 1 1 1 1 1 1 1 1 0 1 0 1 1 1 1 1 1 1 1 0 0 0 1 1 1 0 0 1 1 0 0 1 1 0 1 0 0 1 0 1 1 1 1 1 0 0 1 0 1 1 1 1 1 0 0 1 1 0 0 1 0 0 0 0 0 0 0 0 1 0 1 1 0 0 0 1 0 1 0 1 1 0 0 0 0 1 1 1 1 1 1 1 1 0 1 1 
0 1 1 0 1 0 1 0 0 1 0 0 1 1 1 1 1 0 0 1 0 1 1 1 1 1 0 0 0 0 1 1 1 1 0 1 1 0 1 0 0 1 0 1 0 0 0 1 1 0 1 1 1 0 0 0 0 1 0 1 1 1 1 1 0 1 1 0 1 0 1 1 1 1 0 0 1 0 1 1 1 1 1 1 1 1 1 1 1 1 0 1 0 1 0 0 1 0 0 0 1 1 1 0 0 1 0 1 1 1 1 1 1 1 1 1 0 1 0 1 1 0 0 0 1 0 1 1 0 1 1 0 1 0 1 1 1 1 1 1 1 0 1 0 1 1 1 1 1 1 1 1 0 0 0 1 1 1 0 1 1 1 0 0 1 1 0 1 0 0 1 0 1 1 1 1 1 0 0 1 0 1 1 1 1 1 1 0 1 1 0 0 1 0 0 0 0 0 0 0 0 0 0 1 1 0 0 0 1 1 1 0 1 1 0 1 0 0 1 1 1 1 1 1 1 1 0 1 1 
0 1 1 0 1 0 1 0 0 1 0 0 1 1 1 1 1 0 0 1 0 1 1 1 1 1 0 0 0 0 1 1 0 1 0 1 1 0 1 0 0 1 0 1 0 0 0 1 1 0 1 1 1 0 0 0 0 1 0 1 1 1 1 1 0 0 1 0 1 0 1 1 1 1 0 0 1 1 1 1 1 1 1 1 1 1 1 1 1 1 0 1 0 1 0 0 1 0 0 0 1 1 1 0 0 1 0 1 1 1 1 1 1 1 1 0 0 1 0 1 1 0 0 0 1 0 1 1 0 1 1 1 1 0 1 1 1 1 1 1 1 0 1 0 1 1 1 1 1 1 1 1 0 0 0 1 1 1 1 0 1 1 1 0 1 1 0 1 0 0 1 0 1 1 1 1 1 1 0 1 0 1 1 1 1 1 1 0 1 1 0 0 1 0 0 0 0 0 0 0 0 0 0 1 1 0 0 0 1 1 1 0 1 1 0 1 0 0 1 1 1 1 1 1 1 1 0 1 1 
0 1 1 0 1 0 1 0 0 1 0 0 1 1 1 1 1 1 0 1 1 1 0 1 1 1 1 0 0 1 1 1 0 1 0 1 1 0 1 0 0 1 0 1 0 0 0 1 1 0 1 1 1 1 0 0 0 1 0 1 1 1 1 1 0 0 1 1 1 0 1 1 1 1 0 0 1 0 1 1 1 1 1 1 1 1 1 1 1 1 0 1 0 1 0 0 1 0 0 0 1 1 1 0 0 1 0 1 1 1 1 1 1 1 1 0 0 1 0 1 1 0 0 0 1 0 1 1 0 1 1 0 1 0 1 1 1 1 1 1 1 0 1 0 1 1 1 1 1 1 1 1 0 0 0 1 1 1 0 0 1 1 0 0 1 1 0 1 0 0 1 0 1 1 1 1 1 1 0 1 0 1 1 1 1 1 1 0 1 1 0 0 1 0 0 0 0 0 0 0 0 0 0 1 1 0 0 0 1 1 1 0 1 1 0 1 0 0 1 1 1 1 1 1 1 1 0 1 1 
0 1 1 1 1 0 1 0 0 1 1 0 1 1 1 1 1 1 0 1 1 1 0 1 1 1 1 1 0 1 1 1 0 1 0 1 1 1 1 0 0 1 0 1 0 0 0 1 1 0 1 0 1 0 1 0 0 1 0 1 1 1 1 1 0 0 1 0 1 0 1 1 1 1 0 1 1 0 1 1 1 1 1 1 1 1 1 1 1 1 0 1 0 1 0 0 1 0 0 0 1 1 1 0 0 1 0 1 1 1 1 1 1 1 1 0 0 1 0 1 1 0 0 0 1 0 1 1 0 1 1 0 1 0 1 1 1 1 1 1 1 0 1 0 1 1 1 1 1 1 1 1 0 0 0 1 1 1 0 0 1 1 0 0 1 1 0 1 0 0 1 0 1 1 1 1 1 1 0 1 0 1 1 1 1 1 1 0 1 1 1 0 1 0 0 0 0 0 0 0 0 0 0 1 1 0 0 0 1 1 1 0 1 1 0 1 0 0 1 1 1 1 1 1 1 1 0 1 1 
0 1 1 0 1 0 1 0 0 1 1 0 1 1 1 1 1 1 0 1 1 1 1 1 1 1 1 1 1 1 1 1 0 1 0 1 1 0 1 0 0 1 0 1 0 0 0 1 1 0 1 0 1 0 0 1 0 1 0 1 1 1 1 1 0 0 1 0 1 1 1 1 1 1 0 1 1 0 1 1 1 1 1 1 1 1 1 1 1 1 0 1 0 1 0 0 1 0 0 0 1 1 1 0 0 1 0 1 1 1 1 1 1 1 1 0 0 1 0 1 1 0 0 0 1 0 1 1 0 1 1 0 1 0 1 1 1 1 1 1 1 0 1 0 1 1 1 1 1 1 1 1 0 0 0 1 1 1 0 1 1 1 0 0 1 1 0 1 0 0 1 0 1 1 1 1 1 1 0 1 0 1 1 1 1 1 1 0 1 1 1 0 1 0 0 0 0 0 0 0 0 0 0 1 1 0 0 0 1 1 1 0 1 1 0 1 0 0 1 1 1 1 1 1 1 1 0 1 1 
0 1 1 0 1 0 1 0 0 1 1 0 1 1 1 1 1 1 0 1 1 1 1 1 1 1 1 1 1 1 1 1 0 1 0 1 1 0 1 1 0 1 0 1 0 0 0 1 1 0 1 0 1 0 0 0 1 1 0 1 1 1 1 1 0 0 1 0 1 1 1 1 1 1 0 1 1 0 1 1 1 1 1 1 1 1 1 1 1 1 0 1 0 1 0 0 1 0 0 0 1 1 1 0 0 1 0 1 1 1 1 1 1 1 1 0 0 1 0 1 1 0 0 0 1 0 1 1 0 1 1 0 1 0 1 1 1 1 1 1 1 0 1 0 1 1 1 1 1 1 1 1 0 0 0 1 1 1 1 0 1 1 0 0 1 1 0 1 0 0 1 0 1 1 1 1 1 1 0 1 0 1 1 1 1 1 1 0 1 1 1 0 1 0 0 0 0 0 0 0 1 0 0 1 1 0 0 0 1 1 1 0 1 1 0 1 0 0 1 1 1 1 1 1 1 1 0 1 1 
1 1 1 0 1 0 1 0 0 1 1 0 1 1 1 1 1 1 0 1 1 1 1 1 1 1 1 1 1 1 1 1 0 1 0 1 1 0 1 1 1 1 0 1 0 0 0 1 1 0 1 0 1 0 0 0 1 1 0 1 1 1 1 1 0 0 1 0 1 1 1 1 1 1 0 1 1 0 1 1 1 1 1 1 1 1 1 1 1 1 0 1 0 1 0 0 1 0 0 0 1 1 1 0 0 1 0 1 1 1 1 1 1 1 1 0 0 1 0 1 1 0 0 0 1 0 1 1 0 1 1 0 1 0 1 1 1 1 1 1 1 0 1 0 1 1 1 1 1 1 1 1 0 0 0 1 1 1 0 0 1 1 0 0 1 1 0 1 0 0 1 0 1 1 1 1 1 1 0 1 0 1 1 1 1 1 1 0 1 1 1 0 1 0 0 0 0 0 0 0 0 0 0 1 1 0 0 0 1 1 1 0 1 1 1 1 0 0 1 1 1 1 1 1 1 1 0 1 1 
1 1 1 0 1 0 1 0 0 1 1 0 1 1 1 1 1 1 0 1 1 1 1 1 1 1 1 1 1 1 1 1 0 1 0 1 1 0 1 1 1 1 0 1 0 0 0 1 1 0 1 0 1 0 0 0 1 1 0 1 1 1 1 1 0 0 1 0 1 1 1 1 1 1 0 1 1 0 1 1 1 1 1 1 1 1 1 1 1 1 0 1 0 1 0 0 1 0 0 0 1 1 1 0 0 1 0 1 1 1 1 1 1 1 1 0 0 1 0 1 1 0 0 0 1 0 1 1 0 1 1 0 1 0 1 1 1 1 1 1 1 0 1 0 1 1 1 1 1 1 1 1 0 0 0 1 1 1 0 0 1 1 0 0 1 1 0 1 0 0 1 0 1 1 1 1 1 1 0 1 0 1 1 1 1 1 1 0 1 1 1 0 1 0 0 0 0 0 0 0 0 0 0 1 1 0 0 0 1 1 1 0 1 1 1 1 0 0 1 1 1 1 1 1 1 1 0 1 1 
1 1 1 0 1 0 1 0 0 1 1 0 1 1 1 1 1 1 0 1 1 1 1 1 1 1 1 1 1 1 1 1 0 1 0 1 1 0 1 1 1 1 0 1 0 0 0 1 1 0 1 0 1 0 0 0 1 1 0 1 1 1 1 1 0 0 1 0 1 1 1 1 1 1 0 1 1 0 1 1 1 1 1 1 1 1 1 1 1 1 0 1 0 1 0 0 1 0 0 0 1 1 1 0 0 1 0 1 1 1 1 1 1 1 1 0 0 1 0 1 1 0 0 0 1 0 1 1 0 1 1 0 1 0 1 1 1 1 1 1 1 0 1 0 1 1 1 1 1 1 1 1 0 0 0 1 1 1 0 0 1 1 0 0 1 1 0 1 0 0 1 0 1 1 1 1 1 1 0 1 0 1 1 1 1 1 1 0 1 1 1 0 1 0 0 0 0 0 0 0 0 0 0 1 1 0 0 0 1 1 1 0 1 1 1 1 0 0 1 1 1 1 1 1 1 1 0 1 1 
1 1 1 0 1 0 1 0 0 1 1 0 1 1 1 1 1 1 0 1 1 1 1 1 1 1 1 1 1 1 1 1 0 1 0 1 1 0 1 1 1 1 0 1 0 0 0 1 1 0 1 0 1 0 0 0 1 1 0 1 1 1 1 1 0 0 1 0 1 1 1 1 1 1 0 1 1 0 1 1 1 1 1 1 1 1 1 1 1 1 0 1 0 1 0 0 1 0 0 0 1 1 1 0 0 1 0 1 1 1 1 1 1 1 1 0 0 1 0 1 1 0 0 0 1 0 1 1 0 1 1 0 1 0 1 1 1 1 1 1 1 0 1 0 1 1 1 1 1 1 1 1 0 0 0 1 1 1 0 0 1 1 0 0 1 1 0 1 0 0 1 0 1 1 1 1 1 1 0 1 0 1 1 1 1 1 1 0 1 1 1 0 1 0 0 0 0 0 0 0 1 0 0 1 1 0 0 0 1 1 1 0 1 1 1 1 0 0 1 1 1 1 1 1 1 1 0 1 1 

Occupation table complementary for group 1
1 1 1 0 1 1 0 0 1 0 1 1 0 1 0 0 1 1 0 1 1 1 0 1 1 1 1 1 1 1 1 0 0 1 1 1 0 0 1 0 0 0 1 0 0 1 0 1 1 0 1 0 0 0 1 1 1 0 1 1 1 1 1 0 1 1 0 0 1 1 1 1 1 1 1 1 1 1 0 1 0 0 1 1 1 1 1 0 0 0 1 1 1 0 1 1 1 0 1 1 1 0 0 0 0 1 1 1 1 1 1 1 1 1 0 0 0 0 1 1 1 1 0 1 0 1 1 1 1 1 1 1 1 0 0 1 1 0 1 1 1 1 1 0 1 1 0 0 1 1 1 0 1 1 1 0 1 1 1 1 1 0 1 1 1 1 0 0 0 0 1 1 1 0 0 0 1 1 1 0 1 1 1 1 1 0 1 1 1 1 1 0 1 1 1 0 1 1 1 1 1 1 1 0 0 1 1 0 1 1 1 0 1 0 1 0 0 0 0 1 1 0 1 1 1 1 1 0 0 
0 0 0 1 0 0 1 1 0 0 1 0 0 0 1 1 1 0 0 1 1 1 1 1 0 1 1 0 1 0 0 1 0 0 1 0 0 1 0 1 0 0 1 0 1 0 0 1 0 0 0 1 0 1 1 1 0 1 0 0 0 1 1 1 1 0 0 1 1 1 1 0 0 1 1 1 1 1 0 0 1 1 0 0 0 1 0 0 1 1 0 1 0 0 1 0 1 1 0 0 1 0 0 0 0 1 1 1 1 0 1 0 1 0 1 1 1 0 0 0 1 1 1 0 1 1 1 0 1 1 1 0 0 0 1 1 1 0 0 0 1 1 0 0 1 1 1 0 1 1 1 0 1 1 0 1 0 0 1 1 1 0 0 0 1 0 0 1 0 1 1 0 1 1 1 1 0 1 0 0 0 1 0 1 0 1 1 1 1 0 1 1 1 0 1 1 1 1 1 0 1 0 0 0 0 0 1 0 1 1 1 1 0 0 0 0 0 0 0 0 1 0 0 0 0 1 0 0 0 
0 0 0 0 0 1 1 1 0 1 0 0 0 0 0 0 0 1 0 0 0 1 1 0 1 1 0 0 1 1 1 0 1 0 0 0 1 1 0 0 1 0 1 0 0 1 0 1 1 0 0 0 1 1 1 0 0 1 0 1 0 0 1 1 0 0 1 1 1 1 0 1 1 1 1 1 0 1 1 0 1 0 1 0 1 0 0 0 0 1 0 1 0 0 1 1 0 1 0 1 1 0 1 1 0 1 1 1 1 1 0 0 1 1 0 0 0 0 1 1 1 0 1 1 1 1 1 0 1 1 1 1 0 0 0 1 1 1 0 0 1 0 0 0 0 1 0 1 1 1 1 0 0 1 1 1 0 0 1 1 1 1 1 0 1 0 1 0 1 1 1 0 1 1 0 1 1 1 0 1 1 0 0 1 0 1 1 0 1 0 0 1 1 0 1 1 1 0 0 0 0 0 0 0 0 0 1 0 0 1 1 1 0 0 0 0 0 0 0 0 0 0 1 0 0 1 0 0 0 
0 0 0 0 0 1 1 0 1 0 0 0 0 0 0 0 0 0 0 0 1 0 1 1 1 0 0 0 0 0 0 1 0 1 0 0 1 0 0 0 0 1 1 1 1 1 0 0 1 0 0 1 1 1 0 1 0 1 0 1 1 1 1 0 1 1 1 1 1 0 1 1 1 1 1 0 0 0 1 1 0 1 0 1 0 0 0 0 0 0 0 1 0 1 1 0 1 0 0 1 1 0 1 0 0 1 1 0 1 1 0 0 1 1 0 1 0 1 0 1 1 0 1 1 1 1 0 0 0 0 1 1 0 0 0 1 1 0 1 1 1 0 1 0 1 1 1 1 0 1 1 1 0 1 0 1 0 0 1 1 1 0 1 1 1 1 1 1 0 0 1 0 1 1 0 1 0 1 0 1 1 0 1 0 0 0 1 0 0 0 1 0 1 0 0 1 1 0 0 0 0 0 0 0 0 0 1 0 0 0 1 1 0 0 0 0 0 0 0 0 0 0 1 0 0 1 0 0 0 
0 0 0 0 0 0 0 1 0 0 0 0 0 0 0 0 0 0 1 1 0 1 1 1 0 0 0 0 0 0 0 1 1 1 0 0 1 0 0 0 0 1 0 0 0 1 0 0 1 0 1 1 1 0 0 0 0 1 1 0 1 1 0 0 1 1 1 1 0 0 1 1 1 0 1 1 0 0 1 1 1 0 1 0 0 0 0 0 1 0 0 0 0 0 0 0 0 1 0 1 0 1 1 0 1 1 1 0 1 1 0 0 1 1 0 1 0 0 0 1 1 1 0 0 1 0 1 0 1 0 0 1 1 1 0 1 1 0 1 1 1 0 1 0 0 1 1 1 0 1 1 1 1 0 0 1 1 1 1 0 1 0 0 1 1 0 1 1 1 0 1 0 1 0 0 0 1 1 1 0 1 1 1 0 0 0 0 0 0 1 1 0 0 0 0 0 0 0 0 0 0 0 0 0 0 0 0 0 0 1 1 0 0 0 0 0 0 0 0 0 1 0 1 0 0 1 0 0 0 
0 0 0 0 0 0 1 0 0 0 0 0 0 0 0 0 0 1 0 1 1 0 1 0 0 0 0 0 0 0 0 0 0 1 0 0 1 1 0 0 0 1 0 0 0 0 0 0 1 0 1 1 1 0 0 0 0 0 0 1 1 1 1 1 1 1 1 0 0 0 1 1 1 1 0 1 1 1 0 1 1 1 0 1 0 0 1 0 1 0 0 1 0 1 1 0 0 1 0 0 1 0 1 0 0 0 0 1 1 0 0 0 1 1 0 1 1 1 1 1 1 1 0 1 1 1 1 0 0 1 0 1 1 0 0 1 1 1 0 0 1 0 1 0 1 1 1 1 0 1 1 1 1 0 0 0 1 0 1 1 1 0 0 1 1 1 1 1 1 1 1 0 0 0 0 0 0 0 0 1 0 0 1 0 0 0 0 0 0 1 0 1 1 1 0 1 0 0 0 0 0 0 0 0 0 1 0 0 0 1 1 0 0 0 0 0 0 0 0 0 0 1 1 0 0 1 0 0 0 
0 0 0 1 0 1 0 0 0 0 0 0 0 0 0 0 0 0 1 1 0 1 0 0 0 0 0 0 0 0 0 0 0 1 0 0 1 1 0 0 0 1 0 0 0 0 0 0 1 0 1 1 1 0 0 0 0 0 0 1 1 0 1 1 1 1 1 1 0 0 1 1 1 1 0 1 1 1 1 0 1 1 1 1 0 0 1 0 1 1 0 1 0 0 0 0 1 1 0 1 1 0 1 0 1 0 1 0 1 1 0 0 1 1 0 1 0 1 1 1 0 1 1 0 1 1 1 0 1 0 1 1 0 1 0 1 1 1 0 1 1 0 0 0 0 0 1 1 1 1 1 1 0 1 0 0 1 0 0 1 1 0 1 0 0 1 1 1 1 0 1 0 1 0 0 0 0 0 0 1 0 0 1 0 0 0 0 0 0 1 0 0 1 0 1 1 0 0 0 0 0 0 0 0 0 0 1 1 0 1 1 0 0 0 0 0 0 0 1 0 0 1 1 0 0 1 0 0 0 
0 0 1 0 0 0 1 0 0 0 0 0 0 0 0 0 0 0 0 1 0 0 1 1 0 0 0 0 0 0 0 0 0 1 0 0 1 1 0 0 0 1 0 0 0 0 0 0 1 1 1 0 1 0 0 0 0 0 0 1 1 1 1 1 1 1 0 1 1 0 1 1 1 1 1 1 1 1 1 1 1 0 1 1 0 0 1 0 1 0 0 1 0 1 1 1 1 0 0 1 1 0 1 0 0 1 1 0 1 1 0 0 1 1 0 1 1 1 1 1 1 1 0 1 1 1 0 0 0 0 0 1 0 0 1 1 0 1 0 1 1 0 0 0 0 1 1 1 0 1 1 1 0 0 0 0 1 0 0 0 1 1 0 0 0 1 1 1 0 1 1 0 0 1 0 0 0 0 0 1 0 0 1 0 0 0 1 0 0 1 0 0 0 1 1 0 0 0 0 0 0 0 0 0 0 0 1 0 0 0 1 0 0 0 0 0 0 0 1 0 1 1 1 1 0 1 0 0 0 
0 0 1 0 0 1 0 1 0 0 0 0 0 0 0 0 0 0 1 1 0 0 1 1 1 0 0 0 0 0 0 0 0 1 0 0 1 1 1 0 0 1 0 0 0 0 0 1 1 0 0 0 1 0 0 0 0 0 0 0 1 1 1 1 1 1 0 1 1 0 1 1 1 0 1 1 1 1 1 1 1 0 0 1 1 0 1 0 1 0 0 1 0 0 1 1 1 1 0 1 1 1 1 0 1 1 1 1 1 1 0 0 1 1 0 1 1 0 1 1 1 1 0 1 1 0 0 0 1 0 0 1 1 0 1 1 0 1 0 1 1 0 0 0 0 1 1 1 1 1 1 0 0 0 0 0 1 0 0 0 1 0 1 0 0 1 0 1 1 0 1 0 0 0 0 0 0 0 0 1 0 1 1 0 0 1 0 0 1 1 0 0 1 1 0 0 0 0 0 0 0 0 0 0 0 0 0 0 0 0 1 0 0 0 0 0 0 0 1 0 1 1 1 1 0 1 0 0 0 
0 0 1 0 0 0 1 0 1 1 0 0 0 0 0 0 0 0 0 1 0 0 0 1 0 1 0 0 0 0 0 0 0 1 1 0 1 1 1 0 0 1 0 0 0 0 0 0 1 1 1 0 0 0 0 0 0 0 0 1 0 1 1 1 1 0 1 0 1 0 1 1 1 1 0 1 1 1 1 0 1 1 0 1 0 1 1 0 1 0 0 1 0 1 1 0 1 1 0 0 1 1 1 0 0 1 1 1 0 1 0 0 1 1 1 1 0 1 0 1 1 1 1 0 1 1 0 0 1 1 0 1 1 1 0 0 1 1 0 1 1 0 0 0 1 0 1 1 0 1 1 1 0 0 0 0 1 0 0 1 1 0 0 0 1 1 0 1 0 1 1 0 0 0 0 1 0 0 0 1 0 0 1 0 0 1 0 0 0 1 0 1 1 0 0 0 1 0 0 0 0 0 0 1 0 0 0 0 0 0 1 0 0 0 0 0 0 0 1 0 0 1 1 1 0 1 0 0 0 
0 0 1 0 0 0 0 1 0 1 1 0 0 0 0 0 0 0 0 1 0 0 0 1 0 1 0 0 0 0 0 0 1 1 0 0 1 0 1 0 0 1 0 0 0 1 0 1 1 0 0 1 0 0 0 0 0 0 0 1 1 1 1 1 1 1 0 1 1 0 1 1 1 0 1 1 1 1 1 1 1 1 0 1 0 1 1 0 1 1 0 0 0 0 1 0 1 0 0 0 1 1 1 0 1 1 1 1 1 1 0 0 1 1 0 1 0 1 1 1 1 1 1 0 1 1 1 0 0 0 1 1 1 0 0 0 1 1 1 1 1 0 0 0 1 0 1 1 0 1 1 1 0 0 0 0 1 1 1 0 1 0 0 1 0 1 0 1 0 0 1 0 0 1 0 1 0 1 0 1 0 1 1 1 0 1 0 0 0 1 1 1 0 0 0 0 0 1 0 0 0 0 0 1 0 0 0 0 0 0 1 0 0 0 0 0 1 0 1 0 0 1 1 1 1 1 0 0 0 
0 0 1 0 0 0 0 0 0 1 1 0 0 0 0 0 0 0 0 1 1 0 0 1 0 1 0 0 0 0 0 1 1 1 1 0 1 0 1 0 0 1 0 0 0 0 1 1 1 0 0 0 1 0 0 0 0 1 0 1 1 1 1 1 1 1 1 1 1 0 1 1 1 1 0 1 1 0 1 1 1 0 1 0 0 1 1 1 1 0 0 1 0 1 1 1 1 1 0 0 1 1 1 0 0 1 0 0 1 1 0 0 1 1 0 0 0 1 1 1 1 0 1 1 1 0 1 1 0 0 1 1 1 1 0 0 0 1 1 1 1 0 0 0 0 1 1 1 0 1 1 1 0 0 0 0 1 1 0 0 1 0 1 0 0 1 0 1 0 0 1 0 0 0 1 1 0 0 0 1 0 0 1 1 1 1 0 0 0 1 1 0 1 0 0 0 1 0 1 0 0 0 0 1 0 0 0 0 0 0 1 0 0 0 0 0 0 1 1 0 0 1 1 1 1 1 0 0 0 
0 0 1 0 0 0 0 0 1 1 0 1 0 0 0 0 0 1 0 1 0 1 1 1 0 1 0 0 0 0 0 1 0 1 0 0 1 0 1 0 0 1 1 0 0 0 1 1 1 0 1 0 1 0 0 0 0 0 0 1 1 1 1 1 1 1 0 0 1 0 1 1 1 1 1 1 1 1 1 1 1 1 0 1 0 1 1 1 1 0 0 0 0 0 0 0 1 0 0 0 1 1 1 0 1 1 1 0 1 1 0 0 1 1 0 0 0 1 0 1 1 0 0 1 1 0 1 1 0 0 1 0 1 0 1 1 1 1 1 1 1 0 0 0 1 1 1 1 0 1 1 1 1 0 0 0 1 1 1 0 1 1 0 0 0 1 1 1 0 0 1 0 0 0 0 1 0 0 0 1 0 0 1 1 1 1 0 0 0 1 0 0 1 0 0 0 0 1 0 0 0 0 0 1 1 0 1 0 0 0 1 0 1 0 0 0 0 0 1 0 0 1 1 1 1 1 0 0 0 
0 0 1 0 0 0 0 1 0 1 0 0 1 0 0 0 1 1 0 1 0 1 1 1 0 1 0 0 1 0 1 0 1 1 0 0 1 1 1 0 0 1 0 0 0 1 1 1 1 1 1 1 1 0 0 0 0 0 0 1 1 1 1 1 1 1 0 0 1 0 1 1 1 1 0 0 1 0 1 1 1 1 1 0 1 1 1 1 1 0 1 1 0 1 0 0 1 0 0 0 1 1 1 0 1 1 0 1 1 1 0 0 1 1 0 1 0 1 0 1 1 0 0 0 1 1 1 1 0 1 1 0 1 0 1 0 1 1 1 1 1 0 0 0 1 1 1 1 0 1 1 1 1 0 0 0 1 1 0 1 1 0 0 0 0 1 0 1 1 0 1 0 0 1 1 1 1 0 1 1 0 0 1 1 1 1 0 0 1 1 0 0 1 0 0 0 0 0 1 0 0 0 0 1 1 0 0 0 0 0 1 0 1 0 0 0 0 0 1 1 1 1 1 1 1 1 1 0 0 
0 0 1 1 0 0 1 0 0 1 0 0 1 1 1 1 0 0 0 1 1 0 0 1 0 1 0 0 0 0 1 1 0 1 0 0 1 0 1 0 0 1 0 0 1 1 0 1 1 0 1 1 1 0 0 0 0 0 0 1 1 1 1 1 1 1 1 0 1 0 1 1 1 1 0 1 1 0 1 1 1 1 1 0 1 1 1 1 1 0 0 1 1 1 0 0 1 0 0 0 1 1 1 0 1 1 0 1 1 1 0 0 1 1 0 0 0 1 0 1 1 0 0 0 1 1 1 1 0 1 1 1 1 0 1 0 1 1 1 1 1 1 0 0 1 1 1 1 0 1 1 1 0 1 0 0 1 1 0 1 1 0 0 0 1 1 0 1 0 1 1 0 0 1 1 1 1 0 0 1 0 0 1 1 1 1 0 1 1 1 0 0 1 1 1 0 0 0 0 0 0 0 0 1 1 0 0 0 0 0 1 0 1 0 0 0 0 0 1 1 1 1 1 1 1 1 1 1 0 
0 0 1 0 1 0 1 0 0 1 0 0 1 1 1 1 0 1 0 1 0 0 1 1 1 1 0 0 0 0 1 1 0 1 1 1 1 0 1 0 0 1 0 1 1 0 0 1 1 0 1 1 1 0 0 0 0 0 0 1 1 1 1 1 1 1 1 0 1 0 1 1 1 1 0 0 1 0 1 1 1 1 1 1 1 1 1 1 1 0 0 1 0 1 0 0 1 0 0 0 1 1 1 0 0 1 0 1 1 1 1 0 1 1 1 0 0 1 0 1 1 0 0 0 1 0 1 1 0 1 1 0 1 0 1 1 1 1 1 1 1 0 1 0 1 1 1 1 0 1 1 1 0 0 1 0 1 1 1 0 1 1 0 0 1 1 0 1 0 0 1 0 0 1 1 1 1 0 0 1 0 1 1 1 1 1 1 0 1 1 0 0 1 0 0 0 0 0 0 0 0 0 0 1 1 0 0 1 1 0 1 0 1 1 0 0 0 0 1 1 1 1 1 1 1 1 0 1 1 
0 1 1 0 1 0 1 0 0 1 0 0 1 1 1 1 1 0 0 1 0 1 1 1 1 1 0 0 0 0 1 1 1 1 0 1 1 0 1 0 0 1 1 1 0 0 0 1 1 0 1 1 1 0 0 0 0 0 0 1 1 1 1 1 1 1 1 0 1 0 1 1 1 1 0 0 1 0 1 1 1 1 1 1 1 1 1 1 1 0 1 1 0 1 0 0 1 0 0 0 1 1 1 0 0 1 0 1 1 1 1 1 1 1 1 0 0 1 0 1 1 0 0 0 1 0 1 1 0 1 1 0 1 1 1 1 1 1 1 1 1 0 1 0 1 1 1 1 0 1 1 1 0 0 0 1 1 1 0 0 1 1 0 0 1 1 0 1 0 0 1 0 1 1 1 1 1 0 0 1 0 1 1 1 1 1 0 0 1 1 0 0 1 0 0 0 0 0 0 0 0 1 0 1 1 0 0 0 1 0 1 0 1 1 0 0 0 0 1 1 1 1 1 1 1 1 0 1 1 
0 1 1 0 1 0 1 0 0 1 0 0 1 1 1 1 1 0 0 1 0 1 1 1 1 1 0 0 0 0 1 1 1 1 0 1 1 0 1 0 0 1 0 1 0 0 0 1 1 0 1 1 1 0 0 0 0 1 0 1 1 1 1 1 0 1 1 0 1 0 1 1 1 1 0 0 1 0 1 1 1 1 1 1 1 1 1 1 1 1 0 1 0 1 0 0 1 0 0 0 1 1 1 0 0 1 0 1 1 1 1 1 1 1 1 1 0 1 0 1 1 0 0 0 1 0 1 1 0 1 1 0 1 0 1 1 1 1 1 1 1 0 1 0 1 1 1 1 0 1 1 1 0 0 0 1 1 1 0 1 1 1 0 0 1 1 0 1 0 0 1 0 1 1 1 1 1 0 0 1 0 1 1 1 1 1 1 0 1 1 0 0 1 0 0 0 0 0 0 0 0 0 0 1 1 0 0 0 1 1 1 0 1 1 0 1 0 0 1 1 1 1 1 1 1 1 0 1 1 
0 1 1 0 1 0 1 0 0 1 0 0 1 1 1 1 1 0 1 1 0 1 1 1 1 1 0 0 0 0 1 1 0 1 0 1 1 0 1 0 0 1 0 1 0 0 0 1 1 0 1 1 1 0 0 0 0 1 0 1 1 1 1 1 0 0 1 0 1 0 1 1 1 1 0 0 1 1 1 1 1 1 1 1 1 1 1 1 1 1 0 1 0 1 0 0 1 0 0 0 1 1 1 0 0 1 0 1 1 1 1 1 1 1 1 0 0 1 0 1 1 0 0 0 1 0 1 1 0 1 1 1 1 0 1 1 1 1 1 1 1 0 1 0 1 1 1 1 0 1 1 1 0 0 0 1 1 1 1 0 1 1 1 0 1 1 0 1 0 0 1 0 1 1 1 1 1 1 0 1 0 1 1 1 1 1 1 0 1 1 0 0 1 0 0 0 0 0 0 0 0 0 0 1 1 0 0 0 1 1 1 0 1 1 0 1 0 0 1 1 1 1 1 1 1 1 0 1 1 
0 1 1 0 1 0 1 0 0 1 0 0 1 1 1 1 1 1 0 1 1 1 0 1 1 1 1 0 0 1 1 1 0 1 0 1 1 0 1 0 0 1 0 1 0 0 0 1 1 0 1 1 1 1 0 0 0 1 0 1 1 1 1 1 0 0 1 1 1 0 1 1 1 1 0 0 1 0 1 1 1 1 1 1 1 1 1 1 1 1 0 1 0 1 0 0 1 0 0 0 1 1 1 0 0 1 0 1 1 1 1 1 1 1 1 0 0 1 0 1 1 0 0 0 1 0 1 1 0 1 1 0 1 0 1 1 1 1 1 1 1 0 1 0 1 1 1 1 0 1 1 1 0 0 0 1 1 1 0 0 1 1 0 0 1 1 0 1 0 0 1 0 1 1 1 1 1 1 0 1 0 1 1 1 1 1 1 0 1 1 0 0 1 0 0 0 0 0 0 0 0 0 0 1 1 0 0 0 1 1 1 0 1 1 0 1 0 0 1 1 1 1 1 1 1 1 0 1 1 
0 1 1 1 1 1 1 0 0 1 1 0 1 1 1 1 1 1 0 1 1 1 0 1 1 1 1 1 0 1 1 1 0 1 0 1 1 1 1 0 0 1 0 1 0 0 0 1 1 0 1 0 1 0 1 0 0 1 0 1 1 1 1 1 0 0 1 0 1 0 1 1 1 1 0 1 1 0 1 1 1 1 1 1 1 1 1 1 1 1 0 1 0 1 0 0 1 0 0 0 1 1 1 0 0 1 0 1 1 1 1 1 1 1 1 0 0 1 0 1 1 0 0 0 1 0 1 1 0 1 1 0 1 0 1 1 1 1 1 1 1 0 1 0 1 1 1 1 0 1 1 1 0 0 0 1 1 1 0 0 1 1 0 0 1 1 0 1 0 0 1 0 1 1 1 1 1 1 0 1 0 1 1 1 1 1 1 0 1 1 1 0 1 0 0 0 0 0 0 0 0 0 0 1 1 0 0 0 1 1 1 0 1 1 0 1 0 0 1 1 1 1 1 1 1 1 0 1 1 
0 1 1 0 1 0 1 0 0 1 1 0 1 1 1 1 1 1 0 1 1 1 1 1 1 1 1 1 1 1 1 1 0 1 0 1 1 0 1 0 0 1 0 1 0 0 0 1 1 0 1 0 1 0 0 1 0 1 0 1 1 1 1 1 0 0 1 0 1 1 1 1 1 1 0 1 1 0 1 1 1 1 1 1 1 1 1 1 1 1 0 1 0 1 0 0 1 0 0 0 1 1 1 0 0 1 0 1 1 1 1 1 1 1 1 0 0 1 0 1 1 0 0 0 1 0 1 1 0 1 1 0 1 0 1 1 1 1 1 1 1 0 1 0 1 1 1 1 0 1 1 1 0 0 0 1 1 1 0 1 1 1 0 0 1 1 0 1 0 0 1 0 1 1 1 1 1 1 0 1 0 1 1 1 1 1 1 0 1 1 1 0 1 0 0 0 0 0 0 0 0 0 0 1 1 0 0 0 1 1 1 0 1 1 0 1 0 0 1 1 1 1 1 1 1 1 0 1 1 
0 1 1 0 1 0 1 1 0 1 1 0 1 1 1 1 1 1 0 1 1 1 1 1 1 1 1 1 1 1 1 1 0 1 0 1 1 0 1 1 0 1 0 1 0 0 0 1 1 0 1 0 1 0 0 0 1 1 0 1 1 1 1 1 0 0 1 0 1 1 1 1 1 1 0 1 1 0 1 1 1 1 1 1 1 1 1 1 1 1 0 1 0 1 0 0 1 0 0 0 1 1 1 0 0 1 0 1 1 1 1 1 1 1 1 0 0 1 0 1 1 0 0 0 1 0 1 1 0 1 1 0 1 0 1 1 1 1 1 1 1 0 1 0 1 1 1 1 0 1 1 1 0 0 0 1 1 1 1 0 1 1 0 0 1 1 0 1 0 0 1 0 1 1 1 1 1 1 0 1 0 1 1 1 1 1 1 0 1 1 1 0 1 0 0 0 0 0 0 0 1 0 0 1 1 0 0 0 1 1 1 0 1 1 0 1 0 0 1 1 1 1 1 1 1 1 0 1 1 
1 1 1 0 1 0 1 0 1 1 1 0 1 1 1 1 1 1 0 1 1 1 1 1 1 1 1 1 1 1 1 1 0 1 0 1 1 0 1 1 1 1 0 1 0 0 0 1 1 0 1 0 1 0 0 0 1 1 0 1 1 1 1 1 0 0 1 0 1 1 1 1 1 1 0 1 1 0 1 1 1 1 1 1 1 1 1 1 1 1 0 1 0 1 0 0 1 0 0 0 1 1 1 0 0 1 0 1 1 1 1 1 1 1 1 0 0 1 0 1 1 0 0 0 1 0 1 1 0 1 1 0 1 0 1 1 1 1 1 1 1 0 1 0 1 1 1 1 0 1 1 1 0 0 0 1 1 1 0 0 1 1 0 0 1 1 0 1 0 0 1 0 1 1 1 1 1 1 0 1 0 1 1 1 1 1 1 0 1 1 1 0 1 0 0 0 0 0 0 0 0 0 0 1 1 0 0 0 1 1 1 0 1 1 1 1 0 0 1 1 1 1 1 1 1 1 0 1 1 
1 1 1 0 1 0 1 0 0 1 1 0 1 1 1 1 1 1 0 1 1 1 1 1 1 1 1 1 1 1 1 1 0 1 0 1 1 0 1 1 1 1 0 1 0 0 0 1 1 0 1 0 1 0 0 0 1 1 0 1 1 1 1 1 0 0 1 0 1 1 1 1 1 1 0 1 1 0 1 1 1 1 1 1 1 1 1 1 1 1 0 1 0 1 0 0 1 0 0 0 1 1 1 0 0 1 0 1 1 1 1 1 1 1 1 0 0 1 0 1 1 0 0 0 1 0 1 1 0 1 1 0 1 0 1 1 1 1 1 1 1 0 1 0 1 1 1 1 0 1 1 1 0 0 0 1 1 1 0 0 1 1 0 0 1 1 0 1 0 0 1 0 1 1 1 1 1 1 0 1 0 1 1 1 1 1 1 0 1 1 1 0 1 0 0 0 0 0 0 0 0 0 0 1 1 0 0 0 1 1 1 0 1 1 1 1 0 0 1 1 1 1 1 1 1 1 0 1 1 
1 1 1 0 1 0 1 0 0 1 1 0 1 1 1 1 1 1 0 1 1 1 1 1 1 1 1 1 1 1 1 1 0 1 0 1 1 0 1 1 1 1 0 1 0 0 0 1 1 0 1 0 1 0 0 0 1 1 0 1 1 1 1 1 0 0 1 0 1 1 1 1 1 1 0 1 1 0 1 1 1 1 1 1 1 1 1 1 1 1 0 1 0 1 0 0 1 0 0 0 1 1 1 0 0 1 0 1 1 1 1 1 1 1 1 0 0 1 0 1 1 0 0 0 1 0 1 1 0 1 1 0 1 0 1 1 1 1 1 1 1 0 1 0 1 1 1 1 0 1 1 1 0 0 0 1 1 1 0 0 1 1 0 0 1 1 0 1 0 0 1 0 1 1 1 1 1 1 0 1 0 1 1 1 1 1 1 0 1 1 1 0 1 0 0 0 0 0 0 0 0 0 0 1 1 0 0 0 1 1 1 0 1 1 1 1 0 0 1 1 1 1 1 1 1 1 0 1 1 
1 1 1 0 1 0 1 0 0 1 1 1 1 1 1 1 1 1 0 1 1 1 1 1 1 1 1 1 1 1 1 1 0 1 0 1 1 0 1 1 1 1 0 1 0 0 0 1 1 0 1 0 1 0 0 0 1 1 0 1 1 1 1 1 0 0 1 0 1 1 1 1 1 1 0 1 1 0 1 1 1 1 1 1 1 1 1 1 1 1 0 1 0 1 0 0 1 0 0 0 1 1 1 0 0 1 0 1 1 1 1 1 1 1 1 0 0 1 0 1 1 0 0 0 1 0 1 1 0 1 1 0 1 0 1 1 1 1 1 1 1 0 1 0 1 1 1 1 0 1 1 1 0 0 0 1 1 1 0 0 1 1 0 0 1 1 0 1 0 0 1 0 1 1 1 1 1 1 0 1 0 1 1 1 1 1 1 0 1 1 1 0 1 0 0 0 0 0 0 0 1 0 0 1 1 0 0 0 1 1 1 0 1 1 1 1 0 0 1 1 1 1 1 1 1 1 0 1 1 

** Open/close/exp size (steps): 1/1/1 (2)
** Open/close/exp size (steps): 8/4/8 (5)
** Open/close/exp size (steps): 16/8/16 (9)
** Open/close/exp size (steps): 14/13/14 (14)
** Open/close/exp size (steps): 20/19/20 (20)
** Open/close/exp size (steps): 19/27/19 (28)
** Open/close/exp size (steps): 15/37/15 (38)
** Open/close/exp size (steps): 3/49/3 (50)
Unable to resolve collision between groups 0 and 1.
Merging groups 0 and 1.
Searching solution for merged group 0+1.
Open/close/exp size (steps): 729/698/729 (7902)
Open/close/exp size (steps): 2020/2293/2020 (9497)
Open/close/exp size (steps): 3539/4207/3539 (11411)
Open/close/exp size (steps): 5408/6504/5408 (13708)
Open/close/exp size (steps): 4527/9261/4527 (16465)
Open/close/exp size (steps): 4202/12570/4202 (19774)
Open/close/exp size (steps): 5957/16terminate called after throwing an instance of 'std::bad_alloc'
  what():  std::bad_alloc
541/5957 (23745)
Open/close/exp size (steps): 9962/21307/9962 (28511)
Open/close/exp size (steps): 9019/27027/9019 (34231)
Open/close/exp size (steps): 9301/33891/9301 (41095)
Open/close/exp size (steps): 10881/42128/10881 (49332)
Open/close/exp size (steps): 16158/52013/16158 (59217)
Open/close/exp size (steps): 13756/63875/13756 (71079)
Open/close/exp size (steps): 14576/78110/14576 (85314)
Open/close/exp size (steps): 19345/95192/19345 (102396)
Open/close/exp size (steps): 17756/115691/17756 (122895)
Open/close/exp size (steps): 18463/140290/18463 (147494)
Open/close/exp size (steps): 28193/169809/28193 (177013)
Open/close/exp size (steps): 22560/205232/22560 (212436)
Open/close/exp size (steps): 32447/247740/32447 (254944)
Open/close/exp size (steps): 24865/298750/24865 (305954)
Open/close/exp size (steps): 28319/359962/28319 (367166)
Aborted (core dumped)
