================================================================
reLOC 0.13-odaiba : Multirobot Solver
(C) Copyright 2016 Pavel Surynek
----------------------------------------------------------------
Reading graph...
Reading graph... FINISHED
Reading initial arrangement...
Reading initial arrangement... FINISHED.
Reading goal arrangement...
Reading goal arrangement... FINISHED.
Building instance...
Building instance... FINISHED.
Open/close/exp size (steps): 4/1/4 (2)
Open/close/exp size (steps): 13/4/13 (5)
Open/close/exp size (steps): 22/8/22 (9)
Open/close/exp size (steps): 3/1/3 (14)
Open/close/exp size (steps): 16/5/16 (20)
Open/close/exp size (steps): 1/0/1 (28)
Open/close/exp size (steps): 1/0/1 (38)
Open/close/exp size (steps): 18/8/18 (50)
Open/close/exp size (steps): 37/14/37 (65)
Open/close/exp size (steps): 27/10/27 (83)
Open/close/exp size (steps): 30/11/30 (105)
Open/close/exp size (steps): 9/3/9 (132)
Open/close/exp size (steps): 27/11/27 (165)
Open/close/exp size (steps): 23/7/23 (205)
0 0 0 0 0 0 0 0 0 0 0 0 0 0 0 0 0 0 0 0 0 0 0 0 0 0 0 0 0 0 0 0 0 1 0 0 0 0 0 0 0 0 0 0 0 0 0 0 
0 0 0 0 0 0 0 0 0 0 0 0 0 0 0 0 0 0 0 0 0 0 0 0 0 0 0 1 0 0 0 0 0 0 0 0 0 0 0 0 0 0 0 0 0 0 0 0 
0 0 0 0 0 0 0 0 0 0 0 0 0 0 0 0 0 0 0 1 0 0 0 0 0 0 0 0 0 0 0 0 0 0 0 0 0 0 0 0 0 0 0 0 0 0 0 0 
0 0 0 0 0 0 0 0 0 0 0 0 0 0 0 0 0 0 1 0 0 0 0 0 0 0 0 0 0 0 0 0 0 0 0 0 0 0 0 0 0 0 0 0 0 0 0 0 
0 0 0 0 0 0 0 0 0 0 0 0 0 1 0 0 0 0 0 0 0 0 0 0 0 0 0 0 0 0 0 0 0 0 0 0 0 0 0 0 0 0 0 0 0 0 0 0 
0 0 0 0 0 0 0 0 0 0 0 0 1 0 0 0 0 0 0 0 0 0 0 0 0 0 0 0 0 0 0 0 0 0 0 0 0 0 0 0 0 0 0 0 0 0 0 0 

0 0 0 0 0 0 0 0 0 0 0 0 0 0 0 0 0 0 0 0 0 0 0 0 0 0 0 0 0 0 0 0 0 1 0 0 0 0 0 0 0 0 0 0 0 0 0 0 
0 0 0 0 0 0 0 0 0 0 0 0 0 0 0 0 0 0 0 0 0 0 0 0 0 0 0 1 0 0 0 0 0 0 0 0 0 0 0 0 0 0 0 0 0 0 0 0 
0 0 0 0 0 0 0 0 0 0 0 0 0 0 0 0 0 0 0 1 0 0 0 0 0 0 0 0 0 0 0 0 0 0 0 0 0 0 0 0 0 0 0 0 0 0 0 0 
0 0 0 0 0 0 0 0 0 0 0 0 0 0 0 0 0 0 1 0 0 0 0 0 0 0 0 0 0 0 0 0 0 0 0 0 0 0 0 0 0 0 0 0 0 0 0 0 
0 0 0 0 0 0 0 0 0 0 0 0 0 1 0 0 0 0 0 0 0 0 0 0 0 0 0 0 0 0 0 0 0 0 0 0 0 0 0 0 0 0 0 0 0 0 0 0 
0 0 0 0 0 0 0 0 0 0 0 0 1 0 0 0 0 0 0 0 0 0 0 0 0 0 0 0 0 0 0 0 0 0 0 0 0 0 0 0 0 0 0 0 0 0 0 0 
0 0 0 0 0 0 0 0 0 0 0 0 1 0 0 0 0 0 0 0 0 0 0 0 0 0 0 0 0 0 0 0 0 0 0 0 0 0 0 0 0 0 0 0 0 0 0 0 

Groups 0 and 2 collide.
Solution of group 0
Mulirobot solution: (|moves| = 5, paralellism = 1.000) [
    Step 0: 1#33->27 
    Step 1: 1#27->19 
    Step 2: 1#19->18 
    Step 3: 1#18->13 
    Step 4: 1#13->12 
]
Solution of group 2
Mulirobot solution: (|moves| = 6, paralellism = 1.000) [
    Step 0: 1#38->33 
    Step 1: 1#33->27 
    Step 2: 1#27->19 
    Step 3: 1#19->20 
    Step 4: 1#20->21 
    Step 5: 1#21->22 
]
Occupation table complementary for group 0
0 1 1 0 1 0 1 0 0 1 1 0 1 1 1 1 1 0 1 1 0 0 0 0 0 0 0 0 0 0 0 1 0 0 1 1 1 1 1 1 0 1 1 1 0 0 0 1 
0 1 0 1 0 0 0 1 0 1 0 1 0 1 1 1 0 0 1 0 0 0 0 0 0 1 1 0 1 0 1 0 0 1 1 0 0 0 1 0 1 1 1 1 1 0 0 0 
0 0 0 0 1 0 0 1 1 1 0 0 1 0 1 1 0 1 0 1 0 0 0 1 0 0 0 1 1 0 0 0 1 0 1 0 0 0 1 0 1 0 0 1 1 1 0 0 
0 0 0 0 1 0 0 1 1 0 0 0 1 1 0 1 0 1 0 1 1 1 0 0 1 1 0 0 1 0 0 0 0 1 0 0 0 0 1 1 0 0 0 0 1 1 0 0 
0 0 1 0 1 0 0 1 1 0 0 1 0 1 0 1 0 0 1 1 1 1 0 0 1 1 0 0 1 0 0 0 0 0 0 0 0 0 1 1 0 0 0 0 0 1 0 0 
0 1 0 0 1 0 1 1 1 0 0 0 1 0 0 1 0 0 0 1 0 1 0 1 0 1 1 1 1 0 0 1 0 1 0 0 0 0 1 1 1 0 0 0 0 1 0 0 
1 0 0 0 1 1 0 1 1 0 0 1 0 0 0 1 0 0 0 1 0 1 1 0 0 1 1 1 1 0 1 0 1 1 1 0 0 0 1 1 1 0 0 0 1 0 0 0 
1 0 0 0 1 1 0 1 1 0 1 0 0 0 0 1 0 0 0 1 0 1 1 0 0 1 1 0 1 0 1 0 0 1 1 1 0 0 1 1 0 0 0 1 0 0 1 0 
1 0 0 0 1 1 0 1 1 0 1 0 0 0 0 1 0 0 0 1 1 1 1 0 0 1 1 0 1 0 1 0 0 1 1 1 0 0 1 1 0 0 1 0 0 1 0 1 
1 0 0 0 1 1 0 1 1 0 1 0 0 0 1 1 0 0 0 1 0 1 1 0 0 1 1 0 1 0 1 0 0 1 1 1 0 0 1 1 0 0 1 0 1 1 0 1 
1 0 0 0 1 1 0 1 1 0 1 0 0 0 0 1 0 0 0 1 0 1 1 0 0 1 1 0 1 0 1 0 0 1 1 1 0 0 1 1 0 0 1 1 1 0 0 1 
1 0 0 0 1 1 0 1 1 0 1 0 0 0 0 1 1 0 0 1 0 1 1 0 0 1 1 0 1 0 1 0 0 1 1 1 0 0 1 1 0 0 1 1 1 0 0 1 

Occupation table complementary for group 2
0 1 1 0 1 0 1 0 0 1 1 0 1 1 1 1 1 0 1 1 0 0 0 0 0 0 0 0 0 0 0 1 0 1 1 1 1 1 0 1 0 1 1 1 0 0 0 1 
0 1 0 1 0 0 0 1 0 1 0 1 0 1 1 1 0 0 1 0 0 0 0 0 0 1 1 1 1 0 1 0 0 0 1 0 0 0 1 0 1 1 1 1 1 0 0 0 
0 0 0 0 1 0 0 1 1 1 0 0 1 0 1 1 0 1 0 1 0 0 0 1 0 0 0 0 1 0 0 0 1 0 1 0 0 0 1 0 1 0 0 1 1 1 0 0 
0 0 0 0 1 0 0 1 1 0 0 0 1 1 0 1 0 1 1 0 1 1 0 0 1 1 0 0 1 0 0 0 0 1 0 0 0 0 1 1 0 0 0 0 1 1 0 0 
0 0 1 0 1 0 0 1 1 0 0 1 0 1 0 1 0 0 1 1 1 1 0 0 1 1 0 0 1 0 0 0 0 0 0 0 0 0 1 1 0 0 0 0 0 1 0 0 
0 1 0 0 1 0 1 1 1 0 0 0 1 0 0 1 0 0 0 1 0 1 0 1 0 1 1 1 1 0 0 1 0 1 0 0 0 0 1 1 1 0 0 0 0 1 0 0 
1 0 0 0 1 1 0 1 1 0 0 1 1 0 0 1 0 0 0 1 0 1 0 0 0 1 1 1 1 0 1 0 1 1 1 0 0 0 1 1 1 0 0 0 1 0 0 0 
1 0 0 0 1 1 0 1 1 0 1 0 1 0 0 1 0 0 0 1 0 1 0 0 0 1 1 0 1 0 1 0 0 1 1 1 0 0 1 1 0 0 0 1 0 0 1 0 
1 0 0 0 1 1 0 1 1 0 1 0 1 0 0 1 0 0 0 1 1 1 0 0 0 1 1 0 1 0 1 0 0 1 1 1 0 0 1 1 0 0 1 0 0 1 0 1 
1 0 0 0 1 1 0 1 1 0 1 0 1 0 1 1 0 0 0 1 0 1 0 0 0 1 1 0 1 0 1 0 0 1 1 1 0 0 1 1 0 0 1 0 1 1 0 1 
1 0 0 0 1 1 0 1 1 0 1 0 1 0 0 1 0 0 0 1 0 1 0 0 0 1 1 0 1 0 1 0 0 1 1 1 0 0 1 1 0 0 1 1 1 0 0 1 
1 0 0 0 1 1 0 1 1 0 1 0 1 0 0 1 1 0 0 1 0 1 0 0 0 1 1 0 1 0 1 0 0 1 1 1 0 0 1 1 0 0 1 1 1 0 0 1 

Unable to resolve collision between groups 0 and 2.
Merging groups 0 and 2.
Searching solution for merged group 0+2.
Open/close/exp size (steps): 53/21/53 (253)
Open/close/exp size (steps): 133/79/133 (311)
Open/close/exp size (steps): 195/149/195 (381)
Open/close/exp size (steps): 309/233/309 (465)
Open/close/exp size (steps): 304/334/304 (566)
Open/close/exp size (steps): 394/456/394 (688)
Open/close/exp size (steps): 582/603/582 (835)
0 0 0 0 0 0 0 0 0 0 0 0 0 0 0 0 0 0 0 0 0 0 0 0 0 0 0 0 0 0 0 0 0 1 0 0 0 0 2 0 0 0 0 0 0 0 0 0 
0 0 0 0 0 0 0 0 0 0 0 0 0 0 0 0 0 0 0 0 0 0 0 0 0 0 0 1 0 0 0 0 0 0 0 0 0 0 0 2 0 0 0 0 0 0 0 0 
0 0 0 0 0 0 0 0 0 0 0 0 0 0 0 0 0 0 0 1 0 0 0 0 0 0 0 0 0 0 0 0 0 0 0 0 0 0 0 0 2 0 0 0 0 0 0 0 
0 0 0 0 0 0 0 0 0 0 0 0 0 0 0 0 0 0 1 0 0 0 0 0 0 0 0 0 0 0 0 0 0 0 2 0 0 0 0 0 0 0 0 0 0 0 0 0 
0 0 0 0 0 0 0 0 0 0 0 0 0 1 0 0 0 0 0 0 0 0 0 0 0 0 0 0 2 0 0 0 0 0 0 0 0 0 0 0 0 0 0 0 0 0 0 0 
0 0 0 0 0 0 0 0 0 0 0 0 1 0 0 0 0 0 0 0 0 2 0 0 0 0 0 0 0 0 0 0 0 0 0 0 0 0 0 0 0 0 0 0 0 0 0 0 
0 0 0 0 0 0 0 0 0 0 0 0 1 0 0 0 0 0 0 0 0 0 2 0 0 0 0 0 0 0 0 0 0 0 0 0 0 0 0 0 0 0 0 0 0 0 0 0 

0 0 0 0 0 0 0 0 0 0 0 0 0 0 0 0 0 0 0 0 0 0 0 0 0 0 0 0 0 0 0 0 0 1 0 0 0 0 2 0 0 0 0 0 0 0 0 0 
0 0 0 0 0 0 0 0 0 0 0 0 0 0 0 0 0 0 0 0 0 0 0 0 0 0 0 1 0 0 0 0 0 0 0 0 0 0 0 2 0 0 0 0 0 0 0 0 
0 0 0 0 0 0 0 0 0 0 0 0 0 0 0 0 0 0 0 1 0 0 0 0 0 0 0 0 0 0 0 0 0 0 0 0 0 0 0 0 2 0 0 0 0 0 0 0 
0 0 0 0 0 0 0 0 0 0 0 0 0 0 0 0 0 0 1 0 0 0 0 0 0 0 0 0 0 0 0 0 0 0 2 0 0 0 0 0 0 0 0 0 0 0 0 0 
0 0 0 0 0 0 0 0 0 0 0 0 0 1 0 0 0 0 0 0 0 0 0 0 0 0 0 0 2 0 0 0 0 0 0 0 0 0 0 0 0 0 0 0 0 0 0 0 
0 0 0 0 0 0 0 0 0 0 0 0 1 0 0 0 0 0 0 0 0 2 0 0 0 0 0 0 0 0 0 0 0 0 0 0 0 0 0 0 0 0 0 0 0 0 0 0 
0 0 0 0 0 0 0 0 0 0 0 0 1 0 0 0 0 0 0 0 0 0 2 0 0 0 0 0 0 0 0 0 0 0 0 0 0 0 0 0 0 0 0 0 0 0 0 0 

0 0 0 0 0 0 0 0 0 0 0 0 0 0 0 0 0 0 0 0 0 0 0 0 0 0 0 0 0 0 0 0 0 1 0 0 0 0 2 0 0 0 0 0 0 0 0 0 
0 0 0 0 0 0 0 0 0 0 0 0 0 0 0 0 0 0 0 0 0 0 0 0 0 0 0 1 0 0 0 0 0 0 0 0 0 0 0 2 0 0 0 0 0 0 0 0 
0 0 0 0 0 0 0 0 0 0 0 0 0 0 0 0 0 0 0 1 0 0 0 0 0 0 0 0 0 0 0 0 0 0 0 0 0 0 0 0 2 0 0 0 0 0 0 0 
0 0 0 0 0 0 0 0 0 0 0 0 0 0 0 0 0 0 1 0 0 0 0 0 0 0 0 0 0 0 0 0 0 0 2 0 0 0 0 0 0 0 0 0 0 0 0 0 
0 0 0 0 0 0 0 0 0 0 0 0 0 1 0 0 0 0 0 0 0 0 0 0 0 0 0 0 2 0 0 0 0 0 0 0 0 0 0 0 0 0 0 0 0 0 0 0 
0 0 0 0 0 0 0 0 0 0 0 0 1 0 0 0 0 0 0 0 0 2 0 0 0 0 0 0 0 0 0 0 0 0 0 0 0 0 0 0 0 0 0 0 0 0 0 0 
0 0 0 0 0 0 0 0 0 0 0 0 1 0 0 0 0 0 0 0 0 0 2 0 0 0 0 0 0 0 0 0 0 0 0 0 0 0 0 0 0 0 0 0 0 0 0 0 

0 0 0 0 0 0 0 0 0 0 0 0 0 0 0 0 0 0 0 0 0 0 0 0 0 0 0 0 0 0 0 0 0 1 0 0 0 0 2 0 0 0 0 0 0 0 0 0 
0 0 0 0 0 0 0 0 0 0 0 0 0 0 0 0 0 0 0 0 0 0 0 0 0 0 0 1 0 0 0 0 0 0 0 0 0 0 0 2 0 0 0 0 0 0 0 0 
0 0 0 0 0 0 0 0 0 0 0 0 0 0 0 0 0 0 0 1 0 0 0 0 0 0 0 0 0 0 0 0 0 0 0 0 0 0 0 0 2 0 0 0 0 0 0 0 
0 0 0 0 0 0 0 0 0 0 0 0 0 0 0 0 0 0 1 0 0 0 0 0 0 0 0 0 0 0 0 0 0 0 2 0 0 0 0 0 0 0 0 0 0 0 0 0 
0 0 0 0 0 0 0 0 0 0 0 0 0 1 0 0 0 0 0 0 0 0 0 0 0 0 0 0 2 0 0 0 0 0 0 0 0 0 0 0 0 0 0 0 0 0 0 0 
0 0 0 0 0 0 0 0 0 0 0 0 1 0 0 0 0 0 0 0 0 2 0 0 0 0 0 0 0 0 0 0 0 0 0 0 0 0 0 0 0 0 0 0 0 0 0 0 
0 0 0 0 0 0 0 0 0 0 0 0 1 0 0 0 0 0 0 0 0 0 2 0 0 0 0 0 0 0 0 0 0 0 0 0 0 0 0 0 0 0 0 0 0 0 0 0 

0 0 0 0 0 0 0 0 0 0 0 0 0 0 0 0 0 0 0 0 0 0 0 0 0 0 0 0 0 0 0 0 0 1 0 0 0 0 2 0 0 0 0 0 0 0 0 0 
0 0 0 0 0 0 0 0 0 0 0 0 0 0 0 0 0 0 0 0 0 0 0 0 0 0 0 1 0 0 0 0 0 0 0 0 0 0 0 2 0 0 0 0 0 0 0 0 
0 0 0 0 0 0 0 0 0 0 0 0 0 0 0 0 0 0 0 1 0 0 0 0 0 0 0 0 0 0 0 0 0 0 0 0 0 0 0 0 2 0 0 0 0 0 0 0 
0 0 0 0 0 0 0 0 0 0 0 0 0 0 0 0 0 0 1 0 0 0 0 0 0 0 0 0 0 0 0 0 0 0 2 0 0 0 0 0 0 0 0 0 0 0 0 0 
0 0 0 0 0 0 0 0 0 0 0 0 0 1 0 0 0 0 0 0 0 0 0 0 0 0 0 0 2 0 0 0 0 0 0 0 0 0 0 0 0 0 0 0 0 0 0 0 
0 0 0 0 0 0 0 0 0 0 0 0 1 0 0 0 0 0 0 0 0 2 0 0 0 0 0 0 0 0 0 0 0 0 0 0 0 0 0 0 0 0 0 0 0 0 0 0 
0 0 0 0 0 0 0 0 0 0 0 0 1 0 0 0 0 0 0 0 0 0 2 0 0 0 0 0 0 0 0 0 0 0 0 0 0 0 0 0 0 0 0 0 0 0 0 0 

0 0 0 0 0 0 0 0 0 0 0 0 0 0 0 0 0 0 0 0 0 0 0 0 0 0 0 0 0 0 0 0 0 1 0 0 0 0 2 0 0 0 0 0 0 0 0 0 
0 0 0 0 0 0 0 0 0 0 0 0 0 0 0 0 0 0 0 0 0 0 0 0 0 0 0 1 0 0 0 0 0 0 0 0 0 0 0 2 0 0 0 0 0 0 0 0 
0 0 0 0 0 0 0 0 0 0 0 0 0 0 0 0 0 0 0 1 0 0 0 0 0 0 0 0 0 0 0 0 0 0 0 0 0 0 0 0 2 0 0 0 0 0 0 0 
0 0 0 0 0 0 0 0 0 0 0 0 0 0 0 0 0 0 1 0 0 0 0 0 0 0 0 0 0 0 0 0 0 0 2 0 0 0 0 0 0 0 0 0 0 0 0 0 
0 0 0 0 0 0 0 0 0 0 0 0 0 1 0 0 0 0 0 0 0 0 0 0 0 0 0 0 2 0 0 0 0 0 0 0 0 0 0 0 0 0 0 0 0 0 0 0 
0 0 0 0 0 0 0 0 0 0 0 0 1 0 0 0 0 0 0 0 0 2 0 0 0 0 0 0 0 0 0 0 0 0 0 0 0 0 0 0 0 0 0 0 0 0 0 0 
0 0 0 0 0 0 0 0 0 0 0 0 1 0 0 0 0 0 0 0 0 0 2 0 0 0 0 0 0 0 0 0 0 0 0 0 0 0 0 0 0 0 0 0 0 0 0 0 

0 0 0 0 0 0 0 0 0 0 0 0 0 0 0 0 0 0 0 0 0 0 0 0 0 0 0 0 0 0 0 0 0 1 0 0 0 0 2 0 0 0 0 0 0 0 0 0 
0 0 0 0 0 0 0 0 0 0 0 0 0 0 0 0 0 0 0 0 0 0 0 0 0 0 0 1 0 0 0 0 0 0 0 0 0 0 0 2 0 0 0 0 0 0 0 0 
0 0 0 0 0 0 0 0 0 0 0 0 0 0 0 0 0 0 0 1 0 0 0 0 0 0 0 0 0 0 0 0 0 0 0 0 0 0 0 0 2 0 0 0 0 0 0 0 
0 0 0 0 0 0 0 0 0 0 0 0 0 0 0 0 0 0 1 0 0 0 0 0 0 0 0 0 0 0 0 0 0 0 2 0 0 0 0 0 0 0 0 0 0 0 0 0 
0 0 0 0 0 0 0 0 0 0 0 0 0 1 0 0 0 0 0 0 0 0 0 0 0 0 0 0 2 0 0 0 0 0 0 0 0 0 0 0 0 0 0 0 0 0 0 0 
0 0 0 0 0 0 0 0 0 0 0 0 1 0 0 0 0 0 0 0 0 2 0 0 0 0 0 0 0 0 0 0 0 0 0 0 0 0 0 0 0 0 0 0 0 0 0 0 
0 0 0 0 0 0 0 0 0 0 0 0 1 0 0 0 0 0 0 0 0 0 2 0 0 0 0 0 0 0 0 0 0 0 0 0 0 0 0 0 0 0 0 0 0 0 0 0 
0 0 0 0 0 0 0 0 0 0 0 0 1 0 0 0 0 0 0 0 0 0 2 0 0 0 0 0 0 0 0 0 0 0 0 0 0 0 0 0 0 0 0 0 0 0 0 0 
0 0 0 0 0 0 0 0 0 0 0 0 1 0 0 0 0 0 0 0 0 0 2 0 0 0 0 0 0 0 0 0 0 0 0 0 0 0 0 0 0 0 0 0 0 0 0 0 

0 0 0 0 0 0 0 0 0 0 0 0 0 0 0 0 0 0 0 0 0 0 0 0 0 0 0 0 0 0 0 0 0 1 0 0 0 0 2 0 0 0 0 0 0 0 0 0 
0 0 0 0 0 0 0 0 0 0 0 0 0 0 0 0 0 0 0 0 0 0 0 0 0 0 0 1 0 0 0 0 0 0 0 0 0 0 0 2 0 0 0 0 0 0 0 0 
0 0 0 0 0 0 0 0 0 0 0 0 0 0 0 0 0 0 0 1 0 0 0 0 0 0 0 0 0 0 0 0 0 0 0 0 0 0 0 0 2 0 0 0 0 0 0 0 
0 0 0 0 0 0 0 0 0 0 0 0 0 0 0 0 0 0 1 0 0 0 0 0 0 0 0 0 0 0 0 0 0 0 2 0 0 0 0 0 0 0 0 0 0 0 0 0 
0 0 0 0 0 0 0 0 0 0 0 0 0 1 0 0 0 0 0 0 0 0 0 0 0 0 0 0 2 0 0 0 0 0 0 0 0 0 0 0 0 0 0 0 0 0 0 0 
0 0 0 0 0 0 0 0 0 0 0 0 1 0 0 0 0 0 0 0 0 2 0 0 0 0 0 0 0 0 0 0 0 0 0 0 0 0 0 0 0 0 0 0 0 0 0 0 
0 0 0 0 0 0 0 0 0 0 0 0 1 0 0 0 0 0 0 0 0 0 2 0 0 0 0 0 0 0 0 0 0 0 0 0 0 0 0 0 0 0 0 0 0 0 0 0 
0 0 0 0 0 0 0 0 0 0 0 0 1 0 0 0 0 0 0 0 0 0 2 0 0 0 0 0 0 0 0 0 0 0 0 0 0 0 0 0 0 0 0 0 0 0 0 0 

Groups 0 and 8 collide.
Solution of group 0
Mulirobot solution: (|moves| = 11, paralellism = 1.833) [
    Step 0: 1#33->27 2#38->39 
    Step 1: 1#27->19 2#39->40 
    Step 2: 1#19->18 2#40->34 
    Step 3: 1#18->13 2#34->28 
    Step 4: 1#13->12 2#28->21 
    Step 5: 2#21->22 
]
Solution of group 8
Mulirobot solution: (|moves| = 7, paralellism = 1.000) [
    Step 0: 1#14->9 
    Step 1: 1#9->8 
    Step 2: 1#8->7 
    Step 3: 1#7->13 
    Step 4: 1#13->12 
    Step 5: 1#12->11 
    Step 6: 1#11->10 
]
Occupation table complementary for group 0
0 1 1 0 1 0 1 0 0 1 1 0 1 1 1 1 1 0 1 1 0 0 0 0 0 0 0 0 0 0 0 1 0 0 1 1 1 1 0 1 0 1 1 1 0 0 0 1 
0 1 0 1 0 0 0 1 0 1 0 1 0 1 1 1 0 0 1 0 0 0 0 0 0 1 1 0 1 0 1 0 0 0 1 0 0 0 1 0 1 1 1 1 1 0 0 0 
0 0 0 0 1 0 0 1 1 1 0 0 1 0 1 1 0 1 0 1 0 0 0 1 0 0 0 0 1 0 0 0 1 0 1 0 0 0 1 0 1 0 0 1 1 1 0 0 
0 0 0 0 1 0 0 1 1 0 0 0 1 1 0 1 0 1 0 0 1 1 0 0 1 1 0 0 1 0 0 0 0 1 0 0 0 0 1 1 0 0 0 0 1 1 0 0 
0 0 1 0 1 0 0 1 1 0 0 1 0 1 0 1 0 0 1 1 1 1 0 0 1 1 0 0 1 0 0 0 0 0 0 0 0 0 1 1 0 0 0 0 0 1 0 0 
0 1 0 0 1 0 1 1 1 0 0 0 1 0 0 1 0 0 0 1 0 1 0 1 0 1 1 1 1 0 0 1 0 1 0 0 0 0 1 1 1 0 0 0 0 1 0 0 
1 0 0 0 1 1 0 1 1 0 0 1 0 0 0 1 0 0 0 1 0 1 0 0 0 1 1 1 1 0 1 0 1 1 1 0 0 0 1 1 1 0 0 0 1 0 0 0 
1 0 0 0 1 1 0 1 1 0 1 0 0 0 0 1 0 0 0 1 0 1 0 0 0 1 1 0 1 0 1 0 0 1 1 1 0 0 1 1 0 0 0 1 0 0 1 0 
1 0 0 0 1 1 0 1 1 0 1 0 0 0 0 1 0 0 0 1 1 1 0 0 0 1 1 0 1 0 1 0 0 1 1 1 0 0 1 1 0 0 1 0 0 1 0 1 
1 0 0 0 1 1 0 1 1 0 1 0 0 0 1 1 0 0 0 1 0 1 0 0 0 1 1 0 1 0 1 0 0 1 1 1 0 0 1 1 0 0 1 0 1 1 0 1 
1 0 0 0 1 1 0 1 1 0 1 0 0 0 0 1 0 0 0 1 0 1 0 0 0 1 1 0 1 0 1 0 0 1 1 1 0 0 1 1 0 0 1 1 1 0 0 1 
1 0 0 0 1 1 0 1 1 0 1 0 0 0 0 1 1 0 0 1 0 1 0 0 0 1 1 0 1 0 1 0 0 1 1 1 0 0 1 1 0 0 1 1 1 0 0 1 

Occupation table complementary for group 8
0 1 1 0 1 0 1 0 0 1 1 0 1 1 0 1 1 0 1 1 0 0 0 0 0 0 0 0 0 0 0 1 0 1 1 1 1 1 2 1 0 1 1 1 0 0 0 1 
0 1 0 1 0 0 0 1 0 0 0 1 0 1 1 1 0 0 1 0 0 0 0 0 0 1 1 1 1 0 1 0 0 0 1 0 0 0 1 2 1 1 1 1 1 0 0 0 
0 0 0 0 1 0 0 1 0 1 0 0 1 0 1 1 0 1 0 1 0 0 0 1 0 0 0 0 1 0 0 0 1 0 1 0 0 0 1 0 1 0 0 1 1 1 0 0 
0 0 0 0 1 0 0 1 1 0 0 0 1 1 0 1 0 1 1 0 1 1 0 0 1 1 0 0 1 0 0 0 0 1 2 0 0 0 1 1 0 0 0 0 1 1 0 0 
0 0 1 0 1 0 0 1 1 0 0 1 0 1 0 1 0 0 1 1 1 1 0 0 1 1 0 0 1 0 0 0 0 0 0 0 0 0 1 1 0 0 0 0 0 1 0 0 
0 1 0 0 1 0 1 1 1 0 0 0 1 0 0 1 0 0 0 1 0 1 0 1 0 1 1 1 1 0 0 1 0 1 0 0 0 0 1 1 1 0 0 0 0 1 0 0 
1 0 0 0 1 1 0 1 1 0 0 0 1 0 0 1 0 0 0 1 0 1 2 0 0 1 1 1 1 0 1 0 1 1 1 0 0 0 1 1 1 0 0 0 1 0 0 0 
1 0 0 0 1 1 0 1 1 0 0 0 1 0 0 1 0 0 0 1 0 1 2 0 0 1 1 0 1 0 1 0 0 1 1 1 0 0 1 1 0 0 0 1 0 0 1 0 
1 0 0 0 1 1 0 1 1 0 0 0 1 0 0 1 0 0 0 1 1 1 2 0 0 1 1 0 1 0 1 0 0 1 1 1 0 0 1 1 0 0 1 0 0 1 0 1 
1 0 0 0 1 1 0 1 1 0 0 0 1 0 1 1 0 0 0 1 0 1 2 0 0 1 1 0 1 0 1 0 0 1 1 1 0 0 1 1 0 0 1 0 1 1 0 1 
1 0 0 0 1 1 0 1 1 0 0 0 1 0 0 1 0 0 0 1 0 1 2 0 0 1 1 0 1 0 1 0 0 1 1 1 0 0 1 1 0 0 1 1 1 0 0 1 
1 0 0 0 1 1 0 1 1 0 0 0 1 0 0 1 1 0 0 1 0 1 2 0 0 1 1 0 1 0 1 0 0 1 1 1 0 0 1 1 0 0 1 1 1 0 0 1 

Unable to resolve collision between groups 0 and 8.
Merging groups 0 and 8.
Searching solution for merged group 0+8.
Open/close/exp size (steps): 388/150/388 (1012)
Open/close/exp size (steps): 785/363/785 (1225)
Open/close/exp size (steps): 747/619/747 (1481)
Open/close/exp size (steps): 833/927/833 (1789)
Open/close/exp size (steps): 1901/1297/1901 (2159)
Open/close/exp size (steps): 3080/1741/3080 (2603)
Open/close/exp size (steps): 3040/2274/3040 (3136)
Open/close/exp size (steps): 2849/2914/2849 (3776)
Open/close/exp size (steps): 2617/3682/2617 (4544)
Open/close/exp size (steps): 2852/4604/2852 (5466)
Open/close/exp size (steps): 5812/5711/5812 (6573)
Open/close/exp size (steps): 8138/7040/8138 (7902)
Open/close/exp size (steps): 7408/8635/7408 (9497)
Open/close/exp size (steps): 6072/10549/6072 (11411)
Open/close/exp size (steps): 4462/12846/4462 (13708)
Open/close/exp size (steps): 11372/15603/11372 (16465)
Open/close/exp size (steps): 11646/18912/11646 (19774)
Open/close/exp size (steps): 8496/22883/8496 (23745)
Open/close/exp size (steps): 10658/27649/10658 (28511)
Open/close/exp size (steps): 26665/33369/26665 (34231)
Open/close/exp size (steps): 26653/40233/26653 (41095)
Open/close/exp size (steps): 20053/48470/20053 (49332)
Open/close/exp size (steps): 11975/58355/11975 (59217)
Open/close/exp size (steps): 28339/70217/28339 (71079)
Open/close/exp size (steps): 14104/84452/14104 (85314)
Open/close/exp size (steps): 26648/101534/26648 (102396)
Open/close/exp size (steps): 58035/122033/58035 (122895)
Open/close/exp size (steps): 95949/146632/95949 (147494)
Open/close/exp size (steps): 84326/176151/84326 (177013)
Open/close/exp size (steps): 68706/211574/68706 (212436)
0 0 0 0 0 0 0 0 0 0 0 0 0 0 3 0 0 0 0 0 0 0 0 0 0 0 0 0 0 0 0 0 0 1 0 0 0 0 2 0 0 0 0 0 0 0 0 0 
0 0 0 0 0 0 0 0 0 3 0 0 0 0 0 0 0 0 0 0 0 0 0 0 0 0 0 1 0 0 0 0 0 0 0 0 0 0 0 2 0 0 0 0 0 0 0 0 
0 0 0 0 0 0 0 0 3 0 0 0 0 0 0 0 0 0 0 1 0 0 0 0 0 0 0 0 0 0 0 0 0 0 0 0 0 0 0 0 2 0 0 0 0 0 0 0 
0 0 0 0 0 0 0 3 0 0 0 0 0 0 0 0 0 0 1 0 0 0 0 0 0 0 0 0 0 0 0 0 0 0 2 0 0 0 0 0 0 0 0 0 0 0 0 0 
0 0 0 0 0 0 0 0 0 0 0 0 0 3 0 0 0 1 0 0 0 0 0 0 0 0 0 0 2 0 0 0 0 0 0 0 terminate called after throwing an instance of 'std::bad_alloc'
  what():  std::bad_alloc
0 0 0 0 0 0 0 0 0 0 0 0 
0 0 0 0 0 0 0 0 0 0 0 0 3 0 0 0 0 1 0 0 0 2 0 0 0 0 0 0 0 0 0 0 0 0 0 0 0 0 0 0 0 0 0 0 0 0 0 0 
0 0 0 0 0 0 0 0 0 0 0 3 0 0 0 0 0 1 0 0 0 0 2 0 0 0 0 0 0 0 0 0 0 0 0 0 0 0 0 0 0 0 0 0 0 0 0 0 
0 0 0 0 0 0 0 0 0 0 3 0 1 0 0 0 0 0 0 0 0 0 2 0 0 0 0 0 0 0 0 0 0 0 0 0 0 0 0 0 0 0 0 0 0 0 0 0 

Groups 0 and 1 collide.
Solution of group 0
Mulirobot solution: (|moves| = 18, paralellism = 2.571) [
    Step 0: 1#33->27 2#38->39 3#14->9 
    Step 1: 1#27->19 2#39->40 3#9->8 
    Step 2: 1#19->18 2#40->34 3#8->7 
    Step 3: 1#18->17 2#34->28 3#7->13 
    Step 4: 2#28->21 3#13->12 
    Step 5: 2#21->22 3#12->11 
    Step 6: 1#17->12 3#11->10 
]
Solution of group 1
Mulirobot solution: (|moves| = 2, paralellism = 1.000) [
    Step 0: 1#9->14 
    Step 1: 1#14->15 
]
Occupation table complementary for group 0
0 1 1 0 1 0 1 0 0 1 1 0 1 1 0 1 1 0 1 1 0 0 0 0 0 0 0 0 0 0 0 1 0 0 1 1 1 1 0 1 0 1 1 1 0 0 0 1 
0 1 0 1 0 0 0 1 0 0 0 1 0 1 1 1 0 0 1 0 0 0 0 0 0 1 1 0 1 0 1 0 0 0 1 0 0 0 1 0 1 1 1 1 1 0 0 0 
0 0 0 0 1 0 0 1 0 1 0 0 1 0 1 1 0 1 0 1 0 0 0 1 0 0 0 0 1 0 0 0 1 0 1 0 0 0 1 0 1 0 0 1 1 1 0 0 
0 0 0 0 1 0 0 1 1 0 0 0 1 1 0 1 0 1 0 0 1 1 0 0 1 1 0 0 1 0 0 0 0 1 0 0 0 0 1 1 0 0 0 0 1 1 0 0 
0 0 1 0 1 0 0 1 1 0 0 1 0 0 0 1 0 0 1 1 1 1 0 0 1 1 0 0 1 0 0 0 0 0 0 0 0 0 1 1 0 0 0 0 0 1 0 0 
0 1 0 0 1 0 1 1 1 0 0 0 0 0 0 1 0 0 0 1 0 1 0 1 0 1 1 1 1 0 0 1 0 1 0 0 0 0 1 1 1 0 0 0 0 1 0 0 
1 0 0 0 1 1 0 1 1 0 0 0 0 0 0 1 0 0 0 1 0 1 0 0 0 1 1 1 1 0 1 0 1 1 1 0 0 0 1 1 1 0 0 0 1 0 0 0 
1 0 0 0 1 1 0 1 1 0 0 0 0 0 0 1 0 0 0 1 0 1 0 0 0 1 1 0 1 0 1 0 0 1 1 1 0 0 1 1 0 0 0 1 0 0 1 0 
1 0 0 0 1 1 0 1 1 0 0 0 0 0 0 1 0 0 0 1 1 1 0 0 0 1 1 0 1 0 1 0 0 1 1 1 0 0 1 1 0 0 1 0 0 1 0 1 
1 0 0 0 1 1 0 1 1 0 0 0 0 0 1 1 0 0 0 1 0 1 0 0 0 1 1 0 1 0 1 0 0 1 1 1 0 0 1 1 0 0 1 0 1 1 0 1 
1 0 0 0 1 1 0 1 1 0 0 0 0 0 0 1 0 0 0 1 0 1 0 0 0 1 1 0 1 0 1 0 0 1 1 1 0 0 1 1 0 0 1 1 1 0 0 1 
1 0 0 0 1 1 0 1 1 0 0 0 0 0 0 1 1 0 0 1 0 1 0 0 0 1 1 0 1 0 1 0 0 1 1 1 0 0 1 1 0 0 1 1 1 0 0 1 

Occupation table complementary for group 1
0 1 1 0 1 0 1 0 0 0 1 0 1 1 3 1 1 0 1 1 0 0 0 0 0 0 0 0 0 0 0 1 0 1 1 1 1 1 2 1 0 1 1 1 0 0 0 1 
0 1 0 1 0 0 0 1 0 3 0 1 0 1 1 1 0 0 1 0 0 0 0 0 0 1 1 1 1 0 1 0 0 0 1 0 0 0 1 2 1 1 1 1 1 0 0 0 
0 0 0 0 1 0 0 1 3 1 0 0 1 0 1 0 0 1 0 1 0 0 0 1 0 0 0 0 1 0 0 0 1 0 1 0 0 0 1 0 1 0 0 1 1 1 0 0 
0 0 0 0 1 0 0 1 1 0 0 0 1 1 0 0 0 1 1 0 1 1 0 0 1 1 0 0 1 0 0 0 0 1 2 0 0 0 1 1 0 0 0 0 1 1 0 0 
0 0 1 0 1 0 0 1 1 0 0 1 0 3 0 0 0 1 1 1 1 1 0 0 1 1 0 0 1 0 0 0 0 0 0 0 0 0 1 1 0 0 0 0 0 1 0 0 
0 1 0 0 1 0 1 1 1 0 0 0 3 0 0 0 0 1 0 1 0 1 0 1 0 1 1 1 1 0 0 1 0 1 0 0 0 0 1 1 1 0 0 0 0 1 0 0 
1 0 0 0 1 1 0 1 1 0 0 3 0 0 0 0 0 1 0 1 0 1 2 0 0 1 1 1 1 0 1 0 1 1 1 0 0 0 1 1 1 0 0 0 1 0 0 0 
1 0 0 0 1 1 0 1 1 0 3 0 1 0 0 0 0 0 0 1 0 1 2 0 0 1 1 0 1 0 1 0 0 1 1 1 0 0 1 1 0 0 0 1 0 0 1 0 
1 0 0 0 1 1 0 1 1 0 3 0 1 0 0 0 0 0 0 1 1 1 2 0 0 1 1 0 1 0 1 0 0 1 1 1 0 0 1 1 0 0 1 0 0 1 0 1 
1 0 0 0 1 1 0 1 1 0 3 0 1 0 1 0 0 0 0 1 0 1 2 0 0 1 1 0 1 0 1 0 0 1 1 1 0 0 1 1 0 0 1 0 1 1 0 1 
1 0 0 0 1 1 0 1 1 0 3 0 1 0 0 1 0 0 0 1 0 1 2 0 0 1 1 0 1 0 1 0 0 1 1 1 0 0 1 1 0 0 1 1 1 0 0 1 
1 0 0 0 1 1 0 1 1 0 3 0 1 0 0 0 1 0 0 1 0 1 2 0 0 1 1 0 1 0 1 0 0 1 1 1 0 0 1 1 0 0 1 1 1 0 0 1 

Unable to resolve collision between groups 0 and 1.
Merging groups 0 and 1.
Searching solution for merged group 0+1.
Open/close/exp size (steps): 31975/21718/31975 (254944)
Open/close/exp size (steps): 35322/72728/35322 (305954)
Open/close/exp size (steps): 55514/133940/55514 (367166)
Open/close/exp size (steps): 175160/207395/175160 (440621)
Open/close/exp size (steps): 176976/295541/176976 (528767)
Open/close/exp size (steps): 269227/401317/269227 (634543)
Open/close/exp size (steps): 194061/528249/194061 (761475)
Open/close/exp size (steps): 215398/680568/215398 (913794)
Aborted (core dumped)
