================================================================
reLOC 0.13-odaiba : Multirobot Solver
(C) Copyright 2016 Pavel Surynek
----------------------------------------------------------------
Reading graph...
Reading graph... FINISHED
Reading initial arrangement...
Reading initial arrangement... FINISHED.
Reading goal arrangement...
Reading goal arrangement... FINISHED.
Building instance...
Building instance... FINISHED.
Open/close/exp size (steps): 4/1/4 (2)
Open/close/exp size (steps): 14/4/14 (5)
Open/close/exp size (steps): 24/8/24 (9)
Open/close/exp size (steps): 33/13/33 (14)
Open/close/exp size (steps): 13/3/13 (20)
Open/close/exp size (steps): 34/11/34 (28)
Open/close/exp size (steps): 15/4/15 (38)
Open/close/exp size (steps): 8/2/8 (50)
Open/close/exp size (steps): 15/4/15 (65)
Open/close/exp size (steps): 21/7/21 (83)
Open/close/exp size (steps): 10/3/10 (105)
Open/close/exp size (steps): 45/17/45 (132)
Open/close/exp size (steps): 26/8/26 (165)
Open/close/exp size (steps): 51/25/51 (205)
Open/close/exp size (steps): 1/0/1 (253)
0 0 0 0 0 0 0 0 0 1 0 0 0 0 0 0 0 0 0 0 0 0 0 0 0 0 0 0 0 0 0 0 0 0 0 0 0 0 0 0 0 0 0 0 0 0 0 0 0 0 0 0 0 
0 0 0 0 0 0 0 0 1 0 0 0 0 0 0 0 0 0 0 0 0 0 0 0 0 0 0 0 0 0 0 0 0 0 0 0 0 0 0 0 0 0 0 0 0 0 0 0 0 0 0 0 0 
0 0 0 0 0 0 0 1 0 0 0 0 0 0 0 0 0 0 0 0 0 0 0 0 0 0 0 0 0 0 0 0 0 0 0 0 0 0 0 0 0 0 0 0 0 0 0 0 0 0 0 0 0 
0 0 0 0 0 0 0 0 0 0 0 0 0 0 0 1 0 0 0 0 0 0 0 0 0 0 0 0 0 0 0 0 0 0 0 0 0 0 0 0 0 0 0 0 0 0 0 0 0 0 0 0 0 
0 0 0 0 0 0 0 0 0 0 0 0 0 0 1 0 0 0 0 0 0 0 0 0 0 0 0 0 0 0 0 0 0 0 0 0 0 0 0 0 0 0 0 0 0 0 0 0 0 0 0 0 0 
0 0 0 0 0 0 0 0 0 0 0 0 0 0 0 0 0 0 0 0 0 1 0 0 0 0 0 0 0 0 0 0 0 0 0 0 0 0 0 0 0 0 0 0 0 0 0 0 0 0 0 0 0 
0 0 0 0 0 0 0 0 0 0 0 0 0 0 0 0 0 0 0 0 0 0 0 0 0 0 0 0 1 0 0 0 0 0 0 0 0 0 0 0 0 0 0 0 0 0 0 0 0 0 0 0 0 

Groups 0 and 1 collide.
Solution of group 0
Mulirobot solution: (|moves| = 6, paralellism = 1.000) [
    Step 0: 1#9->8 
    Step 1: 1#8->7 
    Step 2: 1#7->15 
    Step 3: 1#15->14 
    Step 4: 1#14->21 
    Step 5: 1#21->28 
]
Solution of group 1
Mulirobot solution: (|moves| = 6, paralellism = 1.000) [
    Step 0: 1#35->29 
    Step 1: 1#29->22 
    Step 2: 1#22->15 
    Step 3: 1#15->14 
    Step 4: 1#14->13 
    Step 5: 1#13->12 
]
Occupation table complementary for group 0
1 0 0 0 1 0 0 1 0 0 1 1 1 1 0 1 0 0 0 1 1 0 0 1 1 0 1 0 1 0 0 0 1 0 0 1 0 0 1 1 0 0 1 1 0 0 0 0 0 1 1 1 0 
0 0 0 1 0 1 0 0 0 0 1 0 0 1 1 1 1 0 1 0 1 1 0 1 0 1 0 1 0 1 0 0 0 1 0 1 0 1 1 0 0 0 0 1 1 0 0 0 1 0 0 0 0 
0 0 0 0 0 0 0 0 1 0 1 0 1 1 1 0 1 1 1 0 0 0 1 0 1 1 0 1 0 1 0 0 0 1 0 0 1 1 1 0 0 0 1 0 0 0 0 0 0 0 0 1 0 
0 0 1 0 0 0 0 0 0 0 0 0 0 1 0 1 1 0 1 0 1 1 0 1 0 1 0 0 0 0 1 1 0 1 1 1 1 0 0 0 0 0 0 0 0 0 0 0 0 0 0 0 1 
0 0 1 0 0 0 0 0 0 0 0 0 0 1 1 1 1 0 1 0 1 0 1 0 1 1 0 1 0 0 1 1 0 0 1 1 1 0 1 0 0 0 0 0 0 0 0 0 0 0 0 0 1 
0 0 1 0 0 0 0 0 0 0 0 0 0 1 1 1 1 0 1 0 1 1 0 1 0 1 0 1 0 1 1 0 0 1 1 1 1 0 1 0 0 0 0 0 1 0 0 0 0 0 0 0 1 
0 0 1 0 0 0 0 0 0 0 0 0 1 0 0 1 1 1 1 0 1 1 0 0 0 0 0 0 0 1 1 1 0 1 1 1 1 1 0 0 1 0 0 0 0 0 0 0 0 0 0 1 1 
0 0 1 0 0 0 0 1 1 0 0 0 1 0 0 1 1 0 1 0 1 1 0 0 0 0 0 1 0 1 1 1 0 0 1 1 1 1 0 0 1 0 0 1 0 0 1 0 0 0 0 1 1 
0 0 1 0 0 0 0 0 1 0 0 0 1 0 0 1 1 0 1 0 1 1 0 0 0 0 0 1 0 1 1 1 0 0 1 1 1 0 0 0 0 1 0 1 0 0 1 0 0 0 1 1 1 
0 0 1 0 0 0 0 0 1 1 0 0 1 0 1 1 1 0 1 0 1 1 0 0 0 0 0 1 0 1 1 1 0 0 1 1 1 0 0 0 0 0 1 1 0 0 1 0 0 0 1 1 1 

** Open/close/exp size (steps): 1/1/1 (2)
Occupation table complementary for group 1
1 0 0 0 1 0 0 1 0 1 1 1 1 1 0 1 0 0 0 1 1 0 0 1 1 0 1 0 1 0 0 0 1 0 0 0 0 0 1 1 0 0 1 1 0 0 0 0 0 1 1 1 0 
0 0 0 1 0 1 0 0 1 0 1 0 0 1 1 1 1 0 1 0 1 1 0 1 0 1 0 1 0 0 0 0 0 1 0 1 0 1 1 0 0 0 0 1 1 0 0 0 1 0 0 0 0 
0 0 0 0 0 0 0 1 1 0 1 0 1 1 1 0 1 1 1 0 0 0 1 0 1 1 0 1 0 1 0 0 0 1 0 0 1 1 1 0 0 0 1 0 0 0 0 0 0 0 0 1 0 
0 0 1 0 0 0 0 0 0 0 0 0 0 1 0 1 1 0 1 0 1 1 0 1 0 1 0 0 0 0 1 1 0 1 1 1 1 0 0 0 0 0 0 0 0 0 0 0 0 0 0 0 1 
0 0 1 0 0 0 0 0 0 0 0 0 0 1 1 1 1 0 1 0 1 0 1 0 1 1 0 1 0 0 1 1 0 0 1 1 1 0 1 0 0 0 0 0 0 0 0 0 0 0 0 0 1 
0 0 1 0 0 0 0 0 0 0 0 0 0 0 1 1 1 0 1 0 1 1 0 1 0 1 0 1 0 1 1 0 0 1 1 1 1 0 1 0 0 0 0 0 1 0 0 0 0 0 0 0 1 
0 0 1 0 0 0 0 0 0 0 0 0 0 0 0 1 1 1 1 0 1 1 0 0 0 0 0 0 1 1 1 1 0 1 1 1 1 1 0 0 1 0 0 0 0 0 0 0 0 0 0 1 1 
0 0 1 0 0 0 0 1 1 0 0 0 0 0 0 1 1 0 1 0 1 1 0 0 0 0 0 1 1 1 1 1 0 0 1 1 1 1 0 0 1 0 0 1 0 0 1 0 0 0 0 1 1 
0 0 1 0 0 0 0 0 1 0 0 0 0 0 0 1 1 0 1 0 1 1 0 0 0 0 0 1 1 1 1 1 0 0 1 1 1 0 0 0 0 1 0 1 0 0 1 0 0 0 1 1 1 
0 0 1 0 0 0 0 0 1 1 0 0 0 0 1 1 1 0 1 0 1 1 0 0 0 0 0 1 1 1 1 1 0 0 1 1 1 0 0 0 0 0 1 1 0 0 1 0 0 0 1 1 1 

Unable to resolve collision between groups 0 and 1.
Merging groups 0 and 1.
Searching solution for merged group 0+1.
Open/close/exp size (steps): 134/38/134 (311)
Open/close/exp size (steps): 185/108/185 (381)
Open/close/exp size (steps): 377/192/377 (465)
Open/close/exp size (steps): 384/293/384 (566)
Open/close/exp size (steps): 433/415/433 (688)
Open/close/exp size (steps): 654/562/654 (835)
Open/close/exp size (steps): 644/739/644 (1012)
Open/close/exp size (steps): 1015/952/1015 (1225)
Open/close/exp size (steps): 980/1208/980 (1481)
0 0 0 0 0 0 0 0 0 1 0 0 0 0 0 0 0 0 0 0 0 0 0 0 0 0 0 0 0 0 0 0 0 0 0 2 0 0 0 0 0 0 0 0 0 0 0 0 0 0 0 0 0 
0 0 0 0 0 0 0 0 1 0 0 0 0 0 0 0 0 0 0 0 0 0 0 0 0 0 0 0 0 2 0 0 0 0 0 0 0 0 0 0 0 0 0 0 0 0 0 0 0 0 0 0 0 
0 0 0 0 0 0 0 1 0 0 0 0 0 0 0 0 0 0 0 0 0 0 2 0 0 0 0 0 0 0 0 0 0 0 0 0 0 0 0 0 0 0 0 0 0 0 0 0 0 0 0 0 0 
0 0 0 0 0 0 0 0 0 0 0 0 0 0 0 1 0 0 0 0 0 2 0 0 0 0 0 0 0 0 0 0 0 0 0 0 0 0 0 0 0 0 0 0 0 0 0 0 0 0 0 0 0 
0 0 0 0 0 0 0 0 0 0 0 0 0 0 1 0 0 0 0 0 2 0 0 0 0 0 0 0 0 0 0 0 0 0 0 0 0 0 0 0 0 0 0 0 0 0 0 0 0 0 0 0 0 
0 0 0 0 0 0 0 0 0 0 0 0 0 2 0 0 0 0 0 0 0 1 0 0 0 0 0 0 0 0 0 0 0 0 0 0 0 0 0 0 0 0 0 0 0 0 0 0 0 0 0 0 0 
0 0 0 0 0 0 0 0 0 0 0 0 2 0 0 0 0 0 0 0 0 0 0 0 0 0 0 0 1 0 0 0 0 0 0 0 0 0 0 0 0 0 0 0 0 0 0 0 0 0 0 0 0 

Groups 0 and 1 collide.
Solution of group 0
Mulirobot solution: (|moves| = 12, paralellism = 2.000) [
    Step 0: 1#9->8 2#35->29 
    Step 1: 1#8->7 2#29->22 
    Step 2: 1#7->15 2#22->21 
    Step 3: 1#15->14 2#21->20 
    Step 4: 1#14->21 2#20->13 
    Step 5: 1#21->28 2#13->12 
]
Solution of group 1
Mulirobot solution: (|moves| = 6, paralellism = 1.000) [
    Step 0: 1#28->21 
    Step 1: 1#21->22 
    Step 2: 1#22->23 
    Step 3: 1#23->24 
    Step 4: 1#24->25 
    Step 5: 1#25->31 
]
Occupation table complementary for group 0
1 0 0 0 1 0 0 1 0 0 1 1 1 1 0 1 0 0 0 1 1 0 0 1 1 0 1 0 1 0 0 0 1 0 0 0 0 0 1 1 0 0 1 1 0 0 0 0 0 1 1 1 0 
0 0 0 1 0 1 0 0 0 0 1 0 0 1 1 1 1 0 1 0 1 1 0 1 0 1 0 1 0 0 0 0 0 1 0 1 0 1 1 0 0 0 0 1 1 0 0 0 1 0 0 0 0 
0 0 0 0 0 0 0 0 1 0 1 0 1 1 1 0 1 1 1 0 0 0 1 0 1 1 0 1 0 1 0 0 0 1 0 0 1 1 1 0 0 0 1 0 0 0 0 0 0 0 0 1 0 
0 0 1 0 0 0 0 0 0 0 0 0 0 1 0 1 1 0 1 0 1 1 0 1 0 1 0 0 0 0 1 1 0 1 1 1 1 0 0 0 0 0 0 0 0 0 0 0 0 0 0 0 1 
0 0 1 0 0 0 0 0 0 0 0 0 0 1 0 1 1 0 1 0 1 0 1 0 1 1 0 1 0 0 1 1 0 0 1 1 1 0 1 0 0 0 0 0 0 0 0 0 0 0 0 0 1 
0 0 1 0 0 0 0 0 0 0 0 0 0 0 1 1 1 0 1 0 1 1 0 1 0 1 0 1 0 1 1 0 0 1 1 1 1 0 1 0 0 0 0 0 1 0 0 0 0 0 0 0 1 
0 0 1 0 0 0 0 0 0 0 0 0 0 0 0 1 1 1 1 0 1 1 0 0 0 0 0 0 0 1 1 1 0 1 1 1 1 1 0 0 1 0 0 0 0 0 0 0 0 0 0 1 1 
0 0 1 0 0 0 0 1 1 0 0 0 0 0 0 1 1 0 1 0 1 1 0 0 0 0 0 1 0 1 1 1 0 0 1 1 1 1 0 0 1 0 0 1 0 0 1 0 0 0 0 1 1 
0 0 1 0 0 0 0 0 1 0 0 0 0 0 0 1 1 0 1 0 1 1 0 0 0 0 0 1 0 1 1 1 0 0 1 1 1 0 0 0 0 1 0 1 0 0 1 0 0 0 1 1 1 
0 0 1 0 0 0 0 0 1 1 0 0 0 0 1 1 1 0 1 0 1 1 0 0 0 0 0 1 0 1 1 1 0 0 1 1 1 0 0 0 0 0 1 1 0 0 1 0 0 0 1 1 1 

Occupation table complementary for group 1
1 0 0 0 1 0 0 1 0 1 1 1 1 1 0 1 0 0 0 1 1 0 0 1 1 0 1 0 0 0 0 0 1 0 0 2 0 0 1 1 0 0 1 1 0 0 0 0 0 1 1 1 0 
0 0 0 1 0 1 0 0 1 0 1 0 0 1 1 1 1 0 1 0 1 0 0 1 0 1 0 1 0 2 0 0 0 1 0 1 0 1 1 0 0 0 0 1 1 0 0 0 1 0 0 0 0 
0 0 0 0 0 0 0 1 1 0 1 0 1 1 1 0 1 1 1 0 0 0 1 0 1 1 0 1 0 1 0 0 0 1 0 0 1 1 1 0 0 0 1 0 0 0 0 0 0 0 0 1 0 
0 0 1 0 0 0 0 0 0 0 0 0 0 1 0 1 1 0 1 0 1 1 0 1 0 1 0 0 0 0 1 1 0 1 1 1 1 0 0 0 0 0 0 0 0 0 0 0 0 0 0 0 1 
0 0 1 0 0 0 0 0 0 0 0 0 0 1 1 1 1 0 1 0 1 0 1 0 0 1 0 1 0 0 1 1 0 0 1 1 1 0 1 0 0 0 0 0 0 0 0 0 0 0 0 0 1 
0 0 1 0 0 0 0 0 0 0 0 0 0 2 1 1 1 0 1 0 1 1 0 1 0 0 0 1 0 1 1 0 0 1 1 1 1 0 1 0 0 0 0 0 1 0 0 0 0 0 0 0 1 
0 0 1 0 0 0 0 0 0 0 0 0 2 0 0 1 1 1 1 0 1 1 0 0 0 0 0 0 1 1 1 0 0 1 1 1 1 1 0 0 1 0 0 0 0 0 0 0 0 0 0 1 1 
0 0 1 0 0 0 0 1 1 0 0 0 2 0 0 1 1 0 1 0 1 1 0 0 0 0 0 1 1 1 1 0 0 0 1 1 1 1 0 0 1 0 0 1 0 0 1 0 0 0 0 1 1 
0 0 1 0 0 0 0 0 1 0 0 0 2 0 0 1 1 0 1 0 1 1 0 0 0 0 0 1 1 1 1 0 0 0 1 1 1 0 0 0 0 1 0 1 0 0 1 0 0 0 1 1 1 
0 0 1 0 0 0 0 0 1 1 0 0 2 0 1 1 1 0 1 0 1 1 0 0 0 0 0 1 1 1 1 0 0 0 1 1 1 0 0 0 0 0 1 1 0 0 1 0 0 0 1 1 1 

** Open/close/exp size (steps): 3/2/3 (5)
** Open/close/exp size (steps): 1/6/1 (9)
** Open/close/exp size (steps): 10/11/10 (14)
** Open/close/exp size (steps): 11/17/11 (20)
** Open/close/exp size (steps): 7/25/7 (28)
Unable to resolve collision between groups 0 and 1.
Merging groups 0 and 1.
Searching solution for merged group 0+1.
Open/close/exp size (steps): 308/80/308 (1789)
Open/close/exp size (steps): 1547/450/1547 (2159)
Open/close/exp size (steps): 2177/894/2177 (2603)
Open/close/exp size (steps): 2079/1427/2079 (3136)
Open/close/exp size (steps): 1888/2067/1888 (3776)
Open/close/exp size (steps): 3361/2835/3361 (4544)
Open/close/exp size (steps): 6221/3757/6221 (5466)
Open/close/exp size (steps): 9760/4864/9760 (6573)
Open/close/exp size (steps): 10477/6193/10477 (7902)
Open/close/exp size (steps): 9626/7788/9626 (9497)
Open/close/exp size (steps): 8547/9702/8547 (11411)
Open/close/exp size (steps): 7075/11999/7075 (13708)
Open/close/exp size (steps): 6117/14756/6117 (16465)
Open/close/exp size (steps): 16247/18065/16247 (19774)
Open/close/exp size (steps): 25138/22036/25138 (23745)
Open/close/exp size (steps): 22962/26802/22962 (28511)
Open/close/exp size (steps): 19406/32522/19406 (34231)
Open/close/exp size (steps): 14631/39386/14631 (41095)
Open/close/exp size (steps): 26282/47623/26282 (49332)
Open/close/exp size (steps): 49762/57508/49762 (59217)
Open/close/exp size (steps): 43012/69370/43012 (71079)
Open/close/exp size (steps): 31919/83605/31919 (85314)
Open/close/exp size (steps): 34123/100687/34123 (102396)
0 0 0 0 0 0 0 0 0 1 0 0 0 0 0 0 0 0 0 0 0 0 0 0 0 0 0 0 3 0 0 0 0 0 0 2 0 0 0 0 0 0 0 0 0 0 0 0 0 0 0 0 0 
0 0 0 0 0 0 0 0 1 0 0 0 0 0 0 0 0 0 0 0 0 3 0 0 0 0 0 0 0 2 0 0 0 0 0 0 0 0 0 0 0 0 0 0 0 0 0 0 0 0 0 0 0 
0 0 0 0 0 0 0 1 0 0 0 0 0 0 0 0 0 0 0 0 0 0 3 0 0 0 0 0 2 0 0 0 0 0 0 0 0 0 0 0 0 0 0 0 0 0 0 0 0 0 0 0 0 
0 0 0 0 0 0 0 0 0 0 0 0 0 0 0 1 0 0 0 0 0 2 0 3 0 0 0 0 0 0 0 0 0 0 0 0 0 0 0 0 0 0 0 0 0 0 0 0 0 0 0 0 0 
0 0 0 0 0 0 0 0 0 0 0 0 0 0 1 0 0 0 0 0 2 0 0 0 3 0 0 0 0 0 0 0 0 0 0 0 0 0 0 0 0 0 0 0 0 0 0 0 0 0 0 0 0 
0 0 0 0 0 0 0 0 0 0 0 0 0 2 0 0 0 0 0 0 0 1 0 0 0 3 0 0 0 0 0 0 0 0 0 0 0 0 0 0 0 0 0 0 0 0 0 0 0 0 0 0 0 
0 0 0 0 0 0 0 0 0 0 0 0 2 0 0 0 0 0 0 0 0 0 0 0 0 0 0 0 1 0 0 3 0 0 0 0 0 0 0 0 0 0 0 0 0 0 0 0 0 0 0 0 0 

0 0 0 0 0 0 0 0 0 1 0 0 0 0 0 0 0 0 0 0 0 0 0 0 0 0 0 0 3 0 0 0 0 0 0 2 0 0 0 0 0 0 0 0 0 0 0 0 0 0 0 0 0 
0 0 0 0 0 0 0 0 1 0 0 0 0 0 0 0 0 0 0 0 0 3 0 0 0 0 0 0 0 2 0 0 0 0 0 0 0 0 0 0 0 0 0 0 0 0 0 0 0 0 0 0 0 
0 0 0 0 0 0 0 1 0 0 0 0 0 0 0 0 0 0 0 0 0 0 3 0 0 0 0 0 2 0 0 0 0 0 0 0 0 0 0 0 0 0 0 0 0 0 0 0 0 0 0 0 0 
0 0 0 0 0 0 0 0 0 0 0 0 0 0 0 1 0 0 0 0 0 2 0 3 0 0 0 0 0 0 0 0 0 0 0 0 0 0 0 0 0 0 0 0 0 0 0 0 0 0 0 0 0 
0 0 0 0 0 0 0 0 0 0 0 0 0 0 1 0 0 0 0 0 2 0 0 0 3 0 0 0 0 0 0 0 0 0 0 0 0 0 0 0 0 0 0 0 0 0 0 0 0 0 0 0 0 
0 0 0 0 0 0 0 0 0 0 0 0 0 2 0 0 0 0 0 0 0 1 0 0 0 3 0 0 0 0 0 0 0 0 0 0 0 0 0 0 0 0 0 0 0 0 0 0 0 0 0 0 0 
0 0 0 0 0 0 0 0 0 0 0 0 2 0 0 0 0 0 0 0 0 0 0 0 0 0 0 0 1 0 0 3 0 0 0 0 0 0 0 0 0 0 0 0 0 0 0 0 0 0 0 0 0 

0 0 0 0 0 0 0 0 0 1 0 0 0 0 0 0 0 0 0 0 0 0 0 0 0 0 0 0 3 0 0 0 0 0 0 2 0 0 0 0 0 0 0 0 0 0 0 0 0 0 0 0 0 
0 0 0 0 0 0 0 0 1 0 0 0 0 0 0 0 0 0 0 0 0 3 0 0 0 0 0 0 0 2 0 0 0 0 0 0 0 0 0 0 0 0 0 0 0 0 0 0 0 0 0 0 0 
0 0 0 0 0 0 0 1 0 0 0 0 0 0 0 0 0 0 0 0 0 0 3 0 0 0 0 0 2 0 0 0 0 0 0 0 0 0 0 0 0 0 0 0 0 0 0 0 0 0 0 0 0 
0 0 0 0 0 0 0 0 0 0 0 0 0 0 0 1 0 0 0 0 0 2 0 3 0 0 0 0 0 0 0 0 0 0 0 0 0 0 0 0 0 0 0 0 0 0 0 0 0 0 0 0 0 
0 0 0 0 0 0 0 0 0 0 0 0 0 0 1 0 0 0 0 0 2 0 0 0 3 0 0 0 0 0 0 0 0 0 0 0 0 0 0 0 0 0 0 0 0 0 0 0 0 0 0 0 0 
0 0 0 0 0 0 0 0 0 0 0 0 0 2 0 0 0 0 0 0 0 1 0 0 0 3 0 0 0 0 0 0 0 0 0 0 0 0 0 0 0 0 0 0 0 0 0 0 0 0 0 0 0 
0 0 0 0 0 0 0 0 0 0 0 0 2 0 0 0 0 0 0 0 0 0 0 0 0 0 0 0 1 0 0 3 0 0 0 0 0 0 0 0 0 0 0 0 0 0 0 0 0 0 0 0 0 

0 0 0 0 0 0 0 0 0 1 0 0 0 0 0 0 0 0 0 0 0 0 0 0 0 0 0 0 3 0 0 0 0 0 0 2 0 0 0 0 0 0 0 0 0 0 0 0 0 0 0 0 0 
0 0 0 0 0 0 0 0 1 0 0 0 0 0 0 0 0 0 0 0 0 3 0 0 0 0 0 0 0 2 0 0 0 0 0 0 0 0 0 0 0 0 0 0 0 0 0 0 0 0 0 0 0 
0 0 0 0 0 0 0 1 0 0 0 0 0 0 0 0 0 0 0 0 0 0 3 0 0 0 0 0 2 0 0 0 0 0 0 0 0 0 0 0 0 0 0 0 0 0 0 0 0 0 0 0 0 
0 0 0 0 0 0 0 0 0 0 0 0 0 0 0 1 0 0 0 0 0 2 0 3 0 0 0 0 0 0 0 0 0 0 0 0 0 0 0 0 0 0 0 0 0 0 0 0 0 0 0 0 0 
0 0 0 0 0 0 0 0 0 0 0 0 0 0 1 0 0 0 0 0 2 0 0 0 3 0 0 0 0 0 0 0 0 0 0 0 0 0 0 0 0 0 0 0 0 0 0 0 0 0 0 0 0 
0 0 0 0 0 0 0 0 0 0 0 0 0 2 0 0 0 0 0 0 0 1 0 0 0 3 0 0 0 0 0 0 0 0 0 0 0 0 0 0 0 0 0 0 0 0 0 0 0 0 0 0 0 
0 0 0 0 0 0 0 0 0 0 0 0 2 0 0 0 0 0 0 0 0 0 0 0 0 0 0 0 1 0 0 3 0 0 0 0 0 0 0 0 0 0 0 0 0 0 0 0 0 0 0 0 0 

Groups 0 and 4 collide.
Solution of group 0
Mulirobot solution: (|moves| = 18, paralellism = 3.000) [
    Step 0: 1#9->8 2#35->29 3#28->21 
    Step 1: 1#8->7 2#29->28 3#21->22 
    Step 2: 1#7->15 2#28->21 3#22->23 
    Step 3: 1#15->14 2#21->20 3#23->24 
    Step 4: 1#14->21 2#20->13 3#24->25 
    Step 5: 1#21->28 2#13->12 3#25->31 
]
Solution of group 4
Mulirobot solution: (|moves| = 4, paralellism = 1.000) [
    Step 0: 1#24->23 
    Step 1: 1#23->22 
    Step 2: 1#22->21 
    Step 3: 1#21->20 
]
Occupation table complementary for group 0
1 0 0 0 1 0 0 1 0 0 1 1 1 1 0 1 0 0 0 1 1 0 0 1 1 0 1 0 0 0 0 0 1 0 0 0 0 0 1 1 0 0 1 1 0 0 0 0 0 1 1 1 0 
0 0 0 1 0 1 0 0 0 0 1 0 0 1 1 1 1 0 1 0 1 0 0 1 0 1 0 1 0 0 0 0 0 1 0 1 0 1 1 0 0 0 0 1 1 0 0 0 1 0 0 0 0 
0 0 0 0 0 0 0 0 1 0 1 0 1 1 1 0 1 1 1 0 0 0 1 0 1 1 0 1 0 1 0 0 0 1 0 0 1 1 1 0 0 0 1 0 0 0 0 0 0 0 0 1 0 
0 0 1 0 0 0 0 0 0 0 0 0 0 1 0 1 1 0 1 0 1 1 0 1 0 1 0 0 0 0 1 1 0 1 1 1 1 0 0 0 0 0 0 0 0 0 0 0 0 0 0 0 1 
0 0 1 0 0 0 0 0 0 0 0 0 0 1 0 1 1 0 1 0 1 0 1 0 0 1 0 1 0 0 1 1 0 0 1 1 1 0 1 0 0 0 0 0 0 0 0 0 0 0 0 0 1 
0 0 1 0 0 0 0 0 0 0 0 0 0 0 1 1 1 0 1 0 1 1 0 1 0 0 0 1 0 1 1 0 0 1 1 1 1 0 1 0 0 0 0 0 1 0 0 0 0 0 0 0 1 
0 0 1 0 0 0 0 0 0 0 0 0 0 0 0 1 1 1 1 0 1 1 0 0 0 0 0 0 0 1 1 0 0 1 1 1 1 1 0 0 1 0 0 0 0 0 0 0 0 0 0 1 1 
0 0 1 0 0 0 0 1 1 0 0 0 0 0 0 1 1 0 1 0 1 1 0 0 0 0 0 1 0 1 1 0 0 0 1 1 1 1 0 0 1 0 0 1 0 0 1 0 0 0 0 1 1 
0 0 1 0 0 0 0 0 1 0 0 0 0 0 0 1 1 0 1 0 1 1 0 0 0 0 0 1 0 1 1 0 0 0 1 1 1 0 0 0 0 1 0 1 0 0 1 0 0 0 1 1 1 
0 0 1 0 0 0 0 0 1 1 0 0 0 0 1 1 1 0 1 0 1 1 0 0 0 0 0 1 0 1 1 0 0 0 1 1 1 0 0 0 0 0 1 1 0 0 1 0 0 0 1 1 1 

Occupation table complementary for group 4
1 0 0 0 1 0 0 1 0 1 1 1 1 1 0 1 0 0 0 1 1 0 0 1 0 0 1 0 3 0 0 0 1 0 0 2 0 0 1 1 0 0 1 1 0 0 0 0 0 1 1 1 0 
0 0 0 1 0 1 0 0 1 0 1 0 0 1 1 1 1 0 1 0 1 3 0 0 0 1 0 1 0 2 0 0 0 1 0 1 0 1 1 0 0 0 0 1 1 0 0 0 1 0 0 0 0 
0 0 0 0 0 0 0 1 1 0 1 0 1 1 1 0 1 1 1 0 0 0 3 0 1 1 0 1 2 1 0 0 0 1 0 0 1 1 1 0 0 0 1 0 0 0 0 0 0 0 0 1 0 
0 0 1 0 0 0 0 0 0 0 0 0 0 1 0 1 1 0 1 0 1 2 0 1 0 1 0 0 0 0 1 1 0 1 1 1 1 0 0 0 0 0 0 0 0 0 0 0 0 0 0 0 1 
0 0 1 0 0 0 0 0 0 0 0 0 0 1 1 1 1 0 1 0 1 0 1 0 3 1 0 1 0 0 1 1 0 0 1 1 1 0 1 0 0 0 0 0 0 0 0 0 0 0 0 0 1 
0 0 1 0 0 0 0 0 0 0 0 0 0 2 1 1 1 0 1 0 0 1 0 1 0 3 0 1 0 1 1 0 0 1 1 1 1 0 1 0 0 0 0 0 1 0 0 0 0 0 0 0 1 
0 0 1 0 0 0 0 0 0 0 0 0 2 0 0 1 1 1 1 0 1 1 0 0 0 0 0 0 1 1 1 3 0 1 1 1 1 1 0 0 1 0 0 0 0 0 0 0 0 0 0 1 1 
0 0 1 0 0 0 0 1 1 0 0 0 2 0 0 1 1 0 1 0 0 1 0 0 0 0 0 1 1 1 1 3 0 0 1 1 1 1 0 0 1 0 0 1 0 0 1 0 0 0 0 1 1 
0 0 1 0 0 0 0 0 1 0 0 0 2 0 0 1 1 0 1 0 0 1 0 0 0 0 0 1 1 1 1 3 0 0 1 1 1 0 0 0 0 1 0 1 0 0 1 0 0 0 1 1 1 
0 0 1 0 0 0 0 0 1 1 0 0 2 0 1 1 1 0 1 0 0 1 0 0 0 0 0 1 1 1 1 3 0 0 1 1 1 0 0 0 0 0 1 1 0 0 1 0 0 0 1 1 1 

Unable to resolve collision between groups 0 and 4.
Merging groups 0 and 4.
Searching solution for merged group 0+4.
Open/close/exp size (steps): 21172/14430/21172 (122895)
Open/close/exp size (steps): 53891/39029/53891 (147494)
Open/close/exp size (steps): 75332/68548/75332 (177013)
Open/close/exp size (steps): 93947/103971/93947 (212436)
Open/close/exp size (steps): 140039/146479/140039 (254944)
Open/close/exp size (steps): 254646/197489/254646 (305954)
Open/close/exp size (steps): 287916/258701/287916 (367166)
Open/close/exp size (steps): 32614terminate called after throwing an instance of 'St9bad_alloc'
  what():  std::bad_alloc
1/332156/326141 (440621)
Open/close/exp size (steps): 366801/420302/366801 (528767)
Open/close/exp size (steps): 411897/526078/411897 (634543)
Aborted (core dumped)
