================================================================
reLOC 0.13-odaiba : Multirobot Solver
(C) Copyright 2016 Pavel Surynek
----------------------------------------------------------------
Reading graph...
Reading graph... FINISHED
Reading initial arrangement...
Reading initial arrangement... FINISHED.
Reading goal arrangement...
Reading goal arrangement... FINISHED.
Building instance...
Building instance... FINISHED.
Open/close/exp size (steps): 3/1/3 (2)
Open/close/exp size (steps): 1/0/1 (5)
Open/close/exp size (steps): 1/0/1 (9)
Open/close/exp size (steps): 1/0/1 (14)
Open/close/exp size (steps): 10/3/10 (20)
Open/close/exp size (steps): 16/5/16 (28)
Open/close/exp size (steps): 14/5/14 (38)
Open/close/exp size (steps): 1/0/1 (50)
Open/close/exp size (steps): 18/7/18 (65)
Open/close/exp size (steps): 4/1/4 (83)
Open/close/exp size (steps): 55/23/55 (105)
Open/close/exp size (steps): 7/2/7 (132)
Open/close/exp size (steps): 44/16/44 (165)
Open/close/exp size (steps): 4/1/4 (205)
0 0 0 0 0 0 0 0 0 0 0 0 0 0 0 0 0 0 0 0 0 0 0 0 0 0 0 0 0 0 0 0 0 0 0 0 0 0 0 0 0 0 0 0 0 0 0 0 0 1 0 0 0 
0 0 0 0 0 0 0 0 0 0 0 0 0 0 0 0 0 0 0 0 0 0 0 0 0 0 0 0 0 0 0 0 0 0 0 0 0 0 0 0 0 0 0 0 0 0 0 0 1 0 0 0 0 
0 0 0 0 0 0 0 0 0 0 0 0 0 0 0 0 0 0 0 0 0 0 0 0 0 0 0 0 0 0 0 0 0 0 0 0 0 0 0 0 0 0 0 1 0 0 0 0 0 0 0 0 0 
0 0 0 0 0 0 0 0 0 0 0 0 0 0 0 0 0 0 0 0 0 0 0 0 0 0 0 0 0 0 0 0 0 0 0 0 0 1 0 0 0 0 0 0 0 0 0 0 0 0 0 0 0 
0 0 0 0 0 0 0 0 0 0 0 0 0 0 0 0 0 0 0 0 0 0 0 0 0 0 0 0 0 0 0 0 0 0 0 0 0 0 1 0 0 0 0 0 0 0 0 0 0 0 0 0 0 

Groups 0 and 1 collide.
Solution of group 0
Mulirobot solution: (|moves| = 4, paralellism = 1.000) [
    Step 0: 1#49->48 
    Step 1: 1#48->43 
    Step 2: 1#43->37 
    Step 3: 1#37->38 
]
Solution of group 1
Mulirobot solution: (|moves| = 1, paralellism = 1.000) [
    Step 0: 1#43->37 
]
Occupation table complementary for group 0
0 0 0 1 1 0 1 0 0 1 0 1 0 1 1 0 1 0 1 1 0 0 1 1 1 1 1 1 1 1 1 0 1 1 1 0 1 1 0 1 0 1 1 1 1 0 0 0 0 0 1 1 0 
0 0 1 0 0 1 0 0 1 0 0 1 1 1 0 0 1 0 0 1 1 0 1 1 1 1 1 0 0 1 1 1 0 1 0 1 0 1 0 1 0 0 1 1 0 1 0 0 0 1 1 0 0 
0 1 0 1 1 0 0 0 0 0 0 1 1 0 0 0 1 1 0 0 1 0 1 0 1 1 1 0 0 0 1 0 0 0 0 0 1 1 0 1 0 0 0 1 0 1 0 0 1 1 0 0 0 
0 1 0 1 0 1 0 0 0 0 1 1 1 0 0 1 1 0 1 1 1 0 1 1 0 1 1 0 0 1 1 1 0 1 0 0 0 1 0 0 0 1 0 1 1 0 0 0 1 0 0 0 0 
0 1 0 1 0 1 0 0 1 1 0 0 1 0 0 1 0 1 1 1 1 0 0 0 1 1 1 0 1 1 1 0 1 1 0 0 0 1 0 1 0 0 0 1 0 0 0 1 0 1 1 0 0 
0 1 0 1 0 1 0 0 0 1 0 0 1 0 0 1 0 1 1 1 0 0 0 0 1 1 0 0 0 0 1 1 1 1 0 1 1 1 0 1 0 0 1 0 0 1 1 0 0 1 1 0 0 
0 1 1 1 0 1 0 0 0 0 1 1 1 0 0 1 0 1 1 1 1 0 0 0 1 1 0 0 0 0 1 1 1 0 0 1 1 1 0 1 1 1 0 0 0 0 1 0 1 0 1 1 0 
0 1 1 1 0 1 0 0 0 0 1 1 1 0 0 1 0 1 1 1 0 0 0 1 1 1 1 0 0 0 1 1 1 0 0 1 1 1 0 1 1 0 0 0 0 1 1 1 1 0 1 1 0 
0 1 1 1 0 1 0 0 0 0 1 1 1 0 0 1 0 1 1 1 0 0 0 1 1 1 0 0 0 0 1 1 1 1 0 1 1 1 0 1 1 0 0 0 0 0 1 1 1 0 1 1 0 
0 1 1 1 1 1 0 0 0 1 1 1 1 0 0 1 0 1 1 1 0 0 0 1 1 1 0 0 0 0 1 1 1 0 0 1 1 1 0 1 1 0 0 0 0 0 1 1 1 0 1 1 1 
0 1 1 1 1 1 0 0 0 0 1 1 1 0 0 1 0 1 1 1 0 0 0 1 1 1 0 0 0 0 1 1 1 0 0 1 1 1 0 1 1 0 0 0 0 1 1 1 1 0 1 1 1 
0 1 1 1 1 1 0 0 0 0 1 1 1 0 0 1 0 1 1 1 0 0 0 1 1 1 0 0 0 0 1 1 1 0 0 1 1 1 0 1 1 0 0 0 0 1 1 1 1 0 1 1 1 
1 1 1 1 1 1 0 0 0 0 1 1 1 0 0 1 0 1 1 1 0 0 0 1 1 1 0 0 0 0 1 1 1 0 0 1 1 1 0 1 1 0 0 0 0 1 1 1 1 0 1 1 1 

Occupation table complementary for group 1
0 0 0 1 1 0 1 0 0 1 0 1 0 1 1 0 1 0 1 1 0 0 1 1 1 1 1 1 1 1 1 0 1 1 1 0 1 1 0 1 0 1 1 0 1 0 0 0 0 1 1 1 0 
0 0 1 0 0 1 0 0 1 0 0 1 1 1 0 0 1 0 0 1 1 0 1 1 1 1 1 0 0 1 1 1 0 1 0 1 0 0 0 1 0 0 1 1 0 1 0 0 1 1 1 0 0 
0 1 0 1 1 0 0 0 0 0 0 1 1 0 0 0 1 1 0 0 1 0 1 0 1 1 1 0 0 0 1 0 0 0 0 0 1 1 0 1 0 0 0 1 0 1 0 0 1 1 0 0 0 
0 1 0 1 0 1 0 0 0 0 1 1 1 0 0 1 1 0 1 1 1 0 1 1 0 1 1 0 0 1 1 1 0 1 0 0 0 1 0 0 0 1 0 1 1 0 0 0 1 0 0 0 0 
0 1 0 1 0 1 0 0 1 1 0 0 1 0 0 1 0 1 1 1 1 0 0 0 1 1 1 0 1 1 1 0 1 1 0 0 0 1 1 1 0 0 0 1 0 0 0 1 0 1 1 0 0 
0 1 0 1 0 1 0 0 0 1 0 0 1 0 0 1 0 1 1 1 0 0 0 0 1 1 0 0 0 0 1 1 1 1 0 1 1 0 1 1 0 0 1 0 0 1 1 0 0 1 1 0 0 
0 1 1 1 0 1 0 0 0 0 1 1 1 0 0 1 0 1 1 1 1 0 0 0 1 1 0 0 0 0 1 1 1 0 0 1 1 0 1 1 1 1 0 0 0 0 1 0 1 0 1 1 0 
0 1 1 1 0 1 0 0 0 0 1 1 1 0 0 1 0 1 1 1 0 0 0 1 1 1 1 0 0 0 1 1 1 0 0 1 1 0 1 1 1 0 0 0 0 1 1 1 1 0 1 1 0 
0 1 1 1 0 1 0 0 0 0 1 1 1 0 0 1 0 1 1 1 0 0 0 1 1 1 0 0 0 0 1 1 1 1 0 1 1 0 1 1 1 0 0 0 0 0 1 1 1 0 1 1 0 
0 1 1 1 1 1 0 0 0 1 1 1 1 0 0 1 0 1 1 1 0 0 0 1 1 1 0 0 0 0 1 1 1 0 0 1 1 0 1 1 1 0 0 0 0 0 1 1 1 0 1 1 1 
0 1 1 1 1 1 0 0 0 0 1 1 1 0 0 1 0 1 1 1 0 0 0 1 1 1 0 0 0 0 1 1 1 0 0 1 1 0 1 1 1 0 0 0 0 1 1 1 1 0 1 1 1 
0 1 1 1 1 1 0 0 0 0 1 1 1 0 0 1 0 1 1 1 0 0 0 1 1 1 0 0 0 0 1 1 1 0 0 1 1 0 1 1 1 0 0 0 0 1 1 1 1 0 1 1 1 
1 1 1 1 1 1 0 0 0 0 1 1 1 0 0 1 0 1 1 1 0 0 0 1 1 1 0 0 0 0 1 1 1 0 0 1 1 0 1 1 1 0 0 0 0 1 1 1 1 0 1 1 1 

Unable to resolve collision between groups 0 and 1.
Merging groups 0 and 1.
Searching solution for merged group 0+1.
Open/close/exp size (steps): 17/8/17 (253)
Open/close/exp size (steps): 80/66/80 (311)
Open/close/exp size (steps): 131/136/131 (381)
Open/close/exp size (steps): 194/220/194 (465)
Open/close/exp size (steps): 201/321/201 (566)
Open/close/exp size (steps): 249/443/249 (688)
Open/close/exp size (steps): 311/590/311 (835)
0 0 0 0 0 0 0 0 0 0 0 0 0 0 0 0 0 0 0 0 0 0 0 0 0 0 0 0 0 0 0 0 0 0 0 0 0 0 0 0 0 0 0 2 0 0 0 0 0 1 0 0 0 
0 0 0 0 0 0 0 0 0 0 0 0 0 0 0 0 0 0 0 0 0 0 0 0 0 0 0 0 0 0 0 0 0 0 0 0 0 2 0 0 0 0 0 0 0 0 0 0 1 0 0 0 0 
0 0 0 0 0 0 0 0 0 0 0 0 0 0 0 0 0 0 0 0 0 0 0 0 0 0 0 0 0 0 0 2 0 0 0 0 0 0 0 0 0 0 0 1 0 0 0 0 0 0 0 0 0 
0 0 0 0 0 0 0 0 0 0 0 0 0 0 0 0 0 0 0 0 0 0 0 0 0 0 0 0 0 0 0 2 0 0 0 0 0 1 0 0 0 0 0 0 0 0 0 0 0 0 0 0 0 
0 0 0 0 0 0 0 0 0 0 0 0 0 0 0 0 0 0 0 0 0 0 0 0 0 0 0 0 0 0 0 2 0 0 0 0 0 0 1 0 0 0 0 0 0 0 0 0 0 0 0 0 0 
0 0 0 0 0 0 0 0 0 0 0 0 0 0 0 0 0 0 0 0 0 0 0 0 0 0 0 0 0 0 0 0 0 0 0 0 0 2 1 0 0 0 0 0 0 0 0 0 0 0 0 0 0 
0 0 0 0 0 0 0 0 0 0 0 0 0 0 0 0 0 0 0 0 0 0 0 0 0 0 0 0 0 0 0 0 0 0 0 0 0 2 1 0 0 0 0 0 0 0 0 0 0 0 0 0 0 
0 0 0 0 0 0 0 0 0 0 0 0 0 0 0 0 0 0 0 0 0 0 0 0 0 0 0 0 0 0 0 0 0 0 0 0 0 2 1 0 0 0 0 0 0 0 0 0 0 0 0 0 0 
0 0 0 0 0 0 0 0 0 0 0 0 0 0 0 0 0 0 0 0 0 0 0 0 0 0 0 0 0 0 0 0 0 0 0 0 0 2 1 0 0 0 0 0 0 0 0 0 0 0 0 0 0 
0 0 0 0 0 0 0 0 0 0 0 0 0 0 0 0 0 0 0 0 0 0 0 0 0 0 0 0 0 0 0 0 0 0 0 0 0 2 1 0 0 0 0 0 0 0 0 0 0 0 0 0 0 

0 0 0 0 0 0 0 0 0 0 0 0 0 0 0 0 0 0 0 0 0 0 0 0 0 0 0 0 0 0 0 0 0 0 0 0 0 0 0 0 0 0 0 2 0 0 0 0 0 1 0 0 0 
0 0 0 0 0 0 0 0 0 0 0 0 0 0 0 0 0 0 0 0 0 0 0 0 0 0 0 0 0 0 0 0 0 0 0 0 0 2 0 0 0 0 0 0 0 0 0 0 1 0 0 0 0 
0 0 0 0 0 0 0 0 0 0 0 0 0 0 0 0 0 0 0 0 0 0 0 0 0 0 0 0 0 0 0 2 0 0 0 0 0 0 0 0 0 0 0 1 0 0 0 0 0 0 0 0 0 
0 0 0 0 0 0 0 0 0 0 0 0 0 0 0 0 0 0 0 0 0 0 0 0 0 0 0 0 0 0 0 2 0 0 0 0 0 1 0 0 0 0 0 0 0 0 0 0 0 0 0 0 0 
0 0 0 0 0 0 0 0 0 0 0 0 0 0 0 0 0 0 0 0 0 0 0 0 0 0 0 0 0 0 0 2 0 0 0 0 0 0 1 0 0 0 0 0 0 0 0 0 0 0 0 0 0 
0 0 0 0 0 0 0 0 0 0 0 0 0 0 0 0 0 0 0 0 0 0 0 0 0 0 0 0 0 0 0 0 0 0 0 0 0 2 1 0 0 0 0 0 0 0 0 0 0 0 0 0 0 

0 0 0 0 0 0 0 0 0 0 0 0 0 0 0 0 0 0 0 0 0 0 0 0 0 0 0 0 0 0 0 0 0 0 0 0 0 0 0 0 0 0 0 2 0 0 0 0 0 1 0 0 0 
0 0 0 0 0 0 0 0 0 0 0 0 0 0 0 0 0 0 0 0 0 0 0 0 0 0 0 0 0 0 0 0 0 0 0 0 0 2 0 0 0 0 0 0 0 0 0 0 1 0 0 0 0 
0 0 0 0 0 0 0 0 0 0 0 0 0 0 0 0 0 0 0 0 0 0 0 0 0 0 0 0 0 0 0 2 0 0 0 0 0 0 0 0 0 0 0 1 0 0 0 0 0 0 0 0 0 
0 0 0 0 0 0 0 0 0 0 0 0 0 0 0 0 0 0 0 0 0 0 0 0 0 0 0 0 0 0 0 2 0 0 0 0 0 1 0 0 0 0 0 0 0 0 0 0 0 0 0 0 0 
0 0 0 0 0 0 0 0 0 0 0 0 0 0 0 0 0 0 0 0 0 0 0 0 0 0 0 0 0 0 0 2 0 0 0 0 0 0 1 0 0 0 0 0 0 0 0 0 0 0 0 0 0 
0 0 0 0 0 0 0 0 0 0 0 0 0 0 0 0 0 0 0 0 0 0 0 0 0 0 0 0 0 0 0 0 0 0 0 0 0 2 1 0 0 0 0 0 0 0 0 0 0 0 0 0 0 

0 0 0 0 0 0 0 0 0 0 0 0 0 0 0 0 0 0 0 0 0 0 0 0 0 0 0 0 0 0 0 0 0 0 0 0 0 0 0 0 0 0 0 2 0 0 0 0 0 1 0 0 0 
0 0 0 0 0 0 0 0 0 0 0 0 0 0 0 0 0 0 0 0 0 0 0 0 0 0 0 0 0 0 0 0 0 0 0 0 0 2 0 0 0 0 0 0 0 0 0 0 1 0 0 0 0 
0 0 0 0 0 0 0 0 0 0 0 0 0 0 0 0 0 0 0 0 0 0 0 0 0 0 0 0 0 0 0 2 0 0 0 0 0 0 0 0 0 0 0 1 0 0 0 0 0 0 0 0 0 
0 0 0 0 0 0 0 0 0 0 0 0 0 0 0 0 0 0 0 0 0 0 0 0 0 0 0 0 0 0 0 2 0 0 0 0 0 1 0 0 0 0 0 0 0 0 0 0 0 0 0 0 0 
0 0 0 0 0 0 0 0 0 0 0 0 0 0 0 0 0 0 0 0 0 0 0 0 0 0 0 0 0 0 0 2 0 0 0 0 0 0 1 0 0 0 0 0 0 0 0 0 0 0 0 0 0 
0 0 0 0 0 0 0 0 0 0 0 0 0 0 0 0 0 0 0 0 0 0 0 0 0 0 0 0 0 0 0 0 0 0 0 0 0 2 1 0 0 0 0 0 0 0 0 0 0 0 0 0 0 

0 0 0 0 0 0 0 0 0 0 0 0 0 0 0 0 0 0 0 0 0 0 0 0 0 0 0 0 0 0 0 0 0 0 0 0 0 0 0 0 0 0 0 2 0 0 0 0 0 1 0 0 0 
0 0 0 0 0 0 0 0 0 0 0 0 0 0 0 0 0 0 0 0 0 0 0 0 0 0 0 0 0 0 0 0 0 0 0 0 0 2 0 0 0 0 0 0 0 0 0 0 1 0 0 0 0 
0 0 0 0 0 0 0 0 0 0 0 0 0 0 0 0 0 0 0 0 0 0 0 0 0 0 0 0 0 0 0 2 0 0 0 0 0 0 0 0 0 0 0 1 0 0 0 0 0 0 0 0 0 
0 0 0 0 0 0 0 0 0 0 0 0 0 0 0 0 0 0 0 0 0 0 0 0 0 0 0 0 0 0 0 2 0 0 0 0 0 1 0 0 0 0 0 0 0 0 0 0 0 0 0 0 0 
0 0 0 0 0 0 0 0 0 0 0 0 0 0 0 0 0 0 0 0 0 0 0 0 0 0 0 0 0 0 0 2 0 0 0 0 0 0 1 0 0 0 0 0 0 0 0 0 0 0 0 0 0 
0 0 0 0 0 0 0 0 0 0 0 0 0 0 0 0 0 0 0 0 0 0 0 0 0 0 0 0 0 0 0 0 0 0 0 0 0 2 1 0 0 0 0 0 0 0 0 0 0 0 0 0 0 

0 0 0 0 0 0 0 0 0 0 0 0 0 0 0 0 0 0 0 0 0 0 0 0 0 0 0 0 0 0 0 0 0 0 0 0 0 0 0 0 0 0 0 2 0 0 0 0 0 1 0 0 0 
0 0 0 0 0 0 0 0 0 0 0 0 0 0 0 0 0 0 0 0 0 0 0 0 0 0 0 0 0 0 0 0 0 0 0 0 0 2 0 0 0 0 0 0 0 0 0 0 1 0 0 0 0 
0 0 0 0 0 0 0 0 0 0 0 0 0 0 0 0 0 0 0 0 0 0 0 0 0 0 0 0 0 0 0 2 0 0 0 0 0 0 0 0 0 0 0 1 0 0 0 0 0 0 0 0 0 
0 0 0 0 0 0 0 0 0 0 0 0 0 0 0 0 0 0 0 0 0 0 0 0 0 0 0 0 0 0 0 2 0 0 0 0 0 1 0 0 0 0 0 0 0 0 0 0 0 0 0 0 0 
0 0 0 0 0 0 0 0 0 0 0 0 0 0 0 0 0 0 0 0 0 0 0 0 0 0 0 0 0 0 0 2 0 0 0 0 0 0 1 0 0 0 0 0 0 0 0 0 0 0 0 0 0 
0 0 0 0 0 0 0 0 0 0 0 0 0 0 0 0 0 0 0 0 0 0 0 0 0 0 0 0 0 0 0 0 0 0 0 0 0 2 1 0 0 0 0 0 0 0 0 0 0 0 0 0 0 
0 0 0 0 0 0 0 0 0 0 0 0 0 0 0 0 0 0 0 0 0 0 0 0 0 0 0 0 0 0 0 0 0 0 0 0 0 2 1 0 0 0 0 0 0 0 0 0 0 0 0 0 0 

0 0 0 0 0 0 0 0 0 0 0 0 0 0 0 0 0 0 0 0 0 0 0 0 0 0 0 0 0 0 0 0 0 0 0 0 0 0 0 0 0 0 0 2 0 0 0 0 0 1 0 0 0 
0 0 0 0 0 0 0 0 0 0 0 0 0 0 0 0 0 0 0 0 0 0 0 0 0 0 0 0 0 0 0 0 0 0 0 0 0 2 0 0 0 0 0 0 0 0 0 0 1 0 0 0 0 
0 0 0 0 0 0 0 0 0 0 0 0 0 0 0 0 0 0 0 0 0 0 0 0 0 0 0 0 0 0 0 2 0 0 0 0 0 0 0 0 0 0 0 1 0 0 0 0 0 0 0 0 0 
0 0 0 0 0 0 0 0 0 0 0 0 0 0 0 0 0 0 0 0 0 0 0 0 0 0 0 0 0 0 0 2 0 0 0 0 0 1 0 0 0 0 0 0 0 0 0 0 0 0 0 0 0 
0 0 0 0 0 0 0 0 0 0 0 0 0 0 0 0 0 0 0 0 0 0 0 0 0 0 0 0 0 0 0 2 0 0 0 0 0 0 1 0 0 0 0 0 0 0 0 0 0 0 0 0 0 
0 0 0 0 0 0 0 0 0 0 0 0 0 0 0 0 0 0 0 0 0 0 0 0 0 0 0 0 0 0 0 0 0 0 0 0 0 2 1 0 0 0 0 0 0 0 0 0 0 0 0 0 0 

0 0 0 0 0 0 0 0 0 0 0 0 0 0 0 0 0 0 0 0 0 0 0 0 0 0 0 0 0 0 0 0 0 0 0 0 0 0 0 0 0 0 0 2 0 0 0 0 0 1 0 0 0 
0 0 0 0 0 0 0 0 0 0 0 0 0 0 0 0 0 0 0 0 0 0 0 0 0 0 0 0 0 0 0 0 0 0 0 0 0 2 0 0 0 0 0 0 0 0 0 0 1 0 0 0 0 
0 0 0 0 0 0 0 0 0 0 0 0 0 0 0 0 0 0 0 0 0 0 0 0 0 0 0 0 0 0 0 2 0 0 0 0 0 0 0 0 0 0 0 1 0 0 0 0 0 0 0 0 0 
0 0 0 0 0 0 0 0 0 0 0 0 0 0 0 0 0 0 0 0 0 0 0 0 0 0 0 0 0 0 0 2 0 0 0 0 0 1 0 0 0 0 0 0 0 0 0 0 0 0 0 0 0 
0 0 0 0 0 0 0 0 0 0 0 0 0 0 0 0 0 0 0 0 0 0 0 0 0 0 0 0 0 0 0 2 0 0 0 0 0 0 1 0 0 0 0 0 0 0 0 0 0 0 0 0 0 
0 0 0 0 0 0 0 0 0 0 0 0 0 0 0 0 0 0 0 0 0 0 0 0 0 0 0 0 0 0 0 0 0 0 0 0 0 2 1 0 0 0 0 0 0 0 0 0 0 0 0 0 0 
0 0 0 0 0 0 0 0 0 0 0 0 0 0 0 0 0 0 0 0 0 0 0 0 0 0 0 0 0 0 0 0 0 0 0 0 0 2 1 0 0 0 0 0 0 0 0 0 0 0 0 0 0 
0 0 0 0 0 0 0 0 0 0 0 0 0 0 0 0 0 0 0 0 0 0 0 0 0 0 0 0 0 0 0 0 0 0 0 0 0 2 1 0 0 0 0 0 0 0 0 0 0 0 0 0 0 

0 0 0 0 0 0 0 0 0 0 0 0 0 0 0 0 0 0 0 0 0 0 0 0 0 0 0 0 0 0 0 0 0 0 0 0 0 0 0 0 0 0 0 2 0 0 0 0 0 1 0 0 0 
0 0 0 0 0 0 0 0 0 0 0 0 0 0 0 0 0 0 0 0 0 0 0 0 0 0 0 0 0 0 0 0 0 0 0 0 0 2 0 0 0 0 0 0 0 0 0 0 1 0 0 0 0 
0 0 0 0 0 0 0 0 0 0 0 0 0 0 0 0 0 0 0 0 0 0 0 0 0 0 0 0 0 0 0 2 0 0 0 0 0 0 0 0 0 0 0 1 0 0 0 0 0 0 0 0 0 
0 0 0 0 0 0 0 0 0 0 0 0 0 0 0 0 0 0 0 0 0 0 0 0 0 0 0 0 0 0 0 2 0 0 0 0 0 1 0 0 0 0 0 0 0 0 0 0 0 0 0 0 0 
0 0 0 0 0 0 0 0 0 0 0 0 0 0 0 0 0 0 0 0 0 0 0 0 0 0 0 0 0 0 0 2 0 0 0 0 0 0 1 0 0 0 0 0 0 0 0 0 0 0 0 0 0 
0 0 0 0 0 0 0 0 0 0 0 0 0 0 0 0 0 0 0 0 0 0 0 0 0 0 0 0 0 0 0 0 0 0 0 0 0 2 1 0 0 0 0 0 0 0 0 0 0 0 0 0 0 

0 0 0 0 0 0 0 0 0 0 0 0 0 0 0 0 0 0 0 0 0 0 0 0 0 0 0 0 0 0 0 0 0 0 0 0 0 0 0 0 0 0 0 2 0 0 0 0 0 1 0 0 0 
0 0 0 0 0 0 0 0 0 0 0 0 0 0 0 0 0 0 0 0 0 0 0 0 0 0 0 0 0 0 0 0 0 0 0 0 0 2 0 0 0 0 0 0 0 0 0 0 1 0 0 0 0 
0 0 0 0 0 0 0 0 0 0 0 0 0 0 0 0 0 0 0 0 0 0 0 0 0 0 0 0 0 0 0 2 0 0 0 0 0 0 0 0 0 0 0 1 0 0 0 0 0 0 0 0 0 
0 0 0 0 0 0 0 0 0 0 0 0 0 0 0 0 0 0 0 0 0 0 0 0 0 0 0 0 0 0 0 2 0 0 0 0 0 1 0 0 0 0 0 0 0 0 0 0 0 0 0 0 0 
0 0 0 0 0 0 0 0 0 0 0 0 0 0 0 0 0 0 0 0 0 0 0 0 0 0 0 0 0 0 0 2 0 0 0 0 0 0 1 0 0 0 0 0 0 0 0 0 0 0 0 0 0 
0 0 0 0 0 0 0 0 0 0 0 0 0 0 0 0 0 0 0 0 0 0 0 0 0 0 0 0 0 0 0 0 0 0 0 0 0 2 1 0 0 0 0 0 0 0 0 0 0 0 0 0 0 

0 0 0 0 0 0 0 0 0 0 0 0 0 0 0 0 0 0 0 0 0 0 0 0 0 0 0 0 0 0 0 0 0 0 0 0 0 0 0 0 0 0 0 2 0 0 0 0 0 1 0 0 0 
0 0 0 0 0 0 0 0 0 0 0 0 0 0 0 0 0 0 0 0 0 0 0 0 0 0 0 0 0 0 0 0 0 0 0 0 0 2 0 0 0 0 0 0 0 0 0 0 1 0 0 0 0 
0 0 0 0 0 0 0 0 0 0 0 0 0 0 0 0 0 0 0 0 0 0 0 0 0 0 0 0 0 0 0 2 0 0 0 0 0 0 0 0 0 0 0 1 0 0 0 0 0 0 0 0 0 
0 0 0 0 0 0 0 0 0 0 0 0 0 0 0 0 0 0 0 0 0 0 0 0 0 0 0 0 0 0 0 2 0 0 0 0 0 1 0 0 0 0 0 0 0 0 0 0 0 0 0 0 0 
0 0 0 0 0 0 0 0 0 0 0 0 0 0 0 0 0 0 0 0 0 0 0 0 0 0 0 0 0 0 0 2 0 0 0 0 0 0 1 0 0 0 0 0 0 0 0 0 0 0 0 0 0 
0 0 0 0 0 0 0 0 0 0 0 0 0 0 0 0 0 0 0 0 0 0 0 0 0 0 0 0 0 0 0 0 0 0 0 0 0 2 1 0 0 0 0 0 0 0 0 0 0 0 0 0 0 

0 0 0 0 0 0 0 0 0 0 0 0 0 0 0 0 0 0 0 0 0 0 0 0 0 0 0 0 0 0 0 0 0 0 0 0 0 0 0 0 0 0 0 2 0 0 0 0 0 1 0 0 0 
0 0 0 0 0 0 0 0 0 0 0 0 0 0 0 0 0 0 0 0 0 0 0 0 0 0 0 0 0 0 0 0 0 0 0 0 0 2 0 0 0 0 0 0 0 0 0 0 1 0 0 0 0 
0 0 0 0 0 0 0 0 0 0 0 0 0 0 0 0 0 0 0 0 0 0 0 0 0 0 0 0 0 0 0 2 0 0 0 0 0 0 0 0 0 0 0 1 0 0 0 0 0 0 0 0 0 
0 0 0 0 0 0 0 0 0 0 0 0 0 0 0 0 0 0 0 0 0 0 0 0 0 0 0 0 0 0 0 2 0 0 0 0 0 1 0 0 0 0 0 0 0 0 0 0 0 0 0 0 0 
0 0 0 0 0 0 0 0 0 0 0 0 0 0 0 0 0 0 0 0 0 0 0 0 0 0 0 0 0 0 0 2 0 0 0 0 0 0 1 0 0 0 0 0 0 0 0 0 0 0 0 0 0 
0 0 0 0 0 0 0 0 0 0 0 0 0 0 0 0 0 0 0 0 0 0 0 0 0 0 0 0 0 0 0 0 0 0 0 0 0 2 1 0 0 0 0 0 0 0 0 0 0 0 0 0 0 
0 0 0 0 0 0 0 0 0 0 0 0 0 0 0 0 0 0 0 0 0 0 0 0 0 0 0 0 0 0 0 0 0 0 0 0 0 2 1 0 0 0 0 0 0 0 0 0 0 0 0 0 0 

0 0 0 0 0 0 0 0 0 0 0 0 0 0 0 0 0 0 0 0 0 0 0 0 0 0 0 0 0 0 0 0 0 0 0 0 0 0 0 0 0 0 0 2 0 0 0 0 0 1 0 0 0 
0 0 0 0 0 0 0 0 0 0 0 0 0 0 0 0 0 0 0 0 0 0 0 0 0 0 0 0 0 0 0 0 0 0 0 0 0 2 0 0 0 0 0 0 0 0 0 0 1 0 0 0 0 
0 0 0 0 0 0 0 0 0 0 0 0 0 0 0 0 0 0 0 0 0 0 0 0 0 0 0 0 0 0 0 2 0 0 0 0 0 0 0 0 0 0 0 1 0 0 0 0 0 0 0 0 0 
0 0 0 0 0 0 0 0 0 0 0 0 0 0 0 0 0 0 0 0 0 0 0 0 0 0 0 0 0 0 0 2 0 0 0 0 0 1 0 0 0 0 0 0 0 0 0 0 0 0 0 0 0 
0 0 0 0 0 0 0 0 0 0 0 0 0 0 0 0 0 0 0 0 0 0 0 0 0 0 0 0 0 0 0 2 0 0 0 0 0 0 1 0 0 0 0 0 0 0 0 0 0 0 0 0 0 
0 0 0 0 0 0 0 0 0 0 0 0 0 0 0 0 0 0 0 0 0 0 0 0 0 0 0 0 0 0 0 0 0 0 0 0 0 2 1 0 0 0 0 0 0 0 0 0 0 0 0 0 0 
0 0 0 0 0 0 0 0 0 0 0 0 0 0 0 0 0 0 0 0 0 0 0 0 0 0 0 0 0 0 0 0 0 0 0 0 0 2 1 0 0 0 0 0 0 0 0 0 0 0 0 0 0 

0 0 0 0 0 0 0 0 0 0 0 0 0 0 0 0 0 0 0 0 0 0 0 0 0 0 0 0 0 0 0 0 0 0 0 0 0 0 0 0 0 0 0 2 0 0 0 0 0 1 0 0 0 
0 0 0 0 0 0 0 0 0 0 0 0 0 0 0 0 0 0 0 0 0 0 0 0 0 0 0 0 0 0 0 0 0 0 0 0 0 2 0 0 0 0 0 0 0 0 0 0 1 0 0 0 0 
0 0 0 0 0 0 0 0 0 0 0 0 0 0 0 0 0 0 0 0 0 0 0 0 0 0 0 0 0 0 0 2 0 0 0 0 0 0 0 0 0 0 0 1 0 0 0 0 0 0 0 0 0 
0 0 0 0 0 0 0 0 0 0 0 0 0 0 0 0 0 0 0 0 0 0 0 0 0 0 0 0 0 0 0 2 0 0 0 0 0 1 0 0 0 0 0 0 0 0 0 0 0 0 0 0 0 
0 0 0 0 0 0 0 0 0 0 0 0 0 0 0 0 0 0 0 0 0 0 0 0 0 0 0 0 0 0 0 2 0 0 0 0 0 0 1 0 0 0 0 0 0 0 0 0 0 0 0 0 0 
0 0 0 0 0 0 0 0 0 0 0 0 0 0 0 0 0 0 0 0 0 0 0 0 0 0 0 0 0 0 0 0 0 0 0 0 0 2 1 0 0 0 0 0 0 0 0 0 0 0 0 0 0 
0 0 0 0 0 0 0 0 0 0 0 0 0 0 0 0 0 0 0 0 0 0 0 0 0 0 0 0 0 0 0 0 0 0 0 0 0 2 1 0 0 0 0 0 0 0 0 0 0 0 0 0 0 

0 0 0 0 0 0 0 0 0 0 0 0 0 0 0 0 0 0 0 0 0 0 0 0 0 0 0 0 0 0 0 0 0 0 0 0 0 0 0 0 0 0 0 2 0 0 0 0 0 1 0 0 0 
0 0 0 0 0 0 0 0 0 0 0 0 0 0 0 0 0 0 0 0 0 0 0 0 0 0 0 0 0 0 0 0 0 0 0 0 0 2 0 0 0 0 0 0 0 0 0 0 1 0 0 0 0 
0 0 0 0 0 0 0 0 0 0 0 0 0 0 0 0 0 0 0 0 0 0 0 0 0 0 0 0 0 0 0 2 0 0 0 0 0 0 0 0 0 0 0 1 0 0 0 0 0 0 0 0 0 
0 0 0 0 0 0 0 0 0 0 0 0 0 0 0 0 0 0 0 0 0 0 0 0 0 0 0 0 0 0 0 2 0 0 0 0 0 1 0 0 0 0 0 0 0 0 0 0 0 0 0 0 0 
0 0 0 0 0 0 0 0 0 0 0 0 0 0 0 0 0 0 0 0 0 0 0 0 0 0 0 0 0 0 0 2 0 0 0 0 0 0 1 0 0 0 0 0 0 0 0 0 0 0 0 0 0 
0 0 0 0 0 0 0 0 0 0 0 0 0 0 0 0 0 0 0 0 0 0 0 0 0 0 0 0 0 0 0 0 0 0 0 0 0 2 1 0 0 0 0 0 0 0 0 0 0 0 0 0 0 

Groups 0 and 15 collide.
Solution of group 0
Mulirobot solution: (|moves| = 7, paralellism = 1.400) [
    Step 0: 1#49->48 2#43->37 
    Step 1: 1#48->43 2#37->31 
    Step 2: 1#43->37 
    Step 3: 1#37->38 
    Step 4: 2#31->37 
]
Solution of group 15
Mulirobot solution: (|moves| = 5, paralellism = 1.000) [
    Step 0: 1#32->31 
    Step 1: 1#31->30 
    Step 2: 1#30->29 
    Step 3: 1#29->28 
    Step 4: 1#28->35 
]
Occupation table complementary for group 0
0 0 0 1 1 0 1 0 0 1 0 1 0 1 1 0 1 0 1 1 0 0 1 1 1 1 1 1 1 1 1 0 1 1 1 0 1 1 0 1 0 1 1 0 1 0 0 0 0 0 1 1 0 
0 0 1 0 0 1 0 0 1 0 0 1 1 1 0 0 1 0 0 1 1 0 1 1 1 1 1 0 0 1 1 1 0 1 0 1 0 0 0 1 0 0 1 1 0 1 0 0 0 1 1 0 0 
0 1 0 1 1 0 0 0 0 0 0 1 1 0 0 0 1 1 0 0 1 0 1 0 1 1 1 0 0 0 1 0 0 0 0 0 1 1 0 1 0 0 0 1 0 1 0 0 1 1 0 0 0 
0 1 0 1 0 1 0 0 0 0 1 1 1 0 0 1 1 0 1 1 1 0 1 1 0 1 1 0 0 1 1 1 0 1 0 0 0 0 0 0 0 1 0 1 1 0 0 0 1 0 0 0 0 
0 1 0 1 0 1 0 0 1 1 0 0 1 0 0 1 0 1 1 1 1 0 0 0 1 1 1 0 1 1 1 0 1 1 0 0 0 1 0 1 0 0 0 1 0 0 0 1 0 1 1 0 0 
0 1 0 1 0 1 0 0 0 1 0 0 1 0 0 1 0 1 1 1 0 0 0 0 1 1 0 0 0 0 1 1 1 1 0 1 1 0 0 1 0 0 1 0 0 1 1 0 0 1 1 0 0 
0 1 1 1 0 1 0 0 0 0 1 1 1 0 0 1 0 1 1 1 1 0 0 0 1 1 0 0 0 0 1 1 1 0 0 1 1 0 0 1 1 1 0 0 0 0 1 0 1 0 1 1 0 
0 1 1 1 0 1 0 0 0 0 1 1 1 0 0 1 0 1 1 1 0 0 0 1 1 1 1 0 0 0 1 1 1 0 0 1 1 0 0 1 1 0 0 0 0 1 1 1 1 0 1 1 0 
0 1 1 1 0 1 0 0 0 0 1 1 1 0 0 1 0 1 1 1 0 0 0 1 1 1 0 0 0 0 1 1 1 1 0 1 1 0 0 1 1 0 0 0 0 0 1 1 1 0 1 1 0 
0 1 1 1 1 1 0 0 0 1 1 1 1 0 0 1 0 1 1 1 0 0 0 1 1 1 0 0 0 0 1 1 1 0 0 1 1 0 0 1 1 0 0 0 0 0 1 1 1 0 1 1 1 
0 1 1 1 1 1 0 0 0 0 1 1 1 0 0 1 0 1 1 1 0 0 0 1 1 1 0 0 0 0 1 1 1 0 0 1 1 0 0 1 1 0 0 0 0 1 1 1 1 0 1 1 1 
0 1 1 1 1 1 0 0 0 0 1 1 1 0 0 1 0 1 1 1 0 0 0 1 1 1 0 0 0 0 1 1 1 0 0 1 1 0 0 1 1 0 0 0 0 1 1 1 1 0 1 1 1 
1 1 1 1 1 1 0 0 0 0 1 1 1 0 0 1 0 1 1 1 0 0 0 1 1 1 0 0 0 0 1 1 1 0 0 1 1 0 0 1 1 0 0 0 0 1 1 1 1 0 1 1 1 

Occupation table complementary for group 15
0 0 0 1 1 0 1 0 0 1 0 1 0 1 1 0 1 0 1 1 0 0 1 1 1 1 1 1 1 1 1 0 0 1 1 0 1 1 0 1 0 1 1 2 1 0 0 0 0 1 1 1 0 
0 0 1 0 0 1 0 0 1 0 0 1 1 1 0 0 1 0 0 1 1 0 1 1 1 1 1 0 0 1 1 1 0 1 0 1 0 2 0 1 0 0 1 1 0 1 0 0 1 1 1 0 0 
0 1 0 1 1 0 0 0 0 0 0 1 1 0 0 0 1 1 0 0 1 0 1 0 1 1 1 0 0 0 1 2 0 0 0 0 1 1 0 1 0 0 0 1 0 1 0 0 1 1 0 0 0 
0 1 0 1 0 1 0 0 0 0 1 1 1 0 0 1 1 0 1 1 1 0 1 1 0 1 1 0 0 0 1 1 0 1 0 0 0 1 0 0 0 1 0 1 1 0 0 0 1 0 0 0 0 
0 1 0 1 0 1 0 0 1 1 0 0 1 0 0 1 0 1 1 1 1 0 0 0 1 1 1 0 0 1 1 2 1 1 0 0 0 1 1 1 0 0 0 1 0 0 0 1 0 1 1 0 0 
0 1 0 1 0 1 0 0 0 1 0 0 1 0 0 1 0 1 1 1 0 0 0 0 1 1 0 0 0 0 1 1 1 1 0 0 1 2 1 1 0 0 1 0 0 1 1 0 0 1 1 0 0 
0 1 1 1 0 1 0 0 0 0 1 1 1 0 0 1 0 1 1 1 1 0 0 0 1 1 0 0 0 0 1 1 1 0 0 0 1 2 1 1 1 1 0 0 0 0 1 0 1 0 1 1 0 
0 1 1 1 0 1 0 0 0 0 1 1 1 0 0 1 0 1 1 1 0 0 0 1 1 1 1 0 0 0 1 1 1 0 0 0 1 2 1 1 1 0 0 0 0 1 1 1 1 0 1 1 0 
0 1 1 1 0 1 0 0 0 0 1 1 1 0 0 1 0 1 1 1 0 0 0 1 1 1 0 0 0 0 1 1 1 1 0 0 1 2 1 1 1 0 0 0 0 0 1 1 1 0 1 1 0 
0 1 1 1 1 1 0 0 0 1 1 1 1 0 0 1 0 1 1 1 0 0 0 1 1 1 0 0 0 0 1 1 1 0 0 0 1 2 1 1 1 0 0 0 0 0 1 1 1 0 1 1 1 
0 1 1 1 1 1 0 0 0 0 1 1 1 0 0 1 0 1 1 1 0 0 0 1 1 1 0 0 0 0 1 1 1 0 0 0 1 2 1 1 1 0 0 0 0 1 1 1 1 0 1 1 1 
0 1 1 1 1 1 0 0 0 0 1 1 1 0 0 1 0 1 1 1 0 0 0 1 1 1 0 0 0 0 1 1 1 0 0 0 1 2 1 1 1 0 0 0 0 1 1 1 1 0 1 1 1 
1 1 1 1 1 1 0 0 0 0 1 1 1 0 0 1 0 1 1 1 0 0 0 1 1 1 0 0 0 0 1 1 1 0 0 0 1 2 1 1 1 0 0 0 0 1 1 1 1 0 1 1 1 

** Open/close/exp size (steps): 2/1/2 (2)
** Open/close/exp size (steps): 1/4/1 (5)
Unable to resolve collision between groups 0 and 15.
Merging groups 0 and 15.
Searching solution for merged group 0+15.
Open/close/exp size (steps): 254/166/254 (1012)
Open/close/exp size (steps): 473/379/473 (1225)
Open/close/exp size (steps): 808/635/808 (1481)
Open/close/exp size (steps): 811/943/811 (1789)
Open/close/exp size (steps): 1063/1313/1063 (2159)
Open/close/exp size (steps): 1477/1757/1477 (2603)
Open/close/exp size (steps): 1891/2290/1891 (3136)
Open/close/exp size (steps): 2049/2930/2049 (3776)
Open/close/exp size (steps): 2271/3698/2271 (4544)
Open/close/exp size (steps): 2960/4620/2960 (5466)
Open/close/exp size (steps): 3820/5727/3820 (6573)
Open/close/exp size (steps): 3659/7056/3659 (7902)
Open/close/exp size (steps): 3176/8651/3176 (9497)
Open/close/exp size (steps): 5010/10565/5010 (11411)
Open/close/exp size (steps): 7321/12862/7321 (13708)
Open/close/exp size (steps): 8046/15619/8046 (16465)
Open/close/exp size (steps): 9836/18928/9836 (19774)
Open/close/exp size (steps): 12248/22899/12248 (23745)
0 0 0 0 0 0 0 0 0 0 0 0 0 0 0 0 0 0 0 0 0 0 0 0 0 0 0 0 0 0 0 0 3 0 0 0 0 0 0 0 0 0 0 2 0 0 0 0 0 1 0 0 0 
0 0 0 0 0 0 0 0 0 0 0 0 0 0 0 0 0 0 0 0 0 0 0 0 0 0 0 0 0 0 0 3 0 0 0 0 0 2 0 0 0 0 0 0 0 0 0 0 1 0 0 0 0 
0 0 0 0 0 0 0 0 0 0 0 0 0 0 0 0 0 0 0 0 0 0 0 0 0 0 0 0 0 0 3 0 0 0 0 0 0 0 2 0 0 0 0 1 0 0 0 0 0 0 0 0 0 
0 0 0 0 0 0 0 0 0 0 0 0 0 0 0 0 0 0 0 0 0 0 0 0 0 0 0 0 0 3 0 0 2 0 0 0 0 1 0 0 0 0 0 0 0 0 0 0 0 0 0 0 0 
0 0 0 0 0 0 0 0 0 0 0 0 0 0 0 0 0 0 0 0 0 0 0 0 0 0 0 0 3 0 0 2 0 0 0 0 0 0 1 0 0 0 0 0 0 0 0 0 0 0 0 0 0 
0 0 0 0 0 0 0 0 0 0 0 0 0 0 0 0 0 0 0 0 0 0 0 0 0 0 0 0 0 0 0 0 0 0 0 3 0 2 1 0 0 0 0 0 0 0 0 0 0 0 0 0 0 
0 0 0 0 0 0 0 0 0 0 0 0 0 0 0 0 0 0 0 0 0 0 0 0 0 0 0 0 0 0 0 0 0 0 0 3 0 2 1 0 0 0 0 0 0 0 0 0 0 0 0 0 0 
0 0 0 0 0 0 0 0 0 0 0 0 0 0 0 0 0 0 0 0 0 0 0 0 0 0 0 0 0 0 0 0 0 0 0 3 0 2 1 0 0 0 0 0 0 0 0 0 0 0 0 0 0 
0 0 0 0 0 0 0 0 0 0 0 0 0 0 0 0 0 0 0 0 0 0 0 0 0 0 0 0 0 0 0 0 0 0 0 3 0 2 1 0 0 0 0 0 0 0 0 0 0 0 0 0 0 
0 0 0 0 0 0 0 0 0 0 0 0 0 0 0 0 0 0 0 0 0 0 0 0 0 0 0 0 0 0 0 0 0 0 0 3 0 2 1 0 0 0 0 0 0 0 0 0 0 0 0 0 0 

0 0 0 0 0 0 0 0 0 0 0 0 0 0 0 0 0 0 0 0 0 0 0 0 0 0 0 0 0 0 0 0 3 0 0 0 0 0 0 0 0 0 0 2 0 0 0 0 0 1 0 0 0 
0 0 0 0 0 0 0 0 0 0 0 0 0 0 0 0 0 0 0 0 0 0 0 0 0 0 0 0 0 0 0 3 0 0 0 0 0 2 0 0 0 0 0 0 0 0 0 0 1 0 0 0 0 
0 0 0 0 0 0 0 0 0 0 0 0 0 0 0 0 0 0 0 0 0 0 0 0 0 0 0 0 0 0 3 0 0 0 0 0 0 0 2 0 0 0 0 1 0 0 0 0 0 0 0 0 0 
0 0 0 0 0 0 0 0 0 0 0 0 0 0 0 0 0 0 0 0 0 0 0 0 0 0 0 0 0 3 0 0 2 0 0 0 0 1 0 0 0 0 0 0 0 0 0 0 0 0 0 0 0 
0 0 0 0 0 0 0 0 0 0 0 0 0 0 0 0 0 0 0 0 0 0 0 0 0 0 0 0 3 0 0 2 0 0 0 0 0 0 1 0 0 0 0 0 0 0 0 0 0 0 0 0 0 
0 0 0 0 0 0 0 0 0 0 0 0 0 0 0 0 0 0 0 0 0 0 0 0 0 0 0 0 0 0 0 0 0 0 0 3 0 2 1 0 0 0 0 0 0 0 0 0 0 0 0 0 0 

0 0 0 0 0 0 0 0 0 0 0 0 0 0 0 0 0 0 0 0 0 0 0 0 0 0 0 0 0 0 0 0 3 0 0 0 0 0 0 0 0 0 0 2 0 0 0 0 0 1 0 0 0 
0 0 0 0 0 0 0 0 0 0 0 0 0 0 0 0 0 0 0 0 0 0 0 0 0 0 0 0 0 0 0 3 0 0 0 0 0 2 0 0 0 0 0 0 0 0 0 0 1 0 0 0 0 
0 0 0 0 0 0 0 0 0 0 0 0 0 0 0 0 0 0 0 0 0 0 0 0 0 0 0 0 0 0 3 0 0 0 0 0 0 0 2 0 0 0 0 1 0 0 0 0 0 0 0 0 0 
0 0 0 0 0 0 0 0 0 0 0 0 0 0 0 0 0 0 0 0 0 0 0 0 0 0 0 0 0 3 0 0 2 0 0 0 0 1 0 0 0 0 0 0 0 0 0 0 0 0 0 0 0 
0 0 0 0 0 0 0 0 0 0 0 0 0 0 0 0 0 0 0 0 0 0 0 0 0 0 0 0 3 0 0 2 0 0 0 0 0 0 1 0 0 0 0 0 0 0 0 0 0 0 0 0 0 
0 0 0 0 0 0 0 0 0 0 0 0 0 0 0 0 0 0 0 0 0 0 0 0 0 0 0 0 0 0 0 0 0 0 0 3 0 2 1 0 0 0 0 0 0 0 0 0 0 0 0 0 0 

0 0 0 0 0 0 0 0 0 0 0 0 0 0 0 0 0 0 0 0 0 0 0 0 0 0 0 0 0 0 0 0 3 0 0 0 0 0 0 0 0 0 0 2 0 0 0 0 0 1 0 0 0 
0 0 0 0 0 0 0 0 0 0 0 0 0 0 0 0 0 0 0 0 0 0 0 0 0 0 0 0 0 0 0 3 0 0 0 0 0 2 0 0 0 0 0 0 0 0 0 0 1 0 0 0 0 
0 0 0 0 0 0 0 0 0 0 0 0 0 0 0 0 0 0 0 0 0 0 0 0 0 0 0 0 0 0 3 0 0 0 0 0 0 0 2 0 0 0 0 1 0 0 0 0 0 0 0 0 0 
0 0 0 0 0 0 0 0 0 0 0 0 0 0 0 0 0 0 0 0 0 0 0 0 0 0 0 0 0 3 0 0 2 0 0 0 0 1 0 0 0 0 0 0 0 0 0 0 0 0 0 0 0 
0 0 0 0 0 0 0 0 0 0 0 0 0 0 0 0 0 0 0 0 0 0 0 0 0 0 0 0 3 0 0 2 0 0 0 0 0 0 1 0 0 0 0 0 0 0 0 0 0 0 0 0 0 
0 0 0 0 0 0 0 0 0 0 0 0 0 0 0 0 0 0 0 0 0 0 0 0 0 0 0 0 0 0 0 0 0 0 0 3 0 2 1 0 0 0 0 0 0 0 0 0 0 0 0 0 0 

0 0 0 0 0 0 0 0 0 0 0 0 0 0 0 0 0 0 0 0 0 0 0 0 0 0 0 0 0 0 0 0 3 0 0 0 0 0 0 0 0 0 0 2 0 0 0 0 0 1 0 0 0 
0 0 0 0 0 0 0 0 0 0 0 0 0 0 0 0 0 0 0 0 0 0 0 0 0 0 0 0 0 0 0 3 0 0 0 0 0 2 0 0 0 0 0 0 0 0 0 0 1 0 0 0 0 
0 0 0 0 0 0 0 0 0 0 0 0 0 0 0 0 0 0 0 0 0 0 0 0 0 0 0 0 0 0 3 0 0 0 0 0 0 0 2 0 0 0 0 1 0 0 0 0 0 0 0 0 0 
0 0 0 0 0 0 0 0 0 0 0 0 0 0 0 0 0 0 0 0 0 0 0 0 0 0 0 0 0 3 0 0 2 0 0 0 0 1 0 0 0 0 0 0 0 0 0 0 0 0 0 0 0 
0 0 0 0 0 0 0 0 0 0 0 0 0 0 0 0 0 0 0 0 0 0 0 0 0 0 0 0 3 0 0 2 0 0 0 0 0 0 1 0 0 0 0 0 0 0 0 0 0 0 0 0 0 
0 0 0 0 0 0 0 0 0 0 0 0 0 0 0 0 0 0 0 0 0 0 0 0 0 0 0 0 0 0 0 0 0 0 0 3 0 2 1 0 0 0 0 0 0 0 0 0 0 0 0 0 0 

0 0 0 0 0 0 0 0 0 0 0 0 0 0 0 0 0 0 0 0 0 0 0 0 0 0 0 0 0 0 0 0 3 0 0 0 0 0 0 0 0 0 0 2 0 0 0 0 0 1 0 0 0 
0 0 0 0 0 0 0 0 0 0 0 0 0 0 0 0 0 0 0 0 0 0 0 0 0 0 0 0 0 0 0 3 0 0 0 0 0 2 0 0 0 0 0 0 0 0 0 0 1 0 0 0 0 
0 0 0 0 0 0 0 0 0 0 0 0 0 0 0 0 0 0 0 0 0 0 0 0 0 0 0 0 0 0 3 0 0 0 0 0 0 0 2 0 0 0 0 1 0 0 0 0 0 0 0 0 0 
0 0 0 0 0 0 0 0 0 0 0 0 0 0 0 0 0 0 0 0 0 0 0 0 0 0 0 0 0 3 0 0 2 0 0 0 0 1 0 0 0 0 0 0 0 0 0 0 0 0 0 0 0 
0 0 0 0 0 0 0 0 0 0 0 0 0 0 0 0 0 0 0 0 0 0 0 0 0 0 0 0 3 0 0 2 0 0 0 0 0 0 1 0 0 0 0 0 0 0 0 0 0 0 0 0 0 
0 0 0 0 0 0 0 0 0 0 0 0 0 0 0 0 0 0 0 0 0 0 0 0 0 0 0 0 0 0 0 0 0 0 0 3 0 2 1 0 0 0 0 0 0 0 0 0 0 0 0 0 0 
0 0 0 0 0 0 0 0 0 0 0 0 0 0 0 0 0 0 0 0 0 0 0 0 0 0 0 0 0 0 0 0 0 0 0 3 0 2 1 0 0 0 0 0 0 0 0 0 0 0 0 0 0 

0 0 0 0 0 0 0 0 0 0 0 0 0 0 0 0 0 0 0 0 0 0 0 0 0 0 0 0 0 0 0 0 3 0 0 0 0 0 0 0 0 0 0 2 0 0 0 0 0 1 0 0 0 
0 0 0 0 0 0 0 0 0 0 0 0 0 0 0 0 0 0 0 0 0 0 0 0 0 0 0 0 0 0 0 3 0 0 0 0 0 2 0 0 0 0 0 0 0 0 0 0 1 0 0 0 0 
0 0 0 0 0 0 0 0 0 0 0 0 0 0 0 0 0 0 0 0 0 0 0 0 0 0 0 0 0 0 3 0 0 0 0 0 0 0 2 0 0 0 0 1 0 0 0 0 0 0 0 0 0 
0 0 0 0 0 0 0 0 0 0 0 0 0 0 0 0 0 0 0 0 0 0 0 0 0 0 0 0 0 3 0 0 2 0 0 0 0 1 0 0 0 0 0 0 0 0 0 0 0 0 0 0 0 
0 0 0 0 0 0 0 0 0 0 0 0 0 0 0 0 0 0 0 0 0 0 0 0 0 0 0 0 3 0 0 2 0 0 0 0 0 0 1 0 0 0 0 0 0 0 0 0 0 0 0 0 0 
0 0 0 0 0 0 0 0 0 0 0 0 0 0 0 0 0 0 0 0 0 0 0 0 0 0 0 0 0 0 0 0 0 0 0 3 0 2 1 0 0 0 0 0 0 0 0 0 0 0 0 0 0 

Groups 0 and 7 collide.
Solution of group 0
Mulirobot solution: (|moves| = 14, paralellism = 2.800) [
    Step 0: 1#49->48 2#43->37 3#32->31 
    Step 1: 1#48->43 2#37->38 3#31->30 
    Step 2: 1#43->37 2#38->32 3#30->29 
    Step 3: 1#37->38 2#32->31 3#29->28 
    Step 4: 2#31->37 3#28->35 
]
Solution of group 7
Mulirobot solution: (|moves| = 5, paralellism = 1.000) [
    Step 0: 1#9->8 
    Step 1: 1#8->16 
    Step 2: 1#16->22 
    Step 3: 1#22->29 
    Step 4: 1#29->36 
]
Occupation table complementary for group 0
0 0 0 1 1 0 1 0 0 1 0 1 0 1 1 0 1 0 1 1 0 0 1 1 1 1 1 1 1 1 1 0 0 1 1 0 1 1 0 1 0 1 1 0 1 0 0 0 0 0 1 1 0 
0 0 1 0 0 1 0 0 1 0 0 1 1 1 0 0 1 0 0 1 1 0 1 1 1 1 1 0 0 1 1 1 0 1 0 1 0 0 0 1 0 0 1 1 0 1 0 0 0 1 1 0 0 
0 1 0 1 1 0 0 0 0 0 0 1 1 0 0 0 1 1 0 0 1 0 1 0 1 1 1 0 0 0 1 0 0 0 0 0 1 1 0 1 0 0 0 1 0 1 0 0 1 1 0 0 0 
0 1 0 1 0 1 0 0 0 0 1 1 1 0 0 1 1 0 1 1 1 0 1 1 0 1 1 0 0 0 1 1 0 1 0 0 0 0 0 0 0 1 0 1 1 0 0 0 1 0 0 0 0 
0 1 0 1 0 1 0 0 1 1 0 0 1 0 0 1 0 1 1 1 1 0 0 0 1 1 1 0 0 1 1 0 1 1 0 0 0 1 0 1 0 0 0 1 0 0 0 1 0 1 1 0 0 
0 1 0 1 0 1 0 0 0 1 0 0 1 0 0 1 0 1 1 1 0 0 0 0 1 1 0 0 0 0 1 1 1 1 0 0 1 0 0 1 0 0 1 0 0 1 1 0 0 1 1 0 0 
0 1 1 1 0 1 0 0 0 0 1 1 1 0 0 1 0 1 1 1 1 0 0 0 1 1 0 0 0 0 1 1 1 0 0 0 1 0 0 1 1 1 0 0 0 0 1 0 1 0 1 1 0 
0 1 1 1 0 1 0 0 0 0 1 1 1 0 0 1 0 1 1 1 0 0 0 1 1 1 1 0 0 0 1 1 1 0 0 0 1 0 0 1 1 0 0 0 0 1 1 1 1 0 1 1 0 
0 1 1 1 0 1 0 0 0 0 1 1 1 0 0 1 0 1 1 1 0 0 0 1 1 1 0 0 0 0 1 1 1 1 0 0 1 0 0 1 1 0 0 0 0 0 1 1 1 0 1 1 0 
0 1 1 1 1 1 0 0 0 1 1 1 1 0 0 1 0 1 1 1 0 0 0 1 1 1 0 0 0 0 1 1 1 0 0 0 1 0 0 1 1 0 0 0 0 0 1 1 1 0 1 1 1 
0 1 1 1 1 1 0 0 0 0 1 1 1 0 0 1 0 1 1 1 0 0 0 1 1 1 0 0 0 0 1 1 1 0 0 0 1 0 0 1 1 0 0 0 0 1 1 1 1 0 1 1 1 
0 1 1 1 1 1 0 0 0 0 1 1 1 0 0 1 0 1 1 1 0 0 0 1 1 1 0 0 0 0 1 1 1 0 0 0 1 0 0 1 1 0 0 0 0 1 1 1 1 0 1 1 1 
1 1 1 1 1 1 0 0 0 0 1 1 1 0 0 1 0 1 1 1 0 0 0 1 1 1 0 0 0 0 1 1 1 0 0 0 1 0 0 1 1 0 0 0 0 1 1 1 1 0 1 1 1 

Occupation table complementary for group 7
0 0 0 1 1 0 1 0 0 0 0 1 0 1 1 0 1 0 1 1 0 0 1 1 1 1 1 1 1 1 1 0 3 1 1 0 1 1 0 1 0 1 1 2 1 0 0 0 0 1 1 1 0 
0 0 1 0 0 1 0 0 1 0 0 1 1 1 0 0 1 0 0 1 1 0 1 1 1 1 1 0 0 1 1 1 0 1 0 1 0 2 0 1 0 0 1 1 0 1 0 0 1 1 1 0 0 
0 1 0 1 1 0 0 0 0 0 0 1 1 0 0 0 1 1 0 0 1 0 1 0 1 1 1 0 0 0 1 0 0 0 0 0 1 1 2 1 0 0 0 1 0 1 0 0 1 1 0 0 0 
0 1 0 1 0 1 0 0 0 0 1 1 1 0 0 1 1 0 1 1 1 0 0 1 0 1 1 0 0 3 1 1 2 1 0 0 0 1 0 0 0 1 0 1 1 0 0 0 1 0 0 0 0 
0 1 0 1 0 1 0 0 1 1 0 0 1 0 0 1 0 1 1 1 1 0 0 0 1 1 1 0 3 0 1 2 1 1 0 0 0 1 1 1 0 0 0 1 0 0 0 1 0 1 1 0 0 
0 1 0 1 0 1 0 0 0 1 0 0 1 0 0 1 0 1 1 1 0 0 0 0 1 1 0 0 0 0 1 1 1 1 0 3 0 2 1 1 0 0 1 0 0 1 1 0 0 1 1 0 0 
0 1 1 1 0 1 0 0 0 0 1 1 1 0 0 1 0 1 1 1 1 0 0 0 1 1 0 0 0 0 1 1 1 0 0 3 0 2 1 1 1 1 0 0 0 0 1 0 1 0 1 1 0 
0 1 1 1 0 1 0 0 0 0 1 1 1 0 0 1 0 1 1 1 0 0 0 1 1 1 1 0 0 0 1 1 1 0 0 3 0 2 1 1 1 0 0 0 0 1 1 1 1 0 1 1 0 
0 1 1 1 0 1 0 0 0 0 1 1 1 0 0 1 0 1 1 1 0 0 0 1 1 1 0 0 0 0 1 1 1 1 0 3 0 2 1 1 1 0 0 0 0 0 1 1 1 0 1 1 0 
0 1 1 1 1 1 0 0 0 1 1 1 1 0 0 1 0 1 1 1 0 0 0 1 1 1 0 0 0 0 1 1 1 0 0 3 0 2 1 1 1 0 0 0 0 0 1 1 1 0 1 1 1 
0 1 1 1 1 1 0 0 0 0 1 1 1 0 0 1 0 1 1 1 0 0 0 1 1 1 0 0 0 0 1 1 1 0 0 3 0 2 1 1 1 0 0 0 0 1 1 1 1 0 1 1 1 
0 1 1 1 1 1 0 0 0 0 1 1 1 0 0 1 0 1 1 1 0 0 0 1 1 1 0 0 0 0 1 1 1 0 0 3 0 2 1 1 1 0 0 0 0 1 1 1 1 0 1 1 1 
1 1 1 1 1 1 0 0 0 0 1 1 1 0 0 1 0 1 1 1 0 0 0 1 1 1 0 0 0 0 1 1 1 0 0 3 0 2 1 1 1 0 0 0 0 1 1 1 1 0 1 1 1 

** Open/cterminate called after throwing an instance of 'std::bad_alloc'
  what():  std::bad_alloc
lose/exp size (steps): 1/3/1 (9)
Unable to resolve collision between groups 0 and 7.
Merging groups 0 and 7.
Searching solution for merged group 0+7.
Open/close/exp size (steps): 2644/3917/2644 (28511)
Open/close/exp size (steps): 5787/9637/5787 (34231)
Open/close/exp size (steps): 18894/16501/18894 (41095)
Open/close/exp size (steps): 23476/24738/23476 (49332)
Open/close/exp size (steps): 31320/34623/31320 (59217)
Open/close/exp size (steps): 22222/46485/22222 (71079)
Open/close/exp size (steps): 27601/60720/27601 (85314)
Open/close/exp size (steps): 28466/77802/28466 (102396)
Open/close/exp size (steps): 29825/98301/29825 (122895)
Open/close/exp size (steps): 31663/122900/31663 (147494)
Open/close/exp size (steps): 40199/152419/40199 (177013)
Open/close/exp size (steps): 126549/187842/126549 (212436)
Open/close/exp size (steps): 96081/230350/96081 (254944)
Open/close/exp size (steps): 170249/281360/170249 (305954)
Open/close/exp size (steps): 153426/342572/153426 (367166)
Open/close/exp size (steps): 87813/416027/87813 (440621)
Open/close/exp size (steps): 78745/504173/78745 (528767)
Open/close/exp size (steps): 138730/609949/138730 (634543)
Open/close/exp size (steps): 146409/736881/146409 (761475)
Aborted (core dumped)
