================================================================
reLOC 0.13-odaiba : Multirobot Solver
(C) Copyright 2016 Pavel Surynek
----------------------------------------------------------------
Reading graph...
Reading graph... FINISHED
Reading initial arrangement...
Reading initial arrangement... FINISHED.
Reading goal arrangement...
Reading goal arrangement... FINISHED.
Building instance...
Building instance... FINISHED.
Open/close/exp size (steps): 5/1/5 (2)
Open/close/exp size (steps): 14/4/14 (5)
Open/close/exp size (steps): 8/2/8 (9)
Open/close/exp size (steps): 20/7/20 (14)
Open/close/exp size (steps): 33/13/33 (20)
Open/close/exp size (steps): 48/21/48 (28)
Open/close/exp size (steps): 13/3/13 (38)
Open/close/exp size (steps): 38/15/38 (50)
Open/close/exp size (steps): 1/0/1 (65)
Open/close/exp size (steps): 24/9/24 (83)
Open/close/exp size (steps): 36/12/36 (105)
Open/close/exp size (steps): 53/23/53 (132)
Open/close/exp size (steps): 1/0/1 (165)
Open/close/exp size (steps): 57/26/57 (205)
Open/close/exp size (steps): 28/10/28 (253)
0 0 0 0 0 0 0 0 0 0 0 0 0 0 0 0 0 0 0 0 0 0 0 0 0 1 0 0 0 0 0 0 0 0 0 0 0 0 0 0 0 0 0 0 0 0 0 0 0 0 0 0 0 
0 0 0 0 0 0 0 0 0 0 0 0 0 0 0 0 0 0 0 0 0 0 0 0 1 0 0 0 0 0 0 0 0 0 0 0 0 0 0 0 0 0 0 0 0 0 0 0 0 0 0 0 0 
0 0 0 0 0 0 0 0 0 0 0 0 0 0 0 0 0 0 0 0 0 0 0 1 0 0 0 0 0 0 0 0 0 0 0 0 0 0 0 0 0 0 0 0 0 0 0 0 0 0 0 0 0 
0 0 0 0 0 0 0 0 0 0 0 0 0 0 0 0 0 0 0 0 0 0 0 0 0 0 0 0 0 0 1 0 0 0 0 0 0 0 0 0 0 0 0 0 0 0 0 0 0 0 0 0 0 
0 0 0 0 0 0 0 0 0 0 0 0 0 0 0 0 0 0 0 0 0 0 0 0 0 0 0 0 0 0 0 0 0 0 0 0 1 0 0 0 0 0 0 0 0 0 0 0 0 0 0 0 0 
0 0 0 0 0 0 0 0 0 0 0 0 0 0 0 0 0 0 0 0 0 0 0 0 0 0 0 0 0 0 0 0 0 0 0 0 1 0 0 0 0 0 0 0 0 0 0 0 0 0 0 0 0 
0 0 0 0 0 0 0 0 0 0 0 0 0 0 0 0 0 0 0 0 0 0 0 0 0 0 0 0 0 0 0 0 0 0 0 0 1 0 0 0 0 0 0 0 0 0 0 0 0 0 0 0 0 
0 0 0 0 0 0 0 0 0 0 0 0 0 0 0 0 0 0 0 0 0 0 0 0 0 0 0 0 0 0 0 0 0 0 0 0 1 0 0 0 0 0 0 0 0 0 0 0 0 0 0 0 0 
0 0 0 0 0 0 0 0 0 0 0 0 0 0 0 0 0 0 0 0 0 0 0 0 0 0 0 0 0 0 0 0 0 0 0 0 1 0 0 0 0 0 0 0 0 0 0 0 0 0 0 0 0 

0 0 0 0 0 0 0 0 0 0 0 0 0 0 0 0 0 0 0 0 0 0 0 0 0 1 0 0 0 0 0 0 0 0 0 0 0 0 0 0 0 0 0 0 0 0 0 0 0 0 0 0 0 
0 0 0 0 0 0 0 0 0 0 0 0 0 0 0 0 0 0 0 0 0 0 0 0 1 0 0 0 0 0 0 0 0 0 0 0 0 0 0 0 0 0 0 0 0 0 0 0 0 0 0 0 0 
0 0 0 0 0 0 0 0 0 0 0 0 0 0 0 0 0 0 0 0 0 0 0 1 0 0 0 0 0 0 0 0 0 0 0 0 0 0 0 0 0 0 0 0 0 0 0 0 0 0 0 0 0 
0 0 0 0 0 0 0 0 0 0 0 0 0 0 0 0 0 0 0 0 0 0 0 0 0 0 0 0 0 0 1 0 0 0 0 0 0 0 0 0 0 0 0 0 0 0 0 0 0 0 0 0 0 
0 0 0 0 0 0 0 0 0 0 0 0 0 0 0 0 0 0 0 0 0 0 0 0 0 0 0 0 0 0 0 0 0 0 0 0 1 0 0 0 0 0 0 0 0 0 0 0 0 0 0 0 0 
0 0 0 0 0 0 0 0 0 0 0 0 0 0 0 0 0 0 0 0 0 0 0 0 0 0 0 0 0 0 0 0 0 0 0 0 1 0 0 0 0 0 0 0 0 0 0 0 0 0 0 0 0 
0 0 0 0 0 0 0 0 0 0 0 0 0 0 0 0 0 0 0 0 0 0 0 0 0 0 0 0 0 0 0 0 0 0 0 0 1 0 0 0 0 0 0 0 0 0 0 0 0 0 0 0 0 
0 0 0 0 0 0 0 0 0 0 0 0 0 0 0 0 0 0 0 0 0 0 0 0 0 0 0 0 0 0 0 0 0 0 0 0 1 0 0 0 0 0 0 0 0 0 0 0 0 0 0 0 0 

0 0 0 0 0 0 0 0 0 0 0 0 0 0 0 0 0 0 0 0 0 0 0 0 0 1 0 0 0 0 0 0 0 0 0 0 0 0 0 0 0 0 0 0 0 0 0 0 0 0 0 0 0 
0 0 0 0 0 0 0 0 0 0 0 0 0 0 0 0 0 0 0 0 0 0 0 0 1 0 0 0 0 0 0 0 0 0 0 0 0 0 0 0 0 0 0 0 0 0 0 0 0 0 0 0 0 
0 0 0 0 0 0 0 0 0 0 0 0 0 0 0 0 0 0 0 0 0 0 0 1 0 0 0 0 0 0 0 0 0 0 0 0 0 0 0 0 0 0 0 0 0 0 0 0 0 0 0 0 0 
0 0 0 0 0 0 0 0 0 0 0 0 0 0 0 0 0 0 0 0 0 0 0 0 0 0 0 0 0 0 1 0 0 0 0 0 0 0 0 0 0 0 0 0 0 0 0 0 0 0 0 0 0 
0 0 0 0 0 0 0 0 0 0 0 0 0 0 0 0 0 0 0 0 0 0 0 0 0 0 0 0 0 0 0 0 0 0 0 0 1 0 0 0 0 0 0 0 0 0 0 0 0 0 0 0 0 

0 0 0 0 0 0 0 0 0 0 0 0 0 0 0 0 0 0 0 0 0 0 0 0 0 1 0 0 0 0 0 0 0 0 0 0 0 0 0 0 0 0 0 0 0 0 0 0 0 0 0 0 0 
0 0 0 0 0 0 0 0 0 0 0 0 0 0 0 0 0 0 0 0 0 0 0 0 1 0 0 0 0 0 0 0 0 0 0 0 0 0 0 0 0 0 0 0 0 0 0 0 0 0 0 0 0 
0 0 0 0 0 0 0 0 0 0 0 0 0 0 0 0 0 0 0 0 0 0 0 1 0 0 0 0 0 0 0 0 0 0 0 0 0 0 0 0 0 0 0 0 0 0 0 0 0 0 0 0 0 
0 0 0 0 0 0 0 0 0 0 0 0 0 0 0 0 0 0 0 0 0 0 0 0 0 0 0 0 0 0 1 0 0 0 0 0 0 0 0 0 0 0 0 0 0 0 0 0 0 0 0 0 0 
0 0 0 0 0 0 0 0 0 0 0 0 0 0 0 0 0 0 0 0 0 0 0 0 0 0 0 0 0 0 0 0 0 0 0 0 1 0 0 0 0 0 0 0 0 0 0 0 0 0 0 0 0 
0 0 0 0 0 0 0 0 0 0 0 0 0 0 0 0 0 0 0 0 0 0 0 0 0 0 0 0 0 0 0 0 0 0 0 0 1 0 0 0 0 0 0 0 0 0 0 0 0 0 0 0 0 

0 0 0 0 0 0 0 0 0 0 0 0 0 0 0 0 0 0 0 0 0 0 0 0 0 1 0 0 0 0 0 0 0 0 0 0 0 0 0 0 0 0 0 0 0 0 0 0 0 0 0 0 0 
0 0 0 0 0 0 0 0 0 0 0 0 0 0 0 0 0 0 0 0 0 0 0 0 1 0 0 0 0 0 0 0 0 0 0 0 0 0 0 0 0 0 0 0 0 0 0 0 0 0 0 0 0 
0 0 0 0 0 0 0 0 0 0 0 0 0 0 0 0 0 0 0 0 0 0 0 1 0 0 0 0 0 0 0 0 0 0 0 0 0 0 0 0 0 0 0 0 0 0 0 0 0 0 0 0 0 
0 0 0 0 0 0 0 0 0 0 0 0 0 0 0 0 0 0 0 0 0 0 0 0 0 0 0 0 0 0 1 0 0 0 0 0 0 0 0 0 0 0 0 0 0 0 0 0 0 0 0 0 0 
0 0 0 0 0 0 0 0 0 0 0 0 0 0 0 0 0 0 0 0 0 0 0 0 0 0 0 0 0 0 0 0 0 0 0 0 1 0 0 0 0 0 0 0 0 0 0 0 0 0 0 0 0 

Groups 0 and 5 collide.
Solution of group 0
Mulirobot solution: (|moves| = 4, paralellism = 1.000) [
    Step 0: 1#25->24 
    Step 1: 1#24->23 
    Step 2: 1#23->30 
    Step 3: 1#30->36 
]
Solution of group 5
Mulirobot solution: (|moves| = 4, paralellism = 1.000) [
    Step 0: 1#24->23 
    Step 1: 1#23->30 
    Step 2: 1#30->36 
    Step 3: 1#36->37 
]
Occupation table complementary for group 0
1 0 0 0 1 0 0 1 0 1 1 1 1 1 0 1 0 0 0 1 1 0 0 1 1 0 1 0 1 0 0 0 1 0 0 1 0 0 1 1 0 0 1 1 0 0 0 0 0 1 1 1 0 
0 0 0 1 0 1 1 0 1 0 1 1 0 1 0 1 1 0 1 0 0 1 0 1 0 1 0 1 0 1 1 0 0 1 0 0 0 1 1 0 0 1 0 1 1 0 0 0 0 0 1 0 0 
0 0 0 0 0 0 1 1 0 1 1 1 1 0 1 0 0 1 0 1 1 0 1 0 1 0 0 0 0 0 1 0 0 1 1 0 1 1 1 0 0 0 0 1 0 0 0 1 0 0 0 0 0 
0 0 0 0 0 0 1 0 1 0 0 1 0 1 0 1 0 1 1 1 0 0 0 1 0 0 0 1 0 1 1 1 0 0 1 0 1 1 0 0 1 0 0 0 0 0 0 1 0 0 0 0 0 
0 0 0 0 0 0 1 1 0 0 0 1 0 0 1 1 0 1 0 1 1 0 1 1 0 1 0 0 0 0 1 0 0 1 1 1 0 1 1 0 0 0 0 1 0 0 1 1 0 0 0 0 0 
0 0 0 0 0 0 1 0 0 0 0 1 0 1 0 1 1 1 1 1 0 0 0 1 0 0 0 1 0 1 1 1 1 0 1 1 0 1 0 0 0 0 0 1 0 0 0 1 0 0 0 0 0 
0 0 0 0 0 0 1 0 1 0 1 1 0 0 1 1 1 1 0 1 1 0 0 0 0 1 0 0 1 0 1 1 1 1 1 1 0 1 0 0 0 0 0 1 0 0 0 1 1 0 0 0 0 
0 0 0 0 0 1 1 0 0 1 0 1 0 1 0 1 0 1 1 1 0 0 0 0 0 0 0 1 0 0 1 1 1 0 1 1 0 1 0 0 1 0 1 1 0 0 0 1 0 1 0 0 0 
0 0 0 0 0 1 1 0 1 1 1 1 0 0 1 1 0 1 0 1 0 0 0 0 0 0 0 1 0 0 1 1 1 1 1 1 0 1 0 0 0 0 1 1 0 0 1 1 0 0 1 0 0 
0 0 1 0 0 1 1 0 0 1 1 1 0 0 1 1 0 1 0 1 0 0 0 0 0 0 0 1 0 0 1 1 1 1 1 1 0 1 0 0 0 0 1 1 0 0 0 1 0 0 1 0 0 
1 0 1 0 0 1 1 0 0 1 1 1 0 0 1 1 0 1 0 1 0 0 0 0 0 0 0 1 0 0 1 1 1 1 1 1 0 1 0 0 0 0 1 1 0 0 0 1 1 0 1 0 0 

Occupation table complementary for group 5
1 0 0 0 1 0 0 1 0 1 1 1 1 1 0 1 0 0 0 1 1 0 0 1 0 1 1 0 1 0 0 0 1 0 0 1 0 0 1 1 0 0 1 1 0 0 0 0 0 1 1 1 0 
0 0 0 1 0 1 1 0 1 0 1 1 0 1 0 1 1 0 1 0 0 1 0 0 1 1 0 1 0 1 1 0 0 1 0 0 0 1 1 0 0 1 0 1 1 0 0 0 0 0 1 0 0 
0 0 0 0 0 0 1 1 0 1 1 1 1 0 1 0 0 1 0 1 1 0 1 1 1 0 0 0 0 0 0 0 0 1 1 0 1 1 1 0 0 0 0 1 0 0 0 1 0 0 0 0 0 
0 0 0 0 0 0 1 0 1 0 0 1 0 1 0 1 0 1 1 1 0 0 0 1 0 0 0 1 0 1 1 1 0 0 1 0 1 1 0 0 1 0 0 0 0 0 0 1 0 0 0 0 0 
0 0 0 0 0 0 1 1 0 0 0 1 0 0 1 1 0 1 0 1 1 0 1 1 0 1 0 0 0 0 1 0 0 1 1 1 1 0 1 0 0 0 0 1 0 0 1 1 0 0 0 0 0 
0 0 0 0 0 0 1 0 0 0 0 1 0 1 0 1 1 1 1 1 0 0 0 1 0 0 0 1 0 1 1 1 1 0 1 1 1 0 0 0 0 0 0 1 0 0 0 1 0 0 0 0 0 
0 0 0 0 0 0 1 0 1 0 1 1 0 0 1 1 1 1 0 1 1 0 0 0 0 1 0 0 1 0 1 1 1 1 1 1 1 0 0 0 0 0 0 1 0 0 0 1 1 0 0 0 0 
0 0 0 0 0 1 1 0 0 1 0 1 0 1 0 1 0 1 1 1 0 0 0 0 0 0 0 1 0 0 1 1 1 0 1 1 1 0 0 0 1 0 1 1 0 0 0 1 0 1 0 0 0 
0 0 0 0 0 1 1 0 1 1 1 1 0 0 1 1 0 1 0 1 0 0 0 0 0 0 0 1 0 0 1 1 1 1 1 1 1 0 0 0 0 0 1 1 0 0 1 1 0 0 1 0 0 
0 0 1 0 0 1 1 0 0 1 1 1 0 0 1 1 0 1 0 1 0 0 0 0 0 0 0 1 0 0 1 1 1 1 1 1 1 0 0 0 0 0 1 1 0 0 0 1 0 0 1 0 0 
1 0 1 0 0 1 1 0 0 1 1 1 0 0 1 1 0 1 0 1 0 0 0 0 0 0 0 1 0 0 1 1 1 1 1 1 1 0 0 0 0 0 1 1 0 0 0 1 1 0 1 0 0 

Unable to resolve collision between groups 0 and 5.
Merging groups 0 and 5.
Searching solution for merged group 0+5.
Open/close/exp size (steps): 96/34/96 (311)
Open/close/exp size (steps): 196/104/196 (381)
Open/close/exp size (steps): 275/188/275 (465)
0 0 0 0 0 0 0 0 0 0 0 0 0 0 0 0 0 0 0 0 0 0 0 0 2 1 0 0 0 0 0 0 0 0 0 0 0 0 0 0 0 0 0 0 0 0 0 0 0 0 0 0 0 
0 0 0 0 0 0 0 0 0 0 0 0 0 0 0 0 0 0 0 0 0 0 0 0 2 0 0 0 0 0 0 1 0 0 0 0 0 0 0 0 0 0 0 0 0 0 0 0 0 0 0 0 0 
0 0 0 0 0 0 0 0 0 0 0 0 0 0 0 0 0 0 0 0 0 0 0 0 0 2 0 0 0 0 0 0 0 0 0 0 0 0 1 0 0 0 0 0 0 0 0 0 0 0 0 0 0 
0 0 0 0 0 0 0 0 0 0 0 0 0 0 0 0 0 0 0 0 0 0 0 0 0 0 0 0 0 0 0 2 0 0 0 0 0 1 0 0 0 0 0 0 0 0 0 0 0 0 0 0 0 
0 0 0 0 0 0 0 0 0 0 0 0 0 0 0 0 0 0 0 0 0 0 0 0 0 0 0 0 0 0 0 0 0 0 0 0 1 0 2 0 0 0 0 0 0 0 0 0 0 0 0 0 0 
0 0 0 0 0 0 0 0 0 0 0 0 0 0 0 0 0 0 0 0 0 0 0 0 0 0 0 0 0 0 0 0 0 0 0 0 1 2 0 0 0 0 0 0 0 0 0 0 0 0 0 0 0 
0 0 0 0 0 0 0 0 0 0 0 0 0 0 0 0 0 0 0 0 0 0 0 0 0 0 0 0 0 0 0 0 0 0 0 0 1 2 0 0 0 0 0 0 0 0 0 0 0 0 0 0 0 
0 0 0 0 0 0 0 0 0 0 0 0 0 0 0 0 0 0 0 0 0 0 0 0 0 0 0 0 0 0 0 0 0 0 0 0 1 2 0 0 0 0 0 0 0 0 0 0 0 0 0 0 0 
0 0 0 0 0 0 0 0 0 0 0 0 0 0 0 0 0 0 0 0 0 0 0 0 0 0 0 0 0 0 0 0 0 0 0 0 1 2 0 0 0 0 0 0 0 0 0 0 0 0 0 0 0 

0 0 0 0 0 0 0 0 0 0 0 0 0 0 0 0 0 0 0 0 0 0 0 0 2 1 0 0 0 0 0 0 0 0 0 0 0 0 0 0 0 0 0 0 0 0 0 0 0 0 0 0 0 
0 0 0 0 0 0 0 0 0 0 0 0 0 0 0 0 0 0 0 0 0 0 0 0 2 0 0 0 0 0 0 1 0 0 0 0 0 0 0 0 0 0 0 0 0 0 0 0 0 0 0 0 0 
0 0 0 0 0 0 0 0 0 0 0 0 0 0 0 0 0 0 0 0 0 0 0 0 0 2 0 0 0 0 0 0 0 0 0 0 0 0 1 0 0 0 0 0 0 0 0 0 0 0 0 0 0 
0 0 0 0 0 0 0 0 0 0 0 0 0 0 0 0 0 0 0 0 0 0 0 0 0 0 0 0 0 0 0 2 0 0 0 0 0 1 0 0 0 0 0 0 0 0 0 0 0 0 0 0 0 
0 0 0 0 0 0 0 0 0 0 0 0 0 0 0 0 0 0 0 0 0 0 0 0 0 0 0 0 0 0 0 0 0 0 0 0 1 0 2 0 0 0 0 0 0 0 0 0 0 0 0 0 0 
0 0 0 0 0 0 0 0 0 0 0 0 0 0 0 0 0 0 0 0 0 0 0 0 0 0 0 0 0 0 0 0 0 0 0 0 1 2 0 0 0 0 0 0 0 0 0 0 0 0 0 0 0 
0 0 0 0 0 0 0 0 0 0 0 0 0 0 0 0 0 0 0 0 0 0 0 0 0 0 0 0 0 0 0 0 0 0 0 0 1 2 0 0 0 0 0 0 0 0 0 0 0 0 0 0 0 
0 0 0 0 0 0 0 0 0 0 0 0 0 0 0 0 0 0 0 0 0 0 0 0 0 0 0 0 0 0 0 0 0 0 0 0 1 2 0 0 0 0 0 0 0 0 0 0 0 0 0 0 0 

0 0 0 0 0 0 0 0 0 0 0 0 0 0 0 0 0 0 0 0 0 0 0 0 2 1 0 0 0 0 0 0 0 0 0 0 0 0 0 0 0 0 0 0 0 0 0 0 0 0 0 0 0 
0 0 0 0 0 0 0 0 0 0 0 0 0 0 0 0 0 0 0 0 0 0 0 0 2 0 0 0 0 0 0 1 0 0 0 0 0 0 0 0 0 0 0 0 0 0 0 0 0 0 0 0 0 
0 0 0 0 0 0 0 0 0 0 0 0 0 0 0 0 0 0 0 0 0 0 0 0 0 2 0 0 0 0 0 0 0 0 0 0 0 0 1 0 0 0 0 0 0 0 0 0 0 0 0 0 0 
0 0 0 0 0 0 0 0 0 0 0 0 0 0 0 0 0 0 0 0 0 0 0 0 0 0 0 0 0 0 0 2 0 0 0 0 0 1 0 0 0 0 0 0 0 0 0 0 0 0 0 0 0 
0 0 0 0 0 0 0 0 0 0 0 0 0 0 0 0 0 0 0 0 0 0 0 0 0 0 0 0 0 0 0 0 0 0 0 0 1 0 2 0 0 0 0 0 0 0 0 0 0 0 0 0 0 
0 0 0 0 0 0 0 0 0 0 0 0 0 0 0 0 0 0 0 0 0 0 0 0 0 0 0 0 0 0 0 0 0 0 0 0 1 2 0 0 0 0 0 0 0 0 0 0 0 0 0 0 0 

0 0 0 0 0 0 0 0 0 0 0 0 0 0 0 0 0 0 0 0 0 0 0 0 2 1 0 0 0 0 0 0 0 0 0 0 0 0 0 0 0 0 0 0 0 0 0 0 0 0 0 0 0 
0 0 0 0 0 0 0 0 0 0 0 0 0 0 0 0 0 0 0 0 0 0 0 0 2 0 0 0 0 0 0 1 0 0 0 0 0 0 0 0 0 0 0 0 0 0 0 0 0 0 0 0 0 
0 0 0 0 0 0 0 0 0 0 0 0 0 0 0 0 0 0 0 0 0 0 0 0 0 2 0 0 0 0 0 0 0 0 0 0 0 0 1 0 0 0 0 0 0 0 0 0 0 0 0 0 0 
0 0 0 0 0 0 0 0 0 0 0 0 0 0 0 0 0 0 0 0 0 0 0 0 0 0 0 0 0 0 0 2 0 0 0 0 0 1 0 0 0 0 0 0 0 0 0 0 0 0 0 0 0 
0 0 0 0 0 0 0 0 0 0 0 0 0 0 0 0 0 0 0 0 0 0 0 0 0 0 0 0 0 0 0 0 0 0 0 0 1 0 2 0 0 0 0 0 0 0 0 0 0 0 0 0 0 
0 0 0 0 0 0 0 0 0 0 0 0 0 0 0 0 0 0 0 0 0 0 0 0 0 0 0 0 0 0 0 0 0 0 0 0 1 2 0 0 0 0 0 0 0 0 0 0 0 0 0 0 0 

0 0 0 0 0 0 0 0 0 0 0 0 0 0 0 0 0 0 0 0 0 0 0 0 2 1 0 0 0 0 0 0 0 0 0 0 0 0 0 0 0 0 0 0 0 0 0 0 0 0 0 0 0 
0 0 0 0 0 0 0 0 0 0 0 0 0 0 0 0 0 0 0 0 0 0 0 0 2 0 0 0 0 0 0 1 0 0 0 0 0 0 0 0 0 0 0 0 0 0 0 0 0 0 0 0 0 
0 0 0 0 0 0 0 0 0 0 0 0 0 0 0 0 0 0 0 0 0 0 0 0 0 2 0 0 0 0 0 0 0 0 0 0 0 0 1 0 0 0 0 0 0 0 0 0 0 0 0 0 0 
0 0 0 0 0 0 0 0 0 0 0 0 0 0 0 0 0 0 0 0 0 0 0 0 0 0 0 0 0 0 0 2 0 0 0 0 0 1 0 0 0 0 0 0 0 0 0 0 0 0 0 0 0 
0 0 0 0 0 0 0 0 0 0 0 0 0 0 0 0 0 0 0 0 0 0 0 0 0 0 0 0 0 0 0 0 0 0 0 0 1 0 2 0 0 0 0 0 0 0 0 0 0 0 0 0 0 
0 0 0 0 0 0 0 0 0 0 0 0 0 0 0 0 0 0 0 0 0 0 0 0 0 0 0 0 0 0 0 0 0 0 0 0 1 2 0 0 0 0 0 0 0 0 0 0 0 0 0 0 0 

0 0 0 0 0 0 0 0 0 0 0 0 0 0 0 0 0 0 0 0 0 0 0 0 2 1 0 0 0 0 0 0 0 0 0 0 0 0 0 0 0 0 0 0 0 0 0 0 0 0 0 0 0 
0 0 0 0 0 0 0 0 0 0 0 0 0 0 0 0 0 0 0 0 0 0 0 0 2 0 0 0 0 0 0 1 0 0 0 0 0 0 0 0 0 0 0 0 0 0 0 0 0 0 0 0 0 
0 0 0 0 0 0 0 0 0 0 0 0 0 0 0 0 0 0 0 0 0 0 0 0 0 2 0 0 0 0 0 0 0 0 0 0 0 0 1 0 0 0 0 0 0 0 0 0 0 0 0 0 0 
0 0 0 0 0 0 0 0 0 0 0 0 0 0 0 0 0 0 0 0 0 0 0 0 0 0 0 0 0 0 0 2 0 0 0 0 0 1 0 0 0 0 0 0 0 0 0 0 0 0 0 0 0 
0 0 0 0 0 0 0 0 0 0 0 0 0 0 0 0 0 0 0 0 0 0 0 0 0 0 0 0 0 0 0 0 0 0 0 0 1 0 2 0 0 0 0 0 0 0 0 0 0 0 0 0 0 
0 0 0 0 0 0 0 0 0 0 0 0 0 0 0 0 0 0 0 0 0 0 0 0 0 0 0 0 0 0 0 0 0 0 0 0 1 2 0 0 0 0 0 0 0 0 0 0 0 0 0 0 0 

0 0 0 0 0 0 0 0 0 0 0 0 0 0 0 0 0 0 0 0 0 0 0 0 2 1 0 0 0 0 0 0 0 0 0 0 0 0 0 0 0 0 0 0 0 0 0 0 0 0 0 0 0 
0 0 0 0 0 0 0 0 0 0 0 0 0 0 0 0 0 0 0 0 0 0 0 0 2 0 0 0 0 0 0 1 0 0 0 0 0 0 0 0 0 0 0 0 0 0 0 0 0 0 0 0 0 
0 0 0 0 0 0 0 0 0 0 0 0 0 0 0 0 0 0 0 0 0 0 0 0 0 2 0 0 0 0 0 0 0 0 0 0 0 0 1 0 0 0 0 0 0 0 0 0 0 0 0 0 0 
0 0 0 0 0 0 0 0 0 0 0 0 0 0 0 0 0 0 0 0 0 0 0 0 0 0 0 0 0 0 0 2 0 0 0 0 0 1 0 0 0 0 0 0 0 0 0 0 0 0 0 0 0 
0 0 0 0 0 0 0 0 0 0 0 0 0 0 0 0 0 0 0 0 0 0 0 0 0 0 0 0 0 0 0 0 0 0 0 0 1 0 2 0 0 0 0 0 0 0 0 0 0 0 0 0 0 
0 0 0 0 0 0 0 0 0 0 0 0 0 0 0 0 0 0 0 0 0 0 0 0 0 0 0 0 0 0 0 0 0 0 0 0 1 2 0 0 0 0 0 0 0 0 0 0 0 0 0 0 0 
0 0 0 0 0 0 0 0 0 0 0 0 0 0 0 0 0 0 0 0 0 0 0 0 0 0 0 0 0 0 0 0 0 0 0 0 1 2 0 0 0 0 0 0 0 0 0 0 0 0 0 0 0 
0 0 0 0 0 0 0 0 0 0 0 0 0 0 0 0 0 0 0 0 0 0 0 0 0 0 0 0 0 0 0 0 0 0 0 0 1 2 0 0 0 0 0 0 0 0 0 0 0 0 0 0 0 
0 0 0 0 0 0 0 0 0 0 0 0 0 0 0 0 0 0 0 0 0 0 0 0 0 0 0 0 0 0 0 0 0 0 0 0 1 2 0 0 0 0 0 0 0 0 0 0 0 0 0 0 0 
0 0 0 0 0 0 0 0 0 0 0 0 0 0 0 0 0 0 0 0 0 0 0 0 0 0 0 0 0 0 0 0 0 0 0 0 1 2 0 0 0 0 0 0 0 0 0 0 0 0 0 0 0 
0 0 0 0 0 0 0 0 0 0 0 0 0 0 0 0 0 0 0 0 0 0 0 0 0 0 0 0 0 0 0 0 0 0 0 0 1 2 0 0 0 0 0 0 0 0 0 0 0 0 0 0 0 

0 0 0 0 0 0 0 0 0 0 0 0 0 0 0 0 0 0 0 0 0 0 0 0 2 1 0 0 0 0 0 0 0 0 0 0 0 0 0 0 0 0 0 0 0 0 0 0 0 0 0 0 0 
0 0 0 0 0 0 0 0 0 0 0 0 0 0 0 0 0 0 0 0 0 0 0 0 2 0 0 0 0 0 0 1 0 0 0 0 0 0 0 0 0 0 0 0 0 0 0 0 0 0 0 0 0 
0 0 0 0 0 0 0 0 0 0 0 0 0 0 0 0 0 0 0 0 0 0 0 0 0 2 0 0 0 0 0 0 0 0 0 0 0 0 1 0 0 0 0 0 0 0 0 0 0 0 0 0 0 
0 0 0 0 0 0 0 0 0 0 0 0 0 0 0 0 0 0 0 0 0 0 0 0 0 0 0 0 0 0 0 2 0 0 0 0 0 1 0 0 0 0 0 0 0 0 0 0 0 0 0 0 0 
0 0 0 0 0 0 0 0 0 0 0 0 0 0 0 0 0 0 0 0 0 0 0 0 0 0 0 0 0 0 0 0 0 0 0 0 1 0 2 0 0 0 0 0 0 0 0 0 0 0 0 0 0 
0 0 0 0 0 0 0 0 0 0 0 0 0 0 0 0 0 0 0 0 0 0 0 0 0 0 0 0 0 0 0 0 0 0 0 0 1 2 0 0 0 0 0 0 0 0 0 0 0 0 0 0 0 
0 0 0 0 0 0 0 0 0 0 0 0 0 0 0 0 0 0 0 0 0 0 0 0 0 0 0 0 0 0 0 0 0 0 0 0 1 2 0 0 0 0 0 0 0 0 0 0 0 0 0 0 0 
0 0 0 0 0 0 0 0 0 0 0 0 0 0 0 0 0 0 0 0 0 0 0 0 0 0 0 0 0 0 0 0 0 0 0 0 1 2 0 0 0 0 0 0 0 0 0 0 0 0 0 0 0 

0 0 0 0 0 0 0 0 0 0 0 0 0 0 0 0 0 0 0 0 0 0 0 0 2 1 0 0 0 0 0 0 0 0 0 0 0 0 0 0 0 0 0 0 0 0 0 0 0 0 0 0 0 
0 0 0 0 0 0 0 0 0 0 0 0 0 0 0 0 0 0 0 0 0 0 0 0 2 0 0 0 0 0 0 1 0 0 0 0 0 0 0 0 0 0 0 0 0 0 0 0 0 0 0 0 0 
0 0 0 0 0 0 0 0 0 0 0 0 0 0 0 0 0 0 0 0 0 0 0 0 0 2 0 0 0 0 0 0 0 0 0 0 0 0 1 0 0 0 0 0 0 0 0 0 0 0 0 0 0 
0 0 0 0 0 0 0 0 0 0 0 0 0 0 0 0 0 0 0 0 0 0 0 0 0 0 0 0 0 0 0 2 0 0 0 0 0 1 0 0 0 0 0 0 0 0 0 0 0 0 0 0 0 
0 0 0 0 0 0 0 0 0 0 0 0 0 0 0 0 0 0 0 0 0 0 0 0 0 0 0 0 0 0 0 0 0 0 0 0 1 0 2 0 0 0 0 0 0 0 0 0 0 0 0 0 0 
0 0 0 0 0 0 0 0 0 0 0 0 0 0 0 0 0 0 0 0 0 0 0 0 0 0 0 0 0 0 0 0 0 0 0 0 1 2 0 0 0 0 0 0 0 0 0 0 0 0 0 0 0 

0 0 0 0 0 0 0 0 0 0 0 0 0 0 0 0 0 0 0 0 0 0 0 0 2 1 0 0 0 0 0 0 0 0 0 0 0 0 0 0 0 0 0 0 0 0 0 0 0 0 0 0 0 
0 0 0 0 0 0 0 0 0 0 0 0 0 0 0 0 0 0 0 0 0 0 0 0 2 0 0 0 0 0 0 1 0 0 0 0 0 0 0 0 0 0 0 0 0 0 0 0 0 0 0 0 0 
0 0 0 0 0 0 0 0 0 0 0 0 0 0 0 0 0 0 0 0 0 0 0 0 0 2 0 0 0 0 0 0 0 0 0 0 0 0 1 0 0 0 0 0 0 0 0 0 0 0 0 0 0 
0 0 0 0 0 0 0 0 0 0 0 0 0 0 0 0 0 0 0 0 0 0 0 0 0 0 0 0 0 0 0 2 0 0 0 0 0 1 0 0 0 0 0 0 0 0 0 0 0 0 0 0 0 
0 0 0 0 0 0 0 0 0 0 0 0 0 0 0 0 0 0 0 0 0 0 0 0 0 0 0 0 0 0 0 0 0 0 0 0 1 0 2 0 0 0 0 0 0 0 0 0 0 0 0 0 0 
0 0 0 0 0 0 0 0 0 0 0 0 0 0 0 0 0 0 0 0 0 0 0 0 0 0 0 0 0 0 0 0 0 0 0 0 1 2 0 0 0 0 0 0 0 0 0 0 0 0 0 0 0 
0 0 0 0 0 0 0 0 0 0 0 0 0 0 0 0 0 0 0 0 0 0 0 0 0 0 0 0 0 0 0 0 0 0 0 0 1 2 0 0 0 0 0 0 0 0 0 0 0 0 0 0 0 
0 0 0 0 0 0 0 0 0 0 0 0 0 0 0 0 0 0 0 0 0 0 0 0 0 0 0 0 0 0 0 0 0 0 0 0 1 2 0 0 0 0 0 0 0 0 0 0 0 0 0 0 0 
0 0 0 0 0 0 0 0 0 0 0 0 0 0 0 0 0 0 0 0 0 0 0 0 0 0 0 0 0 0 0 0 0 0 0 0 1 2 0 0 0 0 0 0 0 0 0 0 0 0 0 0 0 

Groups 0 and 10 collide.
Solution of group 0
Mulirobot solution: (|moves| = 8, paralellism = 1.600) [
    Step 0: 1#25->31 
    Step 1: 1#31->38 2#24->25 
    Step 2: 1#38->37 2#25->31 
    Step 3: 1#37->36 2#31->38 
    Step 4: 2#38->37 
]
Solution of group 10
Mulirobot solution: (|moves| = 8, paralellism = 1.000) [
    Step 0: 1#50->43 
    Step 1: 1#43->37 
    Step 2: 1#37->36 
    Step 3: 1#36->30 
    Step 4: 1#30->23 
    Step 5: 1#23->16 
    Step 6: 1#16->15 
    Step 7: 1#15->14 
]
Occupation table complementary for group 0
1 0 0 0 1 0 0 1 0 1 1 1 1 1 0 1 0 0 0 1 1 0 0 1 0 0 1 0 1 0 0 0 1 0 0 1 0 0 1 1 0 0 1 1 0 0 0 0 0 1 1 1 0 
0 0 0 1 0 1 1 0 1 0 1 1 0 1 0 1 1 0 1 0 0 1 0 0 0 1 0 1 0 1 1 0 0 1 0 0 0 1 1 0 0 1 0 1 1 0 0 0 0 0 1 0 0 
0 0 0 0 0 0 1 1 0 1 1 1 1 0 1 0 0 1 0 1 1 0 1 0 1 0 0 0 0 0 0 0 0 1 1 0 1 1 1 0 0 0 0 1 0 0 0 1 0 0 0 0 0 
0 0 0 0 0 0 1 0 1 0 0 1 0 1 0 1 0 1 1 1 0 0 0 1 0 0 0 1 0 1 1 1 0 0 1 0 1 1 0 0 1 0 0 0 0 0 0 1 0 0 0 0 0 
0 0 0 0 0 0 1 1 0 0 0 1 0 0 1 1 0 1 0 1 1 0 1 1 0 1 0 0 0 0 1 0 0 1 1 1 0 0 1 0 0 0 0 1 0 0 1 1 0 0 0 0 0 
0 0 0 0 0 0 1 0 0 0 0 1 0 1 0 1 1 1 1 1 0 0 0 1 0 0 0 1 0 1 1 1 1 0 1 1 0 0 0 0 0 0 0 1 0 0 0 1 0 0 0 0 0 
0 0 0 0 0 0 1 0 1 0 1 1 0 0 1 1 1 1 0 1 1 0 0 0 0 1 0 0 1 0 1 1 1 1 1 1 0 0 0 0 0 0 0 1 0 0 0 1 1 0 0 0 0 
0 0 0 0 0 1 1 0 0 1 0 1 0 1 0 1 0 1 1 1 0 0 0 0 0 0 0 1 0 0 1 1 1 0 1 1 0 0 0 0 1 0 1 1 0 0 0 1 0 1 0 0 0 
0 0 0 0 0 1 1 0 1 1 1 1 0 0 1 1 0 1 0 1 0 0 0 0 0 0 0 1 0 0 1 1 1 1 1 1 0 0 0 0 0 0 1 1 0 0 1 1 0 0 1 0 0 
0 0 1 0 0 1 1 0 0 1 1 1 0 0 1 1 0 1 0 1 0 0 0 0 0 0 0 1 0 0 1 1 1 1 1 1 0 0 0 0 0 0 1 1 0 0 0 1 0 0 1 0 0 
1 0 1 0 0 1 1 0 0 1 1 1 0 0 1 1 0 1 0 1 0 0 0 0 0 0 0 1 0 0 1 1 1 1 1 1 0 0 0 0 0 0 1 1 0 0 0 1 1 0 1 0 0 

Occupation table complementary for group 10
1 0 0 0 1 0 0 1 0 1 1 1 1 1 0 1 0 0 0 1 1 0 0 1 2 1 1 0 1 0 0 0 1 0 0 1 0 0 1 1 0 0 1 1 0 0 0 0 0 1 0 1 0 
0 0 0 1 0 1 1 0 1 0 1 1 0 1 0 1 1 0 1 0 0 1 0 0 2 1 0 1 0 1 1 1 0 1 0 0 0 1 1 0 0 1 0 0 1 0 0 0 0 0 1 0 0 
0 0 0 0 0 0 1 1 0 1 1 1 1 0 1 0 0 1 0 1 1 0 1 0 1 2 0 0 0 0 0 0 0 1 1 0 1 1 1 0 0 0 0 1 0 0 0 1 0 0 0 0 0 
0 0 0 0 0 0 1 0 1 0 0 1 0 1 0 1 0 1 1 1 0 0 0 1 0 0 0 1 0 1 1 1 0 0 1 0 1 1 0 0 1 0 0 0 0 0 0 1 0 0 0 0 0 
0 0 0 0 0 0 1 1 0 0 0 1 0 0 1 1 0 1 0 1 1 0 1 1 0 1 0 0 0 0 1 0 0 1 1 1 1 0 1 0 0 0 0 1 0 0 1 1 0 0 0 0 0 
0 0 0 0 0 0 1 0 0 0 0 1 0 1 0 1 1 1 1 1 0 0 0 0 0 0 0 1 0 1 1 1 1 0 1 1 1 2 0 0 0 0 0 1 0 0 0 1 0 0 0 0 0 
0 0 0 0 0 0 1 0 1 0 1 1 0 0 1 1 0 1 0 1 1 0 0 0 0 1 0 0 1 0 1 1 1 1 1 1 1 2 0 0 0 0 0 1 0 0 0 1 1 0 0 0 0 
0 0 0 0 0 1 1 0 0 1 0 1 0 1 0 1 0 1 1 1 0 0 0 0 0 0 0 1 0 0 1 1 1 0 1 1 1 2 0 0 1 0 1 1 0 0 0 1 0 1 0 0 0 
0 0 0 0 0 1 1 0 1 1 1 1 0 0 0 1 0 1 0 1 0 0 0 0 0 0 0 1 0 0 1 1 1 1 1 1 1 2 0 0 0 0 1 1 0 0 1 1 0 0 1 0 0 
0 0 1 0 0 1 1 0 0 1 1 1 0 0 0 1 0 1 0 1 0 0 0 0 0 0 0 1 0 0 1 1 1 1 1 1 1 2 0 0 0 0 1 1 0 0 0 1 0 0 1 0 0 
1 0 1 0 0 1 1 0 0 1 1 1 0 0 0 1 0 1 0 1 0 0 0 0 0 0 0 1 0 0 1 1 1 1 1 1 1 2 0 0 0 0 1 1 0 0 0 1 1 0 1 0 0 

Unable to resolve collision between groups 0 and 10.
Merging groups 0 and 10.
Searching solution for merged group 0+10.
Open/close/exp size (steps): 161/57/161 (566)
Open/close/exp size (steps): 371/179/371 (688)
Open/close/exp size (steps): 483/326/483 (835)
Open/close/exp size (steps): 932/503/932 (1012)
Open/close/exp size (steps): 1331/716/1331 (1225)
Open/close/exp size (steps): 1249/972/1249 (1481)
Open/close/exp size (steps): 1133/1280/1133 (1789)
Open/close/exp size (steps): 1044/1650/1044 (2159)
Open/close/exp size (steps): 2250/2094/2250 (2603)
Open/close/exp size (steps): 3270/2627/3270 (3136)
Open/close/exp size (steps): 3014/3267/3014 (3776)
Open/close/exp size (steps): 2593/4035/2593 (4544)
Open/close/exp size (steps): 2239/4957/2239 (5466)
Open/close/exp size (steps): 4857/6064/4857 (6573)
Open/close/exp size (steps): 6628/7393/6628 (7902)
Open/close/exp size (steps): 10937/8988/10937 (9497)
Open/close/exp size (steps): 13579/10902/13579 (11411)
Open/close/exp size (steps): 14608/13199/14608 (13708)
Open/close/exp size (steps): 13404/15956/13404 (16465)
Open/close/exp size (steps): 10603/19265/10603 (19774)
Open/close/exp size (steps): 10079/23236/10079 (23745)
Open/close/exp size (steps): 16204/28002/16204 (28511)
Open/close/exp size (steps): 20799/33722/20799 (34231)
Open/close/exp size (steps): 14814/40586/14814 (41095)
Open/close/exp size (steps): 15364/48823/15364 (49332)
Open/close/exp size (steps): 22762/58708/22762 (59217)
Open/close/exp size (steps): 39495/70570/39495 (71079)
Open/close/exp size (steps): 60604/84805/60604 (85314)
Open/close/exp size (steps): 61482/101887/61482 (102396)
Open/close/exp size (steps): 65444/122386/65444 (122895)
Open/close/exp size (steps): 50763/146985/50763 (147494)
Open/close/exp size (steps): 53201/176504/53201 (177013)
Open/close/exp size (steps): 45618/211927terminate called after throwing an instance of 'St9bad_alloc'
  what():  std::bad_alloc
/45618 (212436)
Open/close/exp size (steps): 61294/254435/61294 (254944)
Open/close/exp size (steps): 100901/305445/100901 (305954)
Open/close/exp size (steps): 177676/366657/177676 (367166)
Open/close/exp size (steps): 133254/440112/133254 (440621)
Open/close/exp size (steps): 114390/528258/114390 (528767)
Open/close/exp size (steps): 75229/634034/75229 (634543)
Open/close/exp size (steps): 237244/760966/237244 (761475)
Aborted (core dumped)
