================================================================
reLOC 0.13-odaiba : Multirobot Solver
(C) Copyright 2016 Pavel Surynek
----------------------------------------------------------------
Reading graph...
Reading graph... FINISHED
Reading initial arrangement...
Reading initial arrangement... FINISHED.
Reading goal arrangement...
Reading goal arrangement... FINISHED.
Building instance...
Building instance... FINISHED.
Open/close/exp size (steps): 4/1/4 (2)
Open/close/exp size (steps): 13/4/13 (5)
Open/close/exp size (steps): 5/1/5 (9)
Open/close/exp size (steps): 21/6/21 (14)
Open/close/exp size (steps): 3/1/3 (20)
Open/close/exp size (steps): 23/9/23 (28)
Open/close/exp size (steps): 16/6/16 (38)
Open/close/exp size (steps): 11/3/11 (50)
Open/close/exp size (steps): 7/3/7 (65)
Open/close/exp size (steps): 24/10/24 (83)
Open/close/exp size (steps): 32/15/32 (105)
Open/close/exp size (steps): 8/3/8 (132)
0 0 0 0 0 0 0 0 0 0 0 0 0 0 0 0 0 0 0 0 0 0 0 0 0 0 0 0 0 0 1 0 0 0 0 0 0 0 0 0 0 0 0 0 0 0 0 0 0 0 
0 0 0 0 0 0 0 0 0 0 0 0 0 0 0 0 0 0 0 0 0 0 0 0 0 0 0 0 0 0 0 0 0 0 0 0 1 0 0 0 0 0 0 0 0 0 0 0 0 0 
0 0 0 0 0 0 0 0 0 0 0 0 0 0 0 0 0 0 0 0 0 0 0 0 0 0 0 0 0 0 0 0 0 0 0 0 0 0 0 0 0 0 1 0 0 0 0 0 0 0 
0 0 0 0 0 0 0 0 0 0 0 0 0 0 0 0 0 0 0 0 0 0 0 0 0 0 0 0 0 0 0 0 0 0 0 0 0 0 0 0 0 1 0 0 0 0 0 0 0 0 
0 0 0 0 0 0 0 0 0 0 0 0 0 0 0 0 0 0 0 0 0 0 0 0 0 0 0 0 0 0 0 0 0 0 0 0 0 0 0 0 1 0 0 0 0 0 0 0 0 0 
0 0 0 0 0 0 0 0 0 0 0 0 0 0 0 0 0 0 0 0 0 0 0 0 0 0 0 0 0 0 0 0 0 0 0 0 0 0 0 0 0 0 0 0 0 0 0 1 0 0 
0 0 0 0 0 0 0 0 0 0 0 0 0 0 0 0 0 0 0 0 0 0 0 0 0 0 0 0 0 0 0 0 0 0 0 0 0 0 0 0 0 0 0 0 0 0 1 0 0 0 
0 0 0 0 0 0 0 0 0 0 0 0 0 0 0 0 0 0 0 0 0 0 0 0 0 0 0 0 0 0 0 0 0 0 0 0 0 0 0 0 0 0 0 0 0 1 0 0 0 0 

0 0 0 0 0 0 0 0 0 0 0 0 0 0 0 0 0 0 0 0 0 0 0 0 0 0 0 0 0 0 1 0 0 0 0 0 0 0 0 0 0 0 0 0 0 0 0 0 0 0 
0 0 0 0 0 0 0 0 0 0 0 0 0 0 0 0 0 0 0 0 0 0 0 0 0 0 0 0 0 0 0 0 0 0 0 0 1 0 0 0 0 0 0 0 0 0 0 0 0 0 
0 0 0 0 0 0 0 0 0 0 0 0 0 0 0 0 0 0 0 0 0 0 0 0 0 0 0 0 0 0 0 0 0 0 0 0 0 0 0 0 0 0 1 0 0 0 0 0 0 0 
0 0 0 0 0 0 0 0 0 0 0 0 0 0 0 0 0 0 0 0 0 0 0 0 0 0 0 0 0 0 0 0 0 0 0 0 0 0 0 0 0 1 0 0 0 0 0 0 0 0 
0 0 0 0 0 0 0 0 0 0 0 0 0 0 0 0 0 0 0 0 0 0 0 0 0 0 0 0 0 0 0 0 0 0 0 0 0 0 0 0 1 0 0 0 0 0 0 0 0 0 
0 0 0 0 0 0 0 0 0 0 0 0 0 0 0 0 0 0 0 0 0 0 0 0 0 0 0 0 0 0 0 0 0 0 0 0 0 0 0 0 0 0 0 0 0 0 0 1 0 0 
0 0 0 0 0 0 0 0 0 0 0 0 0 0 0 0 0 0 0 0 0 0 0 0 0 0 0 0 0 0 0 0 0 0 0 0 0 0 0 0 0 0 0 0 0 0 1 0 0 0 
0 0 0 0 0 0 0 0 0 0 0 0 0 0 0 0 0 0 0 0 0 0 0 0 0 0 0 0 0 0 0 0 0 0 0 0 0 0 0 0 0 0 0 0 0 1 0 0 0 0 

0 0 0 0 0 0 0 0 0 0 0 0 0 0 0 0 0 0 0 0 0 0 0 0 0 0 0 0 0 0 1 0 0 0 0 0 0 0 0 0 0 0 0 0 0 0 0 0 0 0 
0 0 0 0 0 0 0 0 0 0 0 0 0 0 0 0 0 0 0 0 0 0 0 0 0 0 0 0 0 0 0 0 0 0 0 0 1 0 0 0 0 0 0 0 0 0 0 0 0 0 
0 0 0 0 0 0 0 0 0 0 0 0 0 0 0 0 0 0 0 0 0 0 0 0 0 0 0 0 0 0 0 0 0 0 0 0 0 0 0 0 0 0 1 0 0 0 0 0 0 0 
0 0 0 0 0 0 0 0 0 0 0 0 0 0 0 0 0 0 0 0 0 0 0 0 0 0 0 0 0 0 0 0 0 0 0 0 0 0 0 0 0 1 0 0 0 0 0 0 0 0 
0 0 0 0 0 0 0 0 0 0 0 0 0 0 0 0 0 0 0 0 0 0 0 0 0 0 0 0 0 0 0 0 0 0 0 0 0 0 0 0 1 0 0 0 0 0 0 0 0 0 
0 0 0 0 0 0 0 0 0 0 0 0 0 0 0 0 0 0 0 0 0 0 0 0 0 0 0 0 0 0 0 0 0 0 0 0 0 0 0 0 0 0 0 0 0 0 0 1 0 0 
0 0 0 0 0 0 0 0 0 0 0 0 0 0 0 0 0 0 0 0 0 0 0 0 0 0 0 0 0 0 0 0 0 0 0 0 0 0 0 0 0 0 0 0 0 0 1 0 0 0 
0 0 0 0 0 0 0 0 0 0 0 0 0 0 0 0 0 0 0 0 0 0 0 0 0 0 0 0 0 0 0 0 0 0 0 0 0 0 0 0 0 0 0 0 0 1 0 0 0 0 

0 0 0 0 0 0 0 0 0 0 0 0 0 0 0 0 0 0 0 0 0 0 0 0 0 0 0 0 0 0 1 0 0 0 0 0 0 0 0 0 0 0 0 0 0 0 0 0 0 0 
0 0 0 0 0 0 0 0 0 0 0 0 0 0 0 0 0 0 0 0 0 0 0 0 0 0 0 0 0 0 0 0 0 0 0 0 1 0 0 0 0 0 0 0 0 0 0 0 0 0 
0 0 0 0 0 0 0 0 0 0 0 0 0 0 0 0 0 0 0 0 0 0 0 0 0 0 0 0 0 0 0 0 0 0 0 0 0 0 0 0 0 0 1 0 0 0 0 0 0 0 
0 0 0 0 0 0 0 0 0 0 0 0 0 0 0 0 0 0 0 0 0 0 0 0 0 0 0 0 0 0 0 0 0 0 0 0 0 0 0 0 0 1 0 0 0 0 0 0 0 0 
0 0 0 0 0 0 0 0 0 0 0 0 0 0 0 0 0 0 0 0 0 0 0 0 0 0 0 0 0 0 0 0 0 0 0 0 0 0 0 0 1 0 0 0 0 0 0 0 0 0 
0 0 0 0 0 0 0 0 0 0 0 0 0 0 0 0 0 0 0 0 0 0 0 0 0 0 0 0 0 0 0 0 0 0 0 0 0 0 0 0 0 0 0 0 0 0 0 1 0 0 
0 0 0 0 0 0 0 0 0 0 0 0 0 0 0 0 0 0 0 0 0 0 0 0 0 0 0 0 0 0 0 0 0 0 0 0 0 0 0 0 0 0 0 0 0 0 1 0 0 0 
0 0 0 0 0 0 0 0 0 0 0 0 0 0 0 0 0 0 0 0 0 0 0 0 0 0 0 0 0 0 0 0 0 0 0 0 0 0 0 0 0 0 0 0 0 1 0 0 0 0 

0 0 0 0 0 0 0 0 0 0 0 0 0 0 0 0 0 0 0 0 0 0 0 0 0 0 0 0 0 0 1 0 0 0 0 0 0 0 0 0 0 0 0 0 0 0 0 0 0 0 
0 0 0 0 0 0 0 0 0 0 0 0 0 0 0 0 0 0 0 0 0 0 0 0 0 0 0 0 0 0 0 0 0 0 0 0 1 0 0 0 0 0 0 0 0 0 0 0 0 0 
0 0 0 0 0 0 0 0 0 0 0 0 0 0 0 0 0 0 0 0 0 0 0 0 0 0 0 0 0 0 0 0 0 0 0 0 0 0 0 0 0 0 1 0 0 0 0 0 0 0 
0 0 0 0 0 0 0 0 0 0 0 0 0 0 0 0 0 0 0 0 0 0 0 0 0 0 0 0 0 0 0 0 0 0 0 0 0 0 0 0 0 1 0 0 0 0 0 0 0 0 
0 0 0 0 0 0 0 0 0 0 0 0 0 0 0 0 0 0 0 0 0 0 0 0 0 0 0 0 0 0 0 0 0 0 0 0 0 0 0 0 1 0 0 0 0 0 0 0 0 0 
0 0 0 0 0 0 0 0 0 0 0 0 0 0 0 0 0 0 0 0 0 0 0 0 0 0 0 0 0 0 0 0 0 0 0 0 0 0 0 0 0 0 0 0 0 0 0 1 0 0 
0 0 0 0 0 0 0 0 0 0 0 0 0 0 0 0 0 0 0 0 0 0 0 0 0 0 0 0 0 0 0 0 0 0 0 0 0 0 0 0 0 0 0 0 0 0 1 0 0 0 
0 0 0 0 0 0 0 0 0 0 0 0 0 0 0 0 0 0 0 0 0 0 0 0 0 0 0 0 0 0 0 0 0 0 0 0 0 0 0 0 0 0 0 0 0 1 0 0 0 0 

0 0 0 0 0 0 0 0 0 0 0 0 0 0 0 0 0 0 0 0 0 0 0 0 0 0 0 0 0 0 1 0 0 0 0 0 0 0 0 0 0 0 0 0 0 0 0 0 0 0 
0 0 0 0 0 0 0 0 0 0 0 0 0 0 0 0 0 0 0 0 0 0 0 0 0 0 0 0 0 0 0 0 0 0 0 0 1 0 0 0 0 0 0 0 0 0 0 0 0 0 
0 0 0 0 0 0 0 0 0 0 0 0 0 0 0 0 0 0 0 0 0 0 0 0 0 0 0 0 0 0 0 0 0 0 0 0 0 0 0 0 0 0 1 0 0 0 0 0 0 0 
0 0 0 0 0 0 0 0 0 0 0 0 0 0 0 0 0 0 0 0 0 0 0 0 0 0 0 0 0 0 0 0 0 0 0 0 0 0 0 0 0 1 0 0 0 0 0 0 0 0 
0 0 0 0 0 0 0 0 0 0 0 0 0 0 0 0 0 0 0 0 0 0 0 0 0 0 0 0 0 0 0 0 0 0 0 0 0 0 0 0 1 0 0 0 0 0 0 0 0 0 
0 0 0 0 0 0 0 0 0 0 0 0 0 0 0 0 0 0 0 0 0 0 0 0 0 0 0 0 0 0 0 0 0 0 0 0 0 0 0 0 0 0 0 0 0 0 0 1 0 0 
0 0 0 0 0 0 0 0 0 0 0 0 0 0 0 0 0 0 0 0 0 0 0 0 0 0 0 0 0 0 0 0 0 0 0 0 0 0 0 0 0 0 0 0 0 0 1 0 0 0 
0 0 0 0 0 0 0 0 0 0 0 0 0 0 0 0 0 0 0 0 0 0 0 0 0 0 0 0 0 0 0 0 0 0 0 0 0 0 0 0 0 0 0 0 0 1 0 0 0 0 

Groups 0 and 6 collide.
Solution of group 0
Mulirobot solution: (|moves| = 7, paralellism = 1.000) [
    Step 0: 1#30->36 
    Step 1: 1#36->42 
    Step 2: 1#42->41 
    Step 3: 1#41->40 
    Step 4: 1#40->47 
    Step 5: 1#47->46 
    Step 6: 1#46->45 
]
Solution of group 6
Mulirobot solution: (|moves| = 6, paralellism = 1.000) [
    Step 0: 1#43->42 
    Step 1: 1#42->36 
    Step 2: 1#36->30 
    Step 3: 1#30->23 
    Step 4: 1#23->22 
    Step 5: 1#22->21 
]
Occupation table complementary for group 0
0 0 0 1 0 0 1 1 0 1 0 0 0 1 0 0 1 1 0 0 0 0 1 1 0 0 1 0 1 1 0 0 0 1 1 0 0 0 0 0 0 1 0 1 1 0 1 0 0 0 
0 0 0 0 0 1 0 0 0 0 1 0 0 0 1 1 1 0 0 0 0 1 1 0 0 0 0 1 1 0 0 0 0 0 0 0 0 0 0 0 1 0 1 0 0 1 0 1 0 0 
0 0 0 0 0 0 0 0 0 1 0 0 1 0 1 0 0 0 0 1 1 1 1 0 0 0 1 0 1 0 0 0 0 1 0 1 1 0 0 0 1 0 0 0 0 0 1 0 0 0 
0 0 0 0 0 0 0 0 1 0 0 0 1 0 0 1 1 0 0 1 1 1 1 1 0 0 1 1 0 1 1 0 0 0 1 0 0 0 0 0 0 1 0 0 0 0 0 1 0 0 
0 0 0 0 0 0 0 1 1 0 0 0 1 0 0 1 0 0 0 1 0 1 1 1 0 0 1 1 0 1 1 0 0 1 1 0 0 0 0 0 1 0 1 0 0 0 0 0 0 0 
0 1 0 0 0 0 0 0 1 0 0 0 1 0 0 1 0 0 0 0 1 1 1 1 0 0 1 1 0 1 0 0 0 1 1 0 1 0 0 0 0 1 0 0 0 0 0 0 0 0 
0 1 0 0 0 0 0 0 1 0 0 0 1 0 0 1 0 0 0 1 0 1 1 0 0 0 1 0 0 1 1 0 0 1 1 1 0 1 0 0 0 1 1 0 0 0 0 0 0 0 
0 1 0 0 0 0 0 0 1 0 0 0 1 0 0 1 0 0 0 1 0 1 1 0 0 1 1 0 0 1 1 0 0 1 1 1 0 1 0 0 1 1 0 0 0 0 0 0 1 0 
0 1 0 0 0 0 0 0 1 0 0 0 1 0 0 1 0 0 0 1 0 1 1 0 0 1 1 0 0 1 1 0 0 1 1 0 0 1 0 0 1 1 0 0 0 0 0 1 0 1 
0 1 0 0 0 0 0 0 1 0 0 0 1 0 0 1 0 0 0 1 0 1 1 0 0 1 1 0 0 1 1 0 0 1 1 0 0 1 0 0 0 1 0 0 0 0 0 1 0 1 
0 1 0 0 0 0 0 0 1 0 0 0 1 0 0 1 0 0 0 1 0 1 1 0 0 1 1 0 0 1 1 0 0 1 1 0 0 1 0 0 0 1 0 0 0 0 1 1 0 1 

** Open/close/exp size (steps): 2/1/2 (2)
** Open/close/exp size (steps): 5/4/5 (5)
** Open/close/exp size (steps): 4/8/4 (9)
** Open/close/exp size (steps): 5/13/5 (14)
** Open/close/exp size (steps): 4/19/4 (20)
** Open/close/exp size (steps): 12/27/12 (28)
** Open/close/exp size (steps): 9/37/9 (38)
** Open/close/exp size (steps): 4/49/4 (50)
Occupation table complementary for group 6
0 0 0 1 0 0 1 1 0 1 0 0 0 1 0 0 1 1 0 0 0 0 1 1 0 0 1 0 1 1 1 0 0 1 1 0 0 0 0 0 0 1 0 0 1 0 1 0 0 0 
0 0 0 0 0 1 0 0 0 0 1 0 0 0 1 1 1 0 0 0 0 1 1 0 0 0 0 1 1 0 0 0 0 0 0 0 1 0 0 0 1 0 0 0 0 1 0 1 0 0 
0 0 0 0 0 0 0 0 0 1 0 0 1 0 1 0 0 0 0 1 1 1 1 0 0 0 1 0 1 0 0 0 0 1 0 1 0 0 0 0 1 0 1 0 0 0 1 0 0 0 
0 0 0 0 0 0 0 0 1 0 0 0 1 0 0 1 1 0 0 1 1 1 1 1 0 0 1 1 0 1 0 0 0 0 1 0 0 0 0 0 0 1 0 0 0 0 0 1 0 0 
0 0 0 0 0 0 0 1 1 0 0 0 1 0 0 1 0 0 0 1 0 1 1 0 0 0 1 1 0 1 1 0 0 1 1 0 0 0 0 0 1 0 1 0 0 0 0 0 0 0 
0 1 0 0 0 0 0 0 1 0 0 0 1 0 0 1 0 0 0 0 1 1 1 1 0 0 1 1 0 1 0 0 0 1 1 0 1 0 0 0 0 1 0 0 0 0 0 1 0 0 
0 1 0 0 0 0 0 0 1 0 0 0 1 0 0 1 0 0 0 1 0 0 1 0 0 0 1 0 0 1 1 0 0 1 1 1 0 1 0 0 0 1 1 0 0 0 1 0 0 0 
0 1 0 0 0 0 0 0 1 0 0 0 1 0 0 1 0 0 0 1 0 0 1 0 0 1 1 0 0 1 1 0 0 1 1 1 0 1 0 0 1 1 0 0 0 1 0 0 1 0 
0 1 0 0 0 0 0 0 1 0 0 0 1 0 0 1 0 0 0 1 0 0 1 0 0 1 1 0 0 1 1 0 0 1 1 0 0 1 0 0 1 1 0 0 0 1 0 1 0 1 
0 1 0 0 0 0 0 0 1 0 0 0 1 0 0 1 0 0 0 1 0 0 1 0 0 1 1 0 0 1 1 0 0 1 1 0 0 1 0 0 0 1 0 0 0 1 0 1 0 1 
0 1 0 0 0 0 0 0 1 0 0 0 1 0 0 1 0 0 0 1 0 0 1 0 0 1 1 0 0 1 1 0 0 1 1 0 0 1 0 0 0 1 0 0 0 1 1 1 0 1 

** Open/close/exp size (steps): 7/11/7 (65)
** Open/close/exp size (steps): 15/29/15 (83)
** Open/close/exp size (steps): 3/51/3 (105)
Unable to resolve collision between groups 0 and 6.
Merging groups 0 and 6.
Searching solution for merged group 0+6.
Open/close/exp size (steps): 16/5/16 (165)
Open/close/exp size (steps): 119/45/119 (205)
Open/close/exp size (steps): 186/93/186 (253)
Open/close/exp size (steps): 284/151/284 (311)
Open/close/exp size (steps): 389/221/389 (381)
Open/close/exp size (steps): 466/305/466 (465)
Open/close/exp size (steps): 604/406/604 (566)
Open/close/exp size (steps): 714/528/714 (688)
Open/close/exp size (steps): 890/675/890 (835)
Open/close/exp size (steps): 1099/852/1099 (1012)
Open/close/exp size (steps): 1327/1065/1327 (1225)
Open/close/exp size (steps): 1584/1321/1584 (1481)
Open/close/exp size (steps): 1800/1629/1800 (1789)
0 0 0 0 0 0 0 0 0 0 0 0 0 0 0 0 0 0 0 0 0 0 0 0 0 0 0 0 0 0 1 0 0 0 0 0 0 0 0 0 0 0 0 2 0 0 0 0 0 0 
0 0 0 0 0 0 0 0 0 0 0 0 0 0 0 0 0 0 0 0 0 0 0 0 0 0 0 0 0 0 0 0 0 0 0 0 1 2 0 0 0 0 0 0 0 0 0 0 0 0 
0 0 0 0 0 0 0 0 0 0 0 0 0 0 0 0 0 0 0 0 0 0 0 0 0 0 0 0 0 0 0 2 0 0 0 0 0 0 0 0 0 0 1 0 0 0 0 0 0 0 
0 0 0 0 0 0 0 0 0 0 0 0 0 0 0 0 0 0 0 0 0 0 0 0 0 0 0 0 0 0 2 0 0 0 0 0 0 0 0 0 0 1 0 0 0 0 0 0 0 0 
0 0 0 0 0 0 0 0 0 0 0 0 0 0 0 0 0 0 0 0 0 0 0 2 0 0 0 0 0 0 0 0 0 0 0 0 0 0 0 0 1 0 0 0 0 0 0 0 0 0 
0 0 0 0 0 0 0 0 0 0 0 0 0 0 0 0 0 0 0 0 0 0 2 0 0 0 0 0 0 0 0 0 0 0 0 0 0 0 0 0 0 0 0 0 0 0 0 1 0 0 
0 0 0 0 0 0 0 0 0 0 0 0 0 0 0 0 0 0 0 0 0 2 0 0 0 0 0 0 0 0 0 0 0 0 0 0 0 0 0 0 0 0 0 0 0 0 1 0 0 0 
0 0 0 0 0 0 0 0 0 0 0 0 0 0 0 0 0 0 0 0 0 2 0 0 0 0 0 0 0 0 0 0 0 0 0 0 0 0 0 0 0 0 0 0 0 1 0 0 0 0 

0 0 0 0 0 0 0 0 0 0 0 0 0 0 0 0 0 0 0 0 0 0 0 0 0 0 0 0 0 0 1 0 0 0 0 0 0 0 0 0 0 0 0 2 0 0 0 0 0 0 
0 0 0 0 0 0 0 0 0 0 0 0 0 0 0 0 0 0 0 0 0 0 0 0 0 0 0 0 0 0 0 0 0 0 0 0 1 2 0 0 0 0 0 0 0 0 0 0 0 0 
0 0 0 0 0 0 0 0 0 0 0 0 0 0 0 0 0 0 0 0 0 0 0 0 0 0 0 0 0 0 0 2 0 0 0 0 0 0 0 0 0 0 1 0 0 0 0 0 0 0 
0 0 0 0 0 0 0 0 0 0 0 0 0 0 0 0 0 0 0 0 0 0 0 0 0 0 0 0 0 0 2 0 0 0 0 0 0 0 0 0 0 1 0 0 0 0 0 0 0 0 
0 0 0 0 0 0 0 0 0 0 0 0 0 0 0 0 0 0 0 0 0 0 0 2 0 0 0 0 0 0 0 0 0 0 0 0 0 0 0 0 1 0 0 0 0 0 0 0 0 0 
0 0 0 0 0 0 0 0 0 0 0 0 0 0 0 0 0 0 0 0 0 0 2 0 0 0 0 0 0 0 0 0 0 0 0 0 0 0 0 0 0 0 0 0 0 0 0 1 0 0 
0 0 0 0 0 0 0 0 0 0 0 0 0 0 0 0 0 0 0 0 0 2 0 0 0 0 0 0 0 0 0 0 0 0 0 0 0 0 0 0 0 0 0 0 0 0 1 0 0 0 
0 0 0 0 0 0 0 0 0 0 0 0 0 0 0 0 0 0 0 0 0 2 0 0 0 0 0 0 0 0 0 0 0 0 0 0 0 0 0 0 0 0 0 0 0 1 0 0 0 0 

0 0 0 0 0 0 0 0 0 0 0 0 0 0 0 0 0 0 0 0 0 0 0 0 0 0 0 0 0 0 1 0 0 0 0 0 0 0 0 0 0 0 0 2 0 0 0 0 0 0 
0 0 0 0 0 0 0 0 0 0 0 0 0 0 0 0 0 0 0 0 0 0 0 0 0 0 0 0 0 0 0 0 0 0 0 0 1 2 0 0 0 0 0 0 0 0 0 0 0 0 
0 0 0 0 0 0 0 0 0 0 0 0 0 0 0 0 0 0 0 0 0 0 0 0 0 0 0 0 0 0 0 2 0 0 0 0 0 0 0 0 0 0 1 0 0 0 0 0 0 0 
0 0 0 0 0 0 0 0 0 0 0 0 0 0 0 0 0 0 0 0 0 0 0 0 0 0 0 0 0 0 2 0 0 0 0 0 0 0 0 0 0 1 0 0 0 0 0 0 0 0 
0 0 0 0 0 0 0 0 0 0 0 0 0 0 0 0 0 0 0 0 0 0 0 2 0 0 0 0 0 0 0 0 0 0 0 0 0 0 0 0 1 0 0 0 0 0 0 0 0 0 
0 0 0 0 0 0 0 0 0 0 0 0 0 0 0 0 0 0 0 0 0 0 2 0 0 0 0 0 0 0 0 0 0 0 0 0 0 0 0 0 0 0 0 0 0 0 0 1 0 0 
0 0 0 0 0 0 0 0 0 0 0 0 0 0 0 0 0 0 0 0 0 2 0 0 0 0 0 0 0 0 0 0 0 0 0 0 0 0 0 0 0 0 0 0 0 0 1 0 0 0 
0 0 0 0 0 0 0 0 0 0 0 0 0 0 0 0 0 0 0 0 0 2 0 0 0 0 0 0 0 0 0 0 0 0 0 0 0 0 0 0 0 0 0 0 0 1 0 0 0 0 

0 0 0 0 0 0 0 0 0 0 0 0 0 0 0 0 0 0 0 0 0 0 0 0 0 0 0 0 0 0 1 0 0 0 0 0 0 0 0 0 0 0 0 2 0 0 0 0 0 0 
0 0 0 0 0 0 0 0 0 0 0 0 0 0 0 0 0 0 0 0 0 0 0 0 0 0 0 0 0 0 0 0 0 0 0 0 1 2 0 0 0 0 0 0 0 0 0 0 0 0 
0 0 0 0 0 0 0 0 0 0 0 0 0 0 0 0 0 0 0 0 0 0 0 0 0 0 0 0 0 0 0 2 0 0 0 0 0 0 0 0 0 0 1 0 0 0 0 0 0 0 
0 0 0 0 0 0 0 0 0 0 0 0 0 0 0 0 0 0 0 0 0 0 0 0 0 0 0 0 0 0 2 0 0 0 0 0 0 0 0 0 0 1 0 0 0 0 0 0 0 0 
0 0 0 0 0 0 0 0 0 0 0 0 0 0 0 0 0 0 0 0 0 0 0 2 0 0 0 0 0 0 0 0 0 0 0 0 0 0 0 0 1 0 0 0 0 0 0 0 0 0 
0 0 0 0 0 0 0 0 0 0 0 0 0 0 0 0 0 0 0 0 0 0 2 0 0 0 0 0 0 0 0 0 0 0 0 0 0 0 0 0 0 0 0 0 0 0 0 1 0 0 
0 0 0 0 0 0 0 0 0 0 0 0 0 0 0 0 0 0 0 0 0 2 0 0 0 0 0 0 0 0 0 0 0 0 0 0 0 0 0 0 0 0 0 0 0 0 1 0 0 0 
0 0 0 0 0 0 0 0 0 0 0 0 0 0 0 0 0 0 0 0 0 2 0 0 0 0 0 0 0 0 0 0 0 0 0 0 0 0 0 0 0 0 0 0 0 1 0 0 0 0 

0 0 0 0 0 0 0 0 0 0 0 0 0 0 0 0 0 0 0 0 0 0 0 0 0 0 0 0 0 0 1 0 0 0 0 0 0 0 0 0 0 0 0 2 0 0 0 0 0 0 
0 0 0 0 0 0 0 0 0 0 0 0 0 0 0 0 0 0 0 0 0 0 0 0 0 0 0 0 0 0 0 0 0 0 0 0 1 2 0 0 0 0 0 0 0 0 0 0 0 0 
0 0 0 0 0 0 0 0 0 0 0 0 0 0 0 0 0 0 0 0 0 0 0 0 0 0 0 0 0 0 0 2 0 0 0 0 0 0 0 0 0 0 1 0 0 0 0 0 0 0 
0 0 0 0 0 0 0 0 0 0 0 0 0 0 0 0 0 0 0 0 0 0 0 0 0 0 0 0 0 0 2 0 0 0 0 0 0 0 0 0 0 1 0 0 0 0 0 0 0 0 
0 0 0 0 0 0 0 0 0 0 0 0 0 0 0 0 0 0 0 0 0 0 0 2 0 0 0 0 0 0 0 0 0 0 0 0 0 0 0 0 1 0 0 0 0 0 0 0 0 0 
0 0 0 0 0 0 0 0 0 0 0 0 0 0 0 0 0 0 0 0 0 0 2 0 0 0 0 0 0 0 0 0 0 0 0 0 0 0 0 0 0 0 0 0 0 0 0 1 0 0 
0 0 0 0 0 0 0 0 0 0 0 0 0 0 0 0 0 0 0 0 0 2 0 0 0 0 0 0 0 0 0 0 0 0 0 0 0 0 0 0 0 0 0 0 0 0 1 0 0 0 
0 0 0 0 0 0 0 0 0 0 0 0 0 0 0 0 0 0 0 0 0 2 0 0 0 0 0 0 0 0 0 0 0 0 0 0 0 0 0 0 0 0 0 0 0 1 0 0 0 0 

0 0 0 0 0 0 0 0 0 0 0 0 0 0 0 0 0 0 0 0 0 0 0 0 0 0 0 0 0 0 1 0 0 0 0 0 0 0 0 0 0 0 0 2 0 0 0 0 0 0 
0 0 0 0 0 0 0 0 0 0 0 0 0 0 0 0 0 0 0 0 0 0 0 0 0 0 0 0 0 0 0 0 0 0 0 0 1 2 0 0 0 0 0 0 0 0 0 0 0 0 
0 0 0 0 0 0 0 0 0 0 0 0 0 0 0 0 0 0 0 0 0 0 0 0 0 0 0 0 0 0 0 2 0 0 0 0 0 0 0 0 0 0 1 0 0 0 0 0 0 0 
0 0 0 0 0 0 0 0 0 0 0 0 0 0 0 0 0 0 0 0 0 0 0 0 0 0 0 0 0 0 2 0 0 0 0 0 0 0 0 0 0 1 0 0 0 0 0 0 0 0 
0 0 0 0 0 0 0 0 0 0 0 0 0 0 0 0 0 0 0 0 0 0 0 2 0 0 0 0 0 0 0 0 0 0 0 0 0 0 0 0 1 0 0 0 0 0 0 0 0 0 
0 0 0 0 0 0 0 0 0 0 0 0 0 0 0 0 0 0 0 0 0 0 2 0 0 0 0 0 0 0 0 0 0 0 0 0 0 0 0 0 0 0 0 0 0 0 0 1 0 0 
0 0 0 0 0 0 0 0 0 0 0 0 0 0 0 0 0 0 0 0 0 2 0 0 0 0 0 0 0 0 0 0 0 0 0 0 0 0 0 0 0 0 0 0 0 0 1 0 0 0 
0 0 0 0 0 0 0 0 0 0 0 0 0 0 0 0 0 0 0 0 0 2 0 0 0 0 0 0 0 0 0 0 0 0 0 0 0 0 0 0 0 0 0 0 0 1 0 0 0 0 

Groups 0 and 6 collide.
Solution of group 0
Mulirobot solution: (|moves| = 13, paralellism = 1.857) [
    Step 0: 1#30->36 2#43->37 
    Step 1: 1#36->42 2#37->31 
    Step 2: 1#42->41 2#31->30 
    Step 3: 1#41->40 2#30->23 
    Step 4: 1#40->47 2#23->22 
    Step 5: 1#47->46 2#22->21 
    Step 6: 1#46->45 
]
Solution of group 6
Mulirobot solution: (|moves| = 1, paralellism = 1.000) [
    Step 0: 1#16->22 
]
Occupation table complementary for group 0
0 0 0 1 0 0 1 1 0 1 0 0 0 1 0 0 1 1 0 0 0 0 1 1 0 0 1 0 1 1 0 0 0 1 1 0 0 0 0 0 0 1 0 0 1 0 1 0 0 0 
0 0 0 0 0 1 0 0 0 0 1 0 0 0 1 1 1 0 0 0 0 1 1 0 0 0 0 1 1 0 0 0 0 0 0 0 0 0 0 0 1 0 0 0 0 1 0 1 0 0 
0 0 0 0 0 0 0 0 0 1 0 0 1 0 1 0 0 0 0 1 1 1 1 0 0 0 1 0 1 0 0 0 0 1 0 1 0 0 0 0 1 0 0 0 0 0 1 0 0 0 
0 0 0 0 0 0 0 0 1 0 0 0 1 0 0 1 1 0 0 1 1 1 1 1 0 0 1 1 0 1 0 0 0 0 1 0 0 0 0 0 0 1 0 0 0 0 0 1 0 0 
0 0 0 0 0 0 0 1 1 0 0 0 1 0 0 1 0 0 0 1 0 1 1 0 0 0 1 1 0 1 1 0 0 1 1 0 0 0 0 0 1 0 1 0 0 0 0 0 0 0 
0 1 0 0 0 0 0 0 1 0 0 0 1 0 0 1 0 0 0 0 1 1 1 1 0 0 1 1 0 1 0 0 0 1 1 0 1 0 0 0 0 1 0 0 0 0 0 0 0 0 
0 1 0 0 0 0 0 0 1 0 0 0 1 0 0 1 0 0 0 1 0 0 1 0 0 0 1 0 0 1 1 0 0 1 1 1 0 1 0 0 0 1 1 0 0 0 0 0 0 0 
0 1 0 0 0 0 0 0 1 0 0 0 1 0 0 1 0 0 0 1 0 0 1 0 0 1 1 0 0 1 1 0 0 1 1 1 0 1 0 0 1 1 0 0 0 0 0 0 1 0 
0 1 0 0 0 0 0 0 1 0 0 0 1 0 0 1 0 0 0 1 0 0 1 0 0 1 1 0 0 1 1 0 0 1 1 0 0 1 0 0 1 1 0 0 0 0 0 1 0 1 
0 1 0 0 0 0 0 0 1 0 0 0 1 0 0 1 0 0 0 1 0 0 1 0 0 1 1 0 0 1 1 0 0 1 1 0 0 1 0 0 0 1 0 0 0 0 0 1 0 1 
0 1 0 0 0 0 0 0 1 0 0 0 1 0 0 1 0 0 0 1 0 0 1 0 0 1 1 0 0 1 1 0 0 1 1 0 0 1 0 0 0 1 0 0 0 0 1 1 0 1 

** Open/close/exp size (steps): 43/24/43 (132)
** Open/close/exp size (steps): 77/57/77 (165)
** Open/close/exp size (steps): 92/97/92 (205)
** Open/close/exp size (steps): 111/145/111 (253)
** Open/close/exp size (steps): 113/203/113 (311)
** Open/close/exp size (steps): 127/273/127 (381)
** Open/close/exp size (steps): 146/357/146 (465)
** Open/close/exp size (steps): 188/458/188 (566)
** Open/close/exp size (steps): 169/580/169 (688)
** Open/close/exp size (steps): 181/727/181 (835)
** Open/close/exp size (steps): 241/904/241 (1012)
** Open/close/exp size (steps): 312/1117/312 (1225)
** Open/close/exp size (steps): 339/1373/339 (1481)
** Open/close/exp size (steps): 229/1681/229 (1789)
** Open/close/exp size (steps): 200/2051/200 (2159)
** Open/close/exp size (steps): 123/2495/123 (2603)
Occupation table complementary for group 6
0 0 0 1 0 0 1 1 0 1 0 0 0 1 0 0 0 1 0 0 0 0 1 1 0 0 1 0 1 1 1 0 0 1 1 0 0 0 0 0 0 1 0 2 1 0 1 0 0 0 
0 0 0 0 0 1 0 0 0 0 1 0 0 0 1 1 1 0 0 0 0 1 1 0 0 0 0 1 1 0 0 0 0 0 0 0 1 2 0 0 1 0 0 0 0 1 0 1 0 0 
0 0 0 0 0 0 0 0 0 1 0 0 1 0 1 0 0 0 0 1 1 1 1 0 0 0 1 0 1 0 0 2 0 1 0 1 0 0 0 0 1 0 1 0 0 0 1 0 0 0 
0 0 0 0 0 0 0 0 1 0 0 0 1 0 0 1 1 0 0 1 1 1 0 1 0 0 1 1 0 1 2 0 0 0 1 0 0 0 0 0 0 1 0 0 0 0 0 1 0 0 
0 0 0 0 0 0 0 1 1 0 0 0 1 0 0 1 0 0 0 1 0 1 1 2 0 0 1 1 0 1 1 0 0 1 1 0 0 0 0 0 1 0 1 0 0 0 0 0 0 0 
0 1 0 0 0 0 0 0 1 0 0 0 1 0 0 1 0 0 0 0 1 1 2 1 0 0 1 1 0 1 0 0 0 1 1 0 1 0 0 0 0 1 0 0 0 0 0 1 0 0 
0 1 0 0 0 0 0 0 1 0 0 0 1 0 0 1 0 0 0 1 0 2 0 0 0 0 1 0 0 1 1 0 0 1 1 1 0 1 0 0 0 1 1 0 0 0 1 0 0 0 
0 1 0 0 0 0 0 0 1 0 0 0 1 0 0 1 0 0 0 1 0 2 0 0 0 1 1 0 0 1 1 0 0 1 1 1 0 1 0 0 1 1 0 0 0 1 0 0 1 0 
0 1 0 0 0 0 0 0 1 0 0 0 1 0 0 1 0 0 0 1 0 2 0 0 0 1 1 0 0 1 1 0 0 1 1 0 0 1 0 0 1 1 0 0 0 1 0 1 0 1 
0 1 0 0 0 0 0 0 1 0 0 0 1 0 0 1 0 0 0 1 0 2 0 0 0 1 1 0 0 1 1 0 0 1 1 0 0 1 0 0 0 1 0 0 0 1 0 1 0 1 
0 1 0 0 0 0 0 0 1 0 0 0 1 0 0 1 0 0 0 1 0 2 0 0 0 1 1 0 0 1 1 0 0 1 1 0 0 1 0 0 0 1 0 0 0 1 1 1 0 1 

Unable to resolve collision between groups 0 and 6.
Merging groups 0 and 6.
Searching solution for merged group 0+6.
Open/close/exp size (steps): 298/104/298 (2159)
Open/close/exp size (steps): 889/548/889 (2603)
Open/close/exp size (steps): 1214/1081/1214 (3136)
Open/close/exp size (steps): 1743/1721/1743 (3776)
Open/close/exp size (steps): 3369/2489/3369 (4544)
Open/close/exp size (steps): 3490/3411/3490 (5466)
Open/close/exp size (steps): 4430/4518/4430 (6573)
Open/close/exp size (steps): 3938/5847/3938 (7902)
Open/close/exp size (steps): 5886/7442/5886 (9497)
Open/close/exp size (steps): 7856/9356/7856 (11411)
Open/close/exp size (steps): 11520/11653/11520 (13708)
Open/close/exp size (steps): 10286/14410/10286 (16465)
Open/close/exp size (steps): 12796/17719/12796 (19774)
Open/close/exp size (steps): 11106/21690/11106 (23745)
Open/close/exp size (steps): 12137/26456/12137 (28511)
Open/close/exp size (steps): 17938/32176/17938 (34231)
Open/close/exp size (steps): 22850/39040/22850 (41095)
Open/close/exp size (steps): 28587/47277/28587 (49332)
Open/close/exp size (steps): 29080/57162/29080 (59217)
Open/close/exp size (steps): 28876/69024/28876 (71079)
Open/close/exp size (steps): 42549/83259/42549 (85314)
Open/close/exp size (steps): 60192/100341/60192 (102396)
Open/close/exp size (steps): 58603/120840/58603 (122895)
Open/close/exp size (steps): 72552/145439/72552 (147494)
Open/close/exp size (steps): 53891/174958/53891 (177013)
Open/close/exp size (steps): 69177/210381/69177 (212436)
Open/close/exp size (steps): 105847/252889/105847 (254944)
Open/close/exp size (steps): 153182/303899/153182 (305954)
0 0 0 0 0 0 0 0 0 0 0 0 0 0 0 0 3 0 0 0 0 0 0 0 0 0 0 0 0 0 1 0 0 0 0 0 0 0 0 0 0 0 0 2 0 0 0 0 0 0 
0 0 0 0 0 0 0 0 0 0 0 0 0 0 0 0 0 0 0 0 0 0 3 0 0 0 0 0 0 0 0 0 0 0 0 0 1 2 0 0 0 0 0 0 0 0 0 0 0 0 
0 0 0 0 0 0 0 0 0 0 0 0 0 0 0 0 0 0 0 0 0 0 3 0 0 0 0 0 0 0 0 2 0 0 0 0 0 0 0 0 0 0 1 0 0 0 0 0 0 0 
0 0 0 0 0 0 0 0 0 0 0 0 0 0 0 0 0 0 0 0 0 0 3 0 0 0 0 0 0 0 2 0 0 0 0 0 0 0 0 0 0 1 0 0 0 0 0 0 0 0 
0 0 0 0 0 0 0 0 0 0 0 0 0 0 0 0 3 0 0 0 0 0 0 2 0 0 0 0 0 0 0 0 0 0 0 0 0 0 0 0 1 0 0 0 0 0 0 0 0 0 
0 0 0 0 0 0 0 0 0 0 0 0 0 0 0 0 3 0 0 0 0 0 2 0 0 0 0 0 0 0 0 0 0 0 0 0 0 0 0 0 0 0 0 0 0 0 0 1 0 0 
0 0 0 0 0 0 0 0 0 0 0 0 0 0 0 0 3 0 0 0 0 2 0 0 0 0 0 0 0 0 0 0 0 0 0 0 0 0 0 0 0 0 terminate called after throwing an instance of 'St9bad_alloc'
  what():  std::bad_alloc
0 0 0 0 1 0 0 0 
0 0 0 0 0 0 0 0 0 0 0 0 0 0 0 0 0 0 0 0 0 2 3 0 0 0 0 0 0 0 0 0 0 0 0 0 0 0 0 0 0 0 0 0 0 1 0 0 0 0 

Groups 0 and 1 collide.
Solution of group 0
Mulirobot solution: (|moves| = 16, paralellism = 2.286) [
    Step 0: 1#30->36 2#43->37 3#16->22 
    Step 1: 1#36->42 2#37->31 
    Step 2: 1#42->41 2#31->30 
    Step 3: 1#41->40 2#30->23 3#22->16 
    Step 4: 1#40->47 2#23->22 
    Step 5: 1#47->46 2#22->21 
    Step 6: 1#46->45 3#16->22 
]
Solution of group 1
Mulirobot solution: (|moves| = 7, paralellism = 1.000) [
    Step 0: 1#23->22 
    Step 1: 1#22->21 
    Step 2: 1#21->20 
    Step 3: 1#20->19 
    Step 4: 1#19->27 
    Step 5: 1#27->26 
    Step 6: 1#26->25 
]
Occupation table complementary for group 0
0 0 0 1 0 0 1 1 0 1 0 0 0 1 0 0 0 1 0 0 0 0 1 1 0 0 1 0 1 1 0 0 0 1 1 0 0 0 0 0 0 1 0 0 1 0 1 0 0 0 
0 0 0 0 0 1 0 0 0 0 1 0 0 0 1 1 1 0 0 0 0 1 1 0 0 0 0 1 1 0 0 0 0 0 0 0 0 0 0 0 1 0 0 0 0 1 0 1 0 0 
0 0 0 0 0 0 0 0 0 1 0 0 1 0 1 0 0 0 0 1 1 1 1 0 0 0 1 0 1 0 0 0 0 1 0 1 0 0 0 0 1 0 0 0 0 0 1 0 0 0 
0 0 0 0 0 0 0 0 1 0 0 0 1 0 0 1 1 0 0 1 1 1 0 1 0 0 1 1 0 1 0 0 0 0 1 0 0 0 0 0 0 1 0 0 0 0 0 1 0 0 
0 0 0 0 0 0 0 1 1 0 0 0 1 0 0 1 0 0 0 1 0 1 1 0 0 0 1 1 0 1 1 0 0 1 1 0 0 0 0 0 1 0 1 0 0 0 0 0 0 0 
0 1 0 0 0 0 0 0 1 0 0 0 1 0 0 1 0 0 0 0 1 1 0 1 0 0 1 1 0 1 0 0 0 1 1 0 1 0 0 0 0 1 0 0 0 0 0 0 0 0 
0 1 0 0 0 0 0 0 1 0 0 0 1 0 0 1 0 0 0 1 0 0 0 0 0 0 1 0 0 1 1 0 0 1 1 1 0 1 0 0 0 1 1 0 0 0 0 0 0 0 
0 1 0 0 0 0 0 0 1 0 0 0 1 0 0 1 0 0 0 1 0 0 0 0 0 1 1 0 0 1 1 0 0 1 1 1 0 1 0 0 1 1 0 0 0 0 0 0 1 0 
0 1 0 0 0 0 0 0 1 0 0 0 1 0 0 1 0 0 0 1 0 0 0 0 0 1 1 0 0 1 1 0 0 1 1 0 0 1 0 0 1 1 0 0 0 0 0 1 0 1 
0 1 0 0 0 0 0 0 1 0 0 0 1 0 0 1 0 0 0 1 0 0 0 0 0 1 1 0 0 1 1 0 0 1 1 0 0 1 0 0 0 1 0 0 0 0 0 1 0 1 
0 1 0 0 0 0 0 0 1 0 0 0 1 0 0 1 0 0 0 1 0 0 0 0 0 1 1 0 0 1 1 0 0 1 1 0 0 1 0 0 0 1 0 0 0 0 1 1 0 1 

Occupation table complementary for group 1
0 0 0 1 0 0 1 1 0 1 0 0 0 1 0 0 3 1 0 0 0 0 1 0 0 0 1 0 1 1 1 0 0 1 1 0 0 0 0 0 0 1 0 2 1 0 1 0 0 0 
0 0 0 0 0 1 0 0 0 0 1 0 0 0 1 1 1 0 0 0 0 1 3 0 0 0 0 1 1 0 0 0 0 0 0 0 1 2 0 0 1 0 0 0 0 1 0 1 0 0 
0 0 0 0 0 0 0 0 0 1 0 0 1 0 1 0 0 0 0 1 1 0 1 0 0 0 1 0 1 0 0 2 0 1 0 1 0 0 0 0 1 0 1 0 0 0 1 0 0 0 
0 0 0 0 0 0 0 0 1 0 0 0 1 0 0 1 1 0 0 1 0 1 3 1 0 0 1 1 0 1 2 0 0 0 1 0 0 0 0 0 0 1 0 0 0 0 0 1 0 0 
0 0 0 0 0 0 0 1 1 0 0 0 1 0 0 1 3 0 0 0 0 1 1 2 0 0 1 1 0 1 1 0 0 1 1 0 0 0 0 0 1 0 1 0 0 0 0 0 0 0 
0 1 0 0 0 0 0 0 1 0 0 0 1 0 0 1 3 0 0 0 1 1 2 1 0 0 1 0 0 1 0 0 0 1 1 0 1 0 0 0 0 1 0 0 0 0 0 1 0 0 
0 1 0 0 0 0 0 0 1 0 0 0 1 0 0 1 3 0 0 1 0 2 0 0 0 0 1 0 0 1 1 0 0 1 1 1 0 1 0 0 0 1 1 0 0 0 1 0 0 0 
0 1 0 0 0 0 0 0 1 0 0 0 1 0 0 1 0 0 0 1 0 2 3 0 0 0 1 0 0 1 1 0 0 1 1 1 0 1 0 0 1 1 0 0 0 1 0 0 1 0 
0 1 0 0 0 0 0 0 1 0 0 0 1 0 0 1 0 0 0 1 0 2 3 0 0 0 1 0 0 1 1 0 0 1 1 0 0 1 0 0 1 1 0 0 0 1 0 1 0 1 
0 1 0 0 0 0 0 0 1 0 0 0 1 0 0 1 0 0 0 1 0 2 3 0 0 0 1 0 0 1 1 0 0 1 1 0 0 1 0 0 0 1 0 0 0 1 0 1 0 1 
0 1 0 0 0 0 0 0 1 0 0 0 1 0 0 1 0 0 0 1 0 2 3 0 0 0 1 0 0 1 1 0 0 1 1 0 0 1 0 0 0 1 0 0 0 1 1 1 0 1 

Unable to resolve collision between groups 0 and 1.
Merging groups 0 and 1.
Searching solution for merged group 0+1.
Open/close/exp size (steps): 27002/20856/27002 (367166)
Open/close/exp size (steps): 49068/94311/49068 (440621)
Open/close/exp size (steps): 164548/182457/164548 (528767)
Open/close/exp size (steps): 249251/288233/249251 (634543)
Open/close/exp size (steps): 284087/415165/284087 (761475)
Open/close/exp size (steps): 167179/567484/167179 (913794)
Aborted (core dumped)
