================================================================
reLOC 0.13-odaiba : Multirobot Solver
(C) Copyright 2016 Pavel Surynek
----------------------------------------------------------------
Reading graph...
Reading graph... FINISHED
Reading initial arrangement...
Reading initial arrangement... FINISHED.
Reading goal arrangement...
Reading goal arrangement... FINISHED.
Building instance...
Building instance... FINISHED.
Open/close/exp size (steps): 4/1/4 (2)
Open/close/exp size (steps): 13/4/13 (5)
Open/close/exp size (steps): 5/2/5 (9)
Open/close/exp size (steps): 4/1/4 (14)
Open/close/exp size (steps): 12/4/12 (20)
Open/close/exp size (steps): 29/12/29 (28)
Open/close/exp size (steps): 48/22/48 (38)
Open/close/exp size (steps): 22/9/22 (50)
Open/close/exp size (steps): 30/10/30 (65)
Open/close/exp size (steps): 12/4/12 (83)
Open/close/exp size (steps): 1/0/1 (105)
Open/close/exp size (steps): 8/2/8 (132)
Open/close/exp size (steps): 12/4/12 (165)
Open/close/exp size (steps): 43/21/43 (205)
Open/close/exp size (steps): 1/0/1 (253)
0 0 0 0 0 0 0 0 0 0 0 0 0 0 0 0 0 0 0 0 0 0 0 0 0 0 0 0 0 0 0 0 0 0 0 0 1 0 0 0 0 0 0 0 0 0 0 0 0 0 
0 0 0 0 0 0 0 0 0 0 0 0 0 0 0 0 0 0 0 0 0 0 0 0 0 0 0 0 0 0 0 1 0 0 0 0 0 0 0 0 0 0 0 0 0 0 0 0 0 0 
0 0 0 0 0 0 0 0 0 0 0 0 0 0 0 0 0 0 0 0 0 0 0 0 1 0 0 0 0 0 0 0 0 0 0 0 0 0 0 0 0 0 0 0 0 0 0 0 0 0 
0 0 0 0 0 0 0 0 0 0 0 0 0 0 0 0 0 0 0 0 0 0 0 1 0 0 0 0 0 0 0 0 0 0 0 0 0 0 0 0 0 0 0 0 0 0 0 0 0 0 
0 0 0 0 0 0 0 0 0 0 0 0 0 0 0 0 0 0 0 0 0 0 1 0 0 0 0 0 0 0 0 0 0 0 0 0 0 0 0 0 0 0 0 0 0 0 0 0 0 0 
0 0 0 0 0 0 0 0 0 0 0 0 0 0 0 0 0 0 0 0 0 0 0 0 0 0 0 0 0 0 1 0 0 0 0 0 0 0 0 0 0 0 0 0 0 0 0 0 0 0 
0 0 0 0 0 0 0 0 0 0 0 0 0 0 0 0 0 0 0 0 0 0 0 0 0 0 0 0 0 1 0 0 0 0 0 0 0 0 0 0 0 0 0 0 0 0 0 0 0 0 

Groups 0 and 1 collide.
Solution of group 0
Mulirobot solution: (|moves| = 6, paralellism = 1.000) [
    Step 0: 1#36->31 
    Step 1: 1#31->24 
    Step 2: 1#24->23 
    Step 3: 1#23->22 
    Step 4: 1#22->30 
    Step 5: 1#30->29 
]
Solution of group 1
Mulirobot solution: (|moves| = 6, paralellism = 1.000) [
    Step 0: 1#46->45 
    Step 1: 1#45->40 
    Step 2: 1#40->35 
    Step 3: 1#35->29 
    Step 4: 1#29->30 
    Step 5: 1#30->22 
]
Occupation table complementary for group 0
1 0 1 1 1 0 1 1 0 0 1 1 0 0 1 1 1 1 0 0 1 1 1 1 0 1 1 1 1 0 1 0 1 1 1 1 0 1 1 1 1 1 1 1 1 1 1 1 0 1 
0 0 1 0 0 1 0 0 1 1 1 1 0 0 1 1 0 0 0 1 1 1 0 0 1 0 1 1 1 1 1 1 0 1 0 1 1 0 1 1 1 1 0 0 1 1 0 1 1 0 
0 1 0 0 0 0 0 0 1 1 1 0 0 1 0 1 1 0 0 1 1 1 0 0 0 0 0 1 1 1 1 1 0 0 1 1 1 0 0 0 1 0 1 1 0 0 1 0 0 0 
0 0 0 0 0 0 0 1 1 1 0 0 0 0 1 0 1 1 0 1 1 1 0 0 1 0 0 1 0 1 1 1 0 1 1 1 1 0 1 0 1 0 0 1 0 1 0 0 0 0 
0 0 0 0 0 0 1 1 1 1 0 0 0 1 1 0 1 1 1 1 1 1 1 1 0 0 0 0 0 1 1 1 0 1 1 1 1 0 0 1 1 0 1 1 0 1 0 0 0 0 
0 0 0 0 0 0 1 1 1 1 0 0 0 1 1 0 1 1 1 1 0 1 1 1 1 0 0 1 0 0 1 1 0 1 1 1 1 0 1 0 1 0 0 1 0 1 0 0 1 0 
0 0 0 0 0 0 1 1 1 1 1 0 0 1 0 0 1 1 1 1 1 1 1 1 1 1 0 0 0 1 1 1 0 1 1 0 1 0 0 0 1 0 0 1 1 1 1 0 0 1 
0 1 0 0 0 0 1 1 1 1 0 0 0 1 0 0 1 1 1 1 0 1 1 1 1 1 0 1 1 0 1 1 0 1 1 0 1 0 1 0 1 0 0 1 1 1 1 0 0 1 
0 0 1 0 0 0 1 1 1 1 1 0 1 1 0 0 1 1 1 1 0 1 1 1 1 1 0 1 1 0 1 1 1 1 1 0 1 0 0 1 1 0 0 1 1 1 1 1 0 1 
0 0 0 1 0 0 1 1 1 1 0 1 1 1 0 0 1 1 1 1 0 1 1 1 1 1 0 1 1 0 1 1 1 1 1 0 1 1 0 1 1 1 0 1 1 1 1 0 1 1 
0 0 0 1 1 0 1 1 1 1 0 1 1 1 0 0 1 1 1 1 0 1 1 1 1 1 0 1 1 0 1 1 1 1 1 0 1 1 0 1 1 1 0 1 1 1 1 0 1 1 
0 0 0 1 1 1 1 1 1 1 0 1 1 1 0 0 1 1 1 1 0 1 1 1 1 1 0 1 1 0 1 1 1 1 1 0 1 1 0 1 1 1 0 1 1 1 1 0 1 1 

Occupation table complementary for group 1
1 0 1 1 1 0 1 1 0 0 1 1 0 0 1 1 1 1 0 0 1 1 1 1 0 1 1 1 1 0 1 0 1 1 1 1 1 1 1 1 1 1 1 1 1 1 0 1 0 1 
0 0 1 0 0 1 0 0 1 1 1 1 0 0 1 1 0 0 0 1 1 1 0 0 1 0 1 1 1 1 1 1 0 1 0 1 1 0 1 1 1 1 0 0 1 0 0 1 1 0 
0 1 0 0 0 0 0 0 1 1 1 0 0 1 0 1 1 0 0 1 1 1 0 0 1 0 0 1 1 1 1 1 0 0 1 1 1 0 0 0 1 0 1 1 0 0 1 0 0 0 
0 0 0 0 0 0 0 1 1 1 0 0 0 0 1 0 1 1 0 1 1 1 0 1 1 0 0 1 0 1 1 1 0 1 1 1 1 0 1 0 1 0 0 1 0 1 0 0 0 0 
0 0 0 0 0 0 1 1 1 1 0 0 0 1 1 0 1 1 1 1 1 1 1 1 0 0 0 0 0 0 1 1 0 1 1 1 1 0 0 1 1 0 1 1 0 1 0 0 0 0 
0 0 0 0 0 0 1 1 1 1 0 0 0 1 1 0 1 1 1 1 0 1 1 1 1 0 0 1 0 0 1 1 0 1 1 1 1 0 1 0 1 0 0 1 0 1 0 0 1 0 
0 0 0 0 0 0 1 1 1 1 1 0 0 1 0 0 1 1 1 1 1 1 0 1 1 1 0 0 0 1 1 1 0 1 1 0 1 0 0 0 1 0 0 1 1 1 1 0 0 1 
0 1 0 0 0 0 1 1 1 1 0 0 0 1 0 0 1 1 1 1 0 1 0 1 1 1 0 1 1 1 1 1 0 1 1 0 1 0 1 0 1 0 0 1 1 1 1 0 0 1 
0 0 1 0 0 0 1 1 1 1 1 0 1 1 0 0 1 1 1 1 0 1 0 1 1 1 0 1 1 1 1 1 1 1 1 0 1 0 0 1 1 0 0 1 1 1 1 1 0 1 
0 0 0 1 0 0 1 1 1 1 0 1 1 1 0 0 1 1 1 1 0 1 0 1 1 1 0 1 1 1 1 1 1 1 1 0 1 1 0 1 1 1 0 1 1 1 1 0 1 1 
0 0 0 1 1 0 1 1 1 1 0 1 1 1 0 0 1 1 1 1 0 1 0 1 1 1 0 1 1 1 1 1 1 1 1 0 1 1 0 1 1 1 0 1 1 1 1 0 1 1 
0 0 0 1 1 1 1 1 1 1 0 1 1 1 0 0 1 1 1 1 0 1 0 1 1 1 0 1 1 1 1 1 1 1 1 0 1 1 0 1 1 1 0 1 1 1 1 0 1 1 

Unable to resolve collision between groups 0 and 1.
Merging groups 0 and 1.
Searching solution for merged group 0+1.
Open/close/exp size (steps): 6/2/6 (311)
Open/close/exp size (steps): 112/72/112 (381)
Open/close/exp size (steps): 177/156/177 (465)
Open/close/exp size (steps): 321/257/321 (566)
Open/close/exp size (steps): 544/379/544 (688)
Open/close/exp size (steps): 573/526/573 (835)
Open/close/exp size (steps): 516/703/516 (1012)
Open/close/exp size (steps): 710/916/710 (1225)
Open/close/exp size (steps): 836/1172/836 (1481)
0 0 0 0 0 0 0 0 0 0 0 0 0 0 0 0 0 0 0 0 0 0 0 0 0 0 0 0 0 0 0 0 0 0 0 0 1 0 0 0 0 0 0 0 0 0 2 0 0 0 
0 0 0 0 0 0 0 0 0 0 0 0 0 0 0 0 0 0 0 0 0 0 0 0 0 0 0 0 0 0 0 0 0 0 0 0 0 0 0 0 0 0 1 0 0 2 0 0 0 0 
0 0 0 0 0 0 0 0 0 0 0 0 0 0 0 0 0 0 0 0 0 0 0 0 0 0 0 0 0 0 0 0 0 0 0 0 0 0 0 0 2 1 0 0 0 0 0 0 0 0 
0 0 0 0 0 0 0 0 0 0 0 0 0 0 0 0 0 0 0 0 0 0 0 0 0 0 0 0 0 0 0 0 0 0 0 2 0 0 0 0 0 0 0 0 0 0 0 1 0 0 
0 0 0 0 0 0 0 0 0 0 0 0 0 0 0 0 0 0 0 0 0 0 0 0 0 0 0 0 0 2 0 0 0 0 0 0 0 0 0 0 0 0 0 0 0 0 1 0 0 0 
0 0 0 0 0 0 0 0 0 0 0 0 0 0 0 0 0 0 0 0 0 0 0 0 0 0 0 0 0 0 2 0 0 0 0 0 0 0 0 0 0 0 0 0 0 1 0 0 0 0 
0 0 0 0 0 0 0 0 0 0 0 0 0 0 0 0 0 0 0 0 0 0 2 0 0 0 0 0 0 0 0 0 0 0 0 0 0 0 0 0 1 0 0 0 0 0 0 0 0 0 
0 0 0 0 0 0 0 0 0 0 0 0 0 0 0 0 0 0 0 0 0 0 2 0 0 0 0 0 0 0 0 0 0 0 0 1 0 0 0 0 0 0 0 0 0 0 0 0 0 0 
0 0 0 0 0 0 0 0 0 0 0 0 0 0 0 0 0 0 0 0 0 0 2 0 0 0 0 0 0 1 0 0 0 0 0 0 0 0 0 0 0 0 0 0 0 0 0 0 0 0 
0 0 0 0 0 0 0 0 0 0 0 0 0 0 0 0 0 0 0 0 0 0 2 0 0 0 0 0 0 1 0 0 0 0 0 0 0 0 0 0 0 0 0 0 0 0 0 0 0 0 

0 0 0 0 0 0 0 0 0 0 0 0 0 0 0 0 0 0 0 0 0 0 0 0 0 0 0 0 0 0 0 0 0 0 0 0 1 0 0 0 0 0 0 0 0 0 2 0 0 0 
0 0 0 0 0 0 0 0 0 0 0 0 0 0 0 0 0 0 0 0 0 0 0 0 0 0 0 0 0 0 0 0 0 0 0 0 0 0 0 0 0 0 1 0 0 2 0 0 0 0 
0 0 0 0 0 0 0 0 0 0 0 0 0 0 0 0 0 0 0 0 0 0 0 0 0 0 0 0 0 0 0 0 0 0 0 0 0 0 0 0 2 1 0 0 0 0 0 0 0 0 
0 0 0 0 0 0 0 0 0 0 0 0 0 0 0 0 0 0 0 0 0 0 0 0 0 0 0 0 0 0 0 0 0 0 0 2 0 0 0 0 0 0 0 0 0 0 0 1 0 0 
0 0 0 0 0 0 0 0 0 0 0 0 0 0 0 0 0 0 0 0 0 0 0 0 0 0 0 0 0 2 0 0 0 0 0 0 0 0 0 0 0 0 0 0 0 0 1 0 0 0 
0 0 0 0 0 0 0 0 0 0 0 0 0 0 0 0 0 0 0 0 0 0 0 0 0 0 0 0 0 0 2 0 0 0 0 0 0 0 0 0 0 0 0 0 0 1 0 0 0 0 
0 0 0 0 0 0 0 0 0 0 0 0 0 0 0 0 0 0 0 0 0 0 2 0 0 0 0 0 0 0 0 0 0 0 0 0 0 0 0 0 1 0 0 0 0 0 0 0 0 0 
0 0 0 0 0 0 0 0 0 0 0 0 0 0 0 0 0 0 0 0 0 0 2 0 0 0 0 0 0 0 0 0 0 0 0 1 0 0 0 0 0 0 0 0 0 0 0 0 0 0 
0 0 0 0 0 0 0 0 0 0 0 0 0 0 0 0 0 0 0 0 0 0 2 0 0 0 0 0 0 1 0 0 0 0 0 0 0 0 0 0 0 0 0 0 0 0 0 0 0 0 

Groups 0 and 2 collide.
Solution of group 0
Mulirobot solution: (|moves| = 14, paralellism = 1.750) [
    Step 0: 1#36->42 2#46->45 
    Step 1: 1#42->41 2#45->40 
    Step 2: 1#41->47 2#40->35 
    Step 3: 1#47->46 2#35->29 
    Step 4: 1#46->45 2#29->30 
    Step 5: 1#45->40 2#30->22 
    Step 6: 1#40->35 
    Step 7: 1#35->29 
]
Solution of group 2
Mulirobot solution: (|moves| = 3, paralellism = 1.000) [
    Step 0: 1#38->39 
    Step 1: 1#39->40 
    Step 2: 1#40->45 
]
Occupation table complementary for group 0
1 0 1 1 1 0 1 1 0 0 1 1 0 0 1 1 1 1 0 0 1 1 1 1 0 1 1 1 1 0 1 0 1 1 1 1 0 1 1 1 1 1 1 1 1 1 0 1 0 1 
0 0 1 0 0 1 0 0 1 1 1 1 0 0 1 1 0 0 0 1 1 1 0 0 1 0 1 1 1 1 1 1 0 1 0 1 1 0 1 1 1 1 0 0 1 0 0 1 1 0 
0 1 0 0 0 0 0 0 1 1 1 0 0 1 0 1 1 0 0 1 1 1 0 0 0 0 0 1 1 1 1 1 0 0 1 1 1 0 0 0 1 0 1 1 0 0 1 0 0 0 
0 0 0 0 0 0 0 1 1 1 0 0 0 0 1 0 1 1 0 1 1 1 0 0 1 0 0 1 0 1 1 1 0 1 1 1 1 0 1 0 1 0 0 1 0 1 0 0 0 0 
0 0 0 0 0 0 1 1 1 1 0 0 0 1 1 0 1 1 1 1 1 1 1 1 0 0 0 0 0 0 1 1 0 1 1 1 1 0 0 1 1 0 1 1 0 1 0 0 0 0 
0 0 0 0 0 0 1 1 1 1 0 0 0 1 1 0 1 1 1 1 0 1 1 1 1 0 0 1 0 0 1 1 0 1 1 1 1 0 1 0 1 0 0 1 0 1 0 0 1 0 
0 0 0 0 0 0 1 1 1 1 1 0 0 1 0 0 1 1 1 1 1 1 0 1 1 1 0 0 0 1 1 1 0 1 1 0 1 0 0 0 1 0 0 1 1 1 1 0 0 1 
0 1 0 0 0 0 1 1 1 1 0 0 0 1 0 0 1 1 1 1 0 1 0 1 1 1 0 1 1 0 1 1 0 1 1 0 1 0 1 0 1 0 0 1 1 1 1 0 0 1 
0 0 1 0 0 0 1 1 1 1 1 0 1 1 0 0 1 1 1 1 0 1 0 1 1 1 0 1 1 0 1 1 1 1 1 0 1 0 0 1 1 0 0 1 1 1 1 1 0 1 
0 0 0 1 0 0 1 1 1 1 0 1 1 1 0 0 1 1 1 1 0 1 0 1 1 1 0 1 1 0 1 1 1 1 1 0 1 1 0 1 1 1 0 1 1 1 1 0 1 1 
0 0 0 1 1 0 1 1 1 1 0 1 1 1 0 0 1 1 1 1 0 1 0 1 1 1 0 1 1 0 1 1 1 1 1 0 1 1 0 1 1 1 0 1 1 1 1 0 1 1 
0 0 0 1 1 1 1 1 1 1 0 1 1 1 0 0 1 1 1 1 0 1 0 1 1 1 0 1 1 0 1 1 1 1 1 0 1 1 0 1 1 1 0 1 1 1 1 0 1 1 

Occupation table complementary for group 2
1 0 1 1 1 0 1 1 0 0 1 1 0 0 1 1 1 1 0 0 1 1 1 1 0 1 1 1 1 0 1 0 1 1 1 1 1 1 0 1 1 1 1 1 1 1 2 1 0 1 
0 0 1 0 0 1 0 0 1 1 1 1 0 0 1 1 0 0 0 1 1 1 0 0 1 0 1 1 1 1 1 1 0 1 0 1 1 0 1 0 1 1 1 0 1 2 0 1 1 0 
0 1 0 0 0 0 0 0 1 1 1 0 0 1 0 1 1 0 0 1 1 1 0 0 0 0 0 1 1 1 1 1 0 0 1 1 1 0 0 0 2 1 1 1 0 0 1 0 0 0 
0 0 0 0 0 0 0 1 1 1 0 0 0 0 1 0 1 1 0 1 1 1 0 0 1 0 0 1 0 1 1 1 0 1 1 1 1 0 1 0 1 0 0 1 0 1 0 1 0 0 
0 0 0 0 0 0 1 1 1 1 0 0 0 1 1 0 1 1 1 1 1 1 1 1 0 0 0 0 0 2 1 1 0 1 1 1 1 0 0 1 1 0 1 1 0 0 1 0 0 0 
0 0 0 0 0 0 1 1 1 1 0 0 0 1 1 0 1 1 1 1 0 1 1 1 1 0 0 1 0 0 1 1 0 1 1 1 1 0 1 0 1 0 0 1 0 1 0 0 1 0 
0 0 0 0 0 0 1 1 1 1 1 0 0 1 0 0 1 1 1 1 1 1 2 1 1 1 0 0 0 1 1 1 0 1 1 0 1 0 0 0 1 0 0 1 1 1 1 0 0 1 
0 1 0 0 0 0 1 1 1 1 0 0 0 1 0 0 1 1 1 1 0 1 2 1 1 1 0 1 1 0 1 1 0 1 1 1 1 0 1 0 1 0 0 1 1 0 1 0 0 1 
0 0 1 0 0 0 1 1 1 1 1 0 1 1 0 0 1 1 1 1 0 1 2 1 1 1 0 1 1 1 1 1 1 1 1 0 1 0 0 1 1 0 0 1 1 0 1 1 0 1 
0 0 0 1 0 0 1 1 1 1 0 1 1 1 0 0 1 1 1 1 0 1 2 1 1 1 0 1 1 1 1 1 1 1 1 0 1 1 0 1 1 1 0 1 1 0 1 0 1 1 
0 0 0 1 1 0 1 1 1 1 0 1 1 1 0 0 1 1 1 1 0 1 2 1 1 1 0 1 1 1 1 1 1 1 1 0 1 1 0 1 1 1 0 1 1 0 1 0 1 1 
0 0 0 1 1 1 1 1 1 1 0 1 1 1 0 0 1 1 1 1 0 1 2 1 1 1 0 1 1 1 1 1 1 1 1 0 1 1 0 1 1 1 0 1 1 0 1 0 1 1 

Unable to resolve collision between groups 0 and 2.
Merging groups 0 and 2.
Searching solution for merged group 0+2.
Open/close/exp size (steps): 105/41/105 (1789)
Open/close/exp size (steps): 559/411/559 (2159)
Open/close/exp size (steps): 1107/855/1107 (2603)
Open/close/exp size (steps): 1805/1388/1805 (3136)
Open/close/exp size (steps): 1955/2028/1955 (3776)
Open/close/exp size (steps): 3033/2796/3033 (4544)
Open/close/exp size (steps): 3012/3718/3012 (5466)
Open/close/exp size (steps): 2754/4825/2754 (6573)
Open/close/exp size (steps): 2552/6154/2552 (7902)
Open/close/exp size (steps): 3980/7749/3980 (9497)
Open/close/exp size (steps): 4368/9663/4368 (11411)
Open/close/exp size (steps): 5017/11960/5017 (13708)
Open/close/exp size (steps): 6948/14717/6948 (16465)
Open/close/exp size (steps): 8569/18026/8569 (19774)
Open/close/exp size (steps): 9993/21997/9993 (23745)
Open/close/exp size (steps): 9818/26763/9818 (28511)
Open/close/exp size (steps): 13085/32483/13085 (34231)
Open/close/exp size (steps): 16063/39347/16063 (41095)
Open/close/exp size (steps): 16134/47584/16134 (49332)
Open/close/exp size (steps): 23328/57469/23328 (59217)
Open/close/exp size (steps): 37811/69331/37811 (71079)
Open/close/exp size (steps): 43916/83566/43916 (85314)
Open/close/exp size (steps): 34119/100648/34119 (102396)
Open/close/exp size (steps): 34240/121147/34240 (122895)
Open/close/exp size (steps): 44950/145746/44950 (147494)
0 0 0 0 0 0 0 0 0 0 0 0 0 0 0 0 0 0 0 0 0 0 0 0 0 0 0 0 0 0 0 0 0 0 0 0 1 0 3 0 0 0 0 0 0 0 2 0 0 0 
0 0 0 0 0 0 0 0 0 0 0 0 0 0 0 0 0 0 0 0 0 0 0 0 0 0 0 0 0 0 0 0 0 0 0 0 1 0 0 3 0 0 0 0 0 0 0 2 0 0 
0 0 0 0 0 0 0 0 0 0 0 0 0 0 0 0 0 0 0 0 0 0 0 0 0 0 0 0 0 0 0 0 0 0 0 0 1 0 0 0 3 2 0 0 0 0 0 0 0 0 
0 0 0 0 0 0 0 0 0 0 0 0 0 0 0 0 0 0 0 0 0 0 0 0 0 0 0 0 0 0 0 1 0 0 0 0 0 0 0 0 0 0 2 0 0 3 0 0 0 0 
0 0 0 0 0 0 0 0 0 0 0 0 0 0 0 0 0 0 0 0 0 0 0 0 1 0 0 0 0 0 0 0 0 0 0 0 2 0 0 0 0 0 0 0 0 3 0 0 0 0 
0 0 0 0 0 0 0 0 0 0 0 0 0 0 0 0 0 0 0 0 0 0 0 1 0 0 0 0 0 0 0 2 0 0 0 0 0 0 0 0 0 0 0 0 0 3 0 0 0 0 
0 0 0 0 0 0 0 0 0 0 0 0 0 0 0 0 0 0 0 0 0 0 1 0 2 0 0 0 0 0 0 0 0 0 0 0 0 0 0 0 0 0 0 0 0 3 0 0 0 0 
0 0 0 0 0 0 0 0 0 0 0 0 0 0 0 0 0 0 0 0 0 0 0 2 0 0 0 0 0 0 1 0 0 0 0 0 0 0 0 0 0 0 0 0 0 3 0 0 0 0 
0 0 0 0 0 0 0 0 0 0 0 0 0 0 0 0 0 0 0 0 0 0 2 0 0 0 0 0 0 1 0 0 0 0 0 0 0 0 0 0 0 0 0 0 0 3 0 0 0 0 
0 0 0 0 0 0 0 0 0 0 0 0 0 0 0 0 0 0 0 0 0 0 2 0 0 0 0 0 0 1 0 0 0 0 0 0 0 0 0 0 0 0 0 0 0 3 0 0 0 0 

Groups 0 and 1 collide.
Solution of group 0
Mulirobot solution: (|moves| = 17, paralellism = 2.125) [
    Step 0: 2#46->47 3#38->39 
    Step 1: 2#47->41 3#39->40 
    Step 2: 1#36->31 2#41->42 3#40->45 
    Step 3: 1#31->24 2#42->36 
    Step 4: 1#24->23 2#36->31 
    Step 5: 1#23->22 2#31->24 
    Step 6: 1#22->30 2#24->23 
    Step 7: 1#30->29 2#23->22 
]
Solution of group 1
Mulirobot solution: (|moves| = 9, paralellism = 1.000) [
    Step 0: 1#27->28 
    Step 1: 1#28->29 
    Step 2: 1#29->30 
    Step 3: 1#30->22 
    Step 4: 1#22->23 
    Step 5: 1#23->24 
    Step 6: 1#24->31 
    Step 7: 1#31->36 
    Step 8: 1#36->37 
]
Occupation table complementary for group 0
1 0 1 1 1 0 1 1 0 0 1 1 0 0 1 1 1 1 0 0 1 1 1 1 0 1 1 1 1 0 1 0 1 1 1 1 0 1 0 1 1 1 1 1 1 1 0 1 0 1 
0 0 1 0 0 1 0 0 1 1 1 1 0 0 1 1 0 0 0 1 1 1 0 0 1 0 1 1 1 1 1 1 0 1 0 1 1 0 1 0 1 1 0 0 1 0 0 1 1 0 
0 1 0 0 0 0 0 0 1 1 1 0 0 1 0 1 1 0 0 1 1 1 0 0 0 0 0 1 1 1 1 1 0 0 1 1 1 0 0 0 0 0 1 1 0 0 1 0 0 0 
0 0 0 0 0 0 0 1 1 1 0 0 0 0 1 0 1 1 0 1 1 1 0 0 1 0 0 1 0 1 1 1 0 1 1 1 1 0 1 0 1 0 0 1 0 1 0 0 0 0 
0 0 0 0 0 0 1 1 1 1 0 0 0 1 1 0 1 1 1 1 1 1 1 1 0 0 0 0 0 0 1 1 0 1 1 1 1 0 0 1 1 0 1 1 0 0 0 0 0 0 
0 0 0 0 0 0 1 1 1 1 0 0 0 1 1 0 1 1 1 1 0 1 1 1 1 0 0 1 0 0 1 1 0 1 1 1 1 0 1 0 1 0 0 1 0 1 0 0 1 0 
0 0 0 0 0 0 1 1 1 1 1 0 0 1 0 0 1 1 1 1 1 1 0 1 1 1 0 0 0 1 1 1 0 1 1 0 1 0 0 0 1 0 0 1 1 1 1 0 0 1 
0 1 0 0 0 0 1 1 1 1 0 0 0 1 0 0 1 1 1 1 0 1 0 1 1 1 0 1 1 0 1 1 0 1 1 0 1 0 1 0 1 0 0 1 1 0 1 0 0 1 
0 0 1 0 0 0 1 1 1 1 1 0 1 1 0 0 1 1 1 1 0 1 0 1 1 1 0 1 1 0 1 1 1 1 1 0 1 0 0 1 1 0 0 1 1 0 1 1 0 1 
0 0 0 1 0 0 1 1 1 1 0 1 1 1 0 0 1 1 1 1 0 1 0 1 1 1 0 1 1 0 1 1 1 1 1 0 1 1 0 1 1 1 0 1 1 0 1 0 1 1 
0 0 0 1 1 0 1 1 1 1 0 1 1 1 0 0 1 1 1 1 0 1 0 1 1 1 0 1 1 0 1 1 1 1 1 0 1 1 0 1 1 1 0 1 1 0 1 0 1 1 
0 0 0 1 1 1 1 1 1 1 0 1 1 1 0 0 1 1 1 1 0 1 0 1 1 1 0 1 1 0 1 1 1 1 1 0 1 1 0 1 1 1 0 1 1 0 1 0 1 1 

Occupation table complementary for group 1
1 0 1 1 1 0 1 1 0 0 1 1 0 0 1 1 1 1 0 0 1 1 1 1 0 1 1 0 1 0 1 0 1 1 1 1 1 1 3 1 1 1 1 1 1 1 2 1 0 1 
0 0 1 0 0 1 0 0 1 1 1 1 0 0 1 1 0 0 0 1 1 1 0 0 1 0 1 1 0 1 1 1 0 1 0 1 1 0 1 3 1 1 0 0 1 0 0 1 1 0 
0 1 0 0 0 0 0 0 1 1 1 0 0 1 0 1 1 0 0 1 1 1 0 0 0 0 0 1 1 1 1 1 0 0 1 1 1 0 0 0 3 2 1 1 0 0 1 0 0 0 
0 0 0 0 0 0 0 1 1 1 0 0 0 0 1 0 1 1 0 1 1 1 0 0 1 0 0 1 0 1 1 1 0 1 1 1 1 0 1 0 1 0 2 1 0 1 0 0 0 0 
0 0 0 0 0 0 1 1 1 1 0 0 0 1 1 0 1 1 1 1 1 1 1 1 1 0 0 0 0 0 1 1 0 1 1 1 1 0 0 1 1 0 1 1 0 3 0 0 0 0 
0 0 0 0 0 0 1 1 1 1 0 0 0 1 1 0 1 1 1 1 0 1 1 1 1 0 0 1 0 0 1 1 0 1 1 1 1 0 1 0 1 0 0 1 0 1 0 0 1 0 
0 0 0 0 0 0 1 1 1 1 1 0 0 1 0 0 1 1 1 1 1 1 1 1 1 1 0 0 0 1 1 1 0 1 1 0 1 0 0 0 1 0 0 1 1 1 1 0 0 1 
0 1 0 0 0 0 1 1 1 1 0 0 0 1 0 0 1 1 1 1 0 1 0 1 1 1 0 1 1 0 1 1 0 1 1 0 1 0 1 0 1 0 0 1 1 3 1 0 0 1 
0 0 1 0 0 0 1 1 1 1 1 0 1 1 0 0 1 1 1 1 0 1 2 1 1 1 0 1 1 1 1 1 1 1 1 0 1 0 0 1 1 0 0 1 1 3 1 1 0 1 
0 0 0 1 0 0 1 1 1 1 0 1 1 1 0 0 1 1 1 1 0 1 2 1 1 1 0 1 1 1 1 1 1 1 1 0 1 0 0 1 1 1 0 1 1 3 1 0 1 1 
0 0 0 1 1 0 1 1 1 1 0 1 1 1 0 0 1 1 1 1 0 1 2 1 1 1 0 1 1 1 1 1 1 1 1 0 1 0 0 1 1 1 0 1 1 3 1 0 1 1 
0 0 0 1 1 1 1 1 1 1 0 1 1 1 0 0 1 1 1 1 0 1 2 1 1 1 0 1 1 1 1 1 1 1 1 0 1 0 0 1 1 1 0 1 1 3 1 0 1 1 

Unable to resolve collision between groups 0 and 1.
Merging groups 0 and 1.
Searching solution for merged group 0+1.
Open/close/exp size (steps): 17730/24440/17730 (177013)
Open/close/exp size (steps): 46144/59863/46144 (212436)
Open/close/exp size (steps): 52827/102371/52827 (254944)
Open/close/exp size (steps): 127952/153381/127952 (305954)
Open/close/exp size (steps): 117054/214593/117054 (367166)
Open/close/exp size (steps): 83263/288048/83263 (440621)
Open/close/exp size (steps): 157157/376194/157157 (528767)
Open/close/exp size (steps): 89545/481970/89545 (634543)
Open/close/exp size (steps): 269350/terminate called after throwing an instance of 'std::bad_alloc'
  what():  std::bad_alloc
608902/269350 (761475)
Aborted (core dumped)
