================================================================
reLOC 0.13-odaiba : Multirobot Solver
(C) Copyright 2016 Pavel Surynek
----------------------------------------------------------------
Reading graph...
Reading graph... FINISHED
Reading initial arrangement...
Reading initial arrangement... FINISHED.
Reading goal arrangement...
Reading goal arrangement... FINISHED.
Building instance...
Building instance... FINISHED.
Open/close/exp size (steps): 5/1/5 (2)
Open/close/exp size (steps): 15/4/15 (5)
Open/close/exp size (steps): 23/8/23 (9)
Open/close/exp size (steps): 34/13/34 (14)
Open/close/exp size (steps): 2/1/2 (20)
Open/close/exp size (steps): 20/9/20 (28)
Open/close/exp size (steps): 39/19/39 (38)
Open/close/exp size (steps): 67/31/67 (50)
Open/close/exp size (steps): 1/0/1 (65)
Open/close/exp size (steps): 55/18/55 (83)
Open/close/exp size (steps): 39/17/39 (105)
Open/close/exp size (steps): 90/44/90 (132)
Open/close/exp size (steps): 153/77/153 (165)
Open/close/exp size (steps): 78/33/78 (205)
Open/close/exp size (steps): 7/2/7 (253)
Open/close/exp size (steps): 49/19/49 (311)
Open/close/exp size (steps): 36/12/36 (381)
Open/close/exp size (steps): 57/25/57 (465)
Open/close/exp size (steps): 33/15/33 (566)
Open/close/exp size (steps): 68/30/68 (688)
Open/close/exp size (steps): 66/29/66 (835)
Open/close/exp size (steps): 1/0/1 (1012)
Open/close/exp size (steps): 32/12/32 (1225)
Open/close/exp size (steps): 17/5/17 (1481)
Open/close/exp size (steps): 152/77/152 (1789)
Open/close/exp size (steps): 39/11/39 (2159)
Open/close/exp size (steps): 59/26/59 (2603)
Open/close/exp size (steps): 8/2/8 (3136)
Open/close/exp size (steps): 11/3/11 (3776)
Open/close/exp size (steps): 73/25/73 (4544)
0 0 0 0 0 0 0 0 0 0 0 0 0 0 0 0 0 0 0 0 0 0 0 0 0 0 0 0 0 0 0 0 0 0 0 0 0 0 0 0 0 0 0 0 0 0 0 0 0 0 0 0 0 0 0 0 0 0 0 0 0 0 0 0 0 0 0 0 0 0 0 0 0 0 0 0 0 0 0 0 0 0 0 0 0 0 0 0 0 0 0 0 0 0 0 0 0 0 0 0 0 0 0 0 0 0 0 0 0 0 0 0 1 0 0 0 0 0 0 0 0 0 0 0 0 0 0 0 0 0 0 0 0 0 0 0 0 0 0 0 0 0 0 0 0 0 0 0 0 0 0 0 0 0 0 0 0 0 0 0 0 0 0 0 0 0 0 0 0 0 0 0 0 0 0 0 0 0 0 0 0 0 0 0 0 0 0 0 0 0 0 0 0 0 0 0 0 0 0 0 0 0 0 0 0 0 0 0 0 
0 0 0 0 0 0 0 0 0 0 0 0 0 0 0 0 0 0 0 0 0 0 0 0 0 0 0 0 0 0 0 0 0 0 0 0 0 0 0 0 0 0 0 0 0 0 0 0 0 0 0 0 0 0 0 0 0 0 0 0 0 0 0 0 0 0 0 0 0 0 0 0 0 0 0 0 0 0 0 0 0 0 0 0 0 0 0 0 0 0 0 0 0 0 0 0 0 0 0 0 0 0 0 0 0 0 0 0 0 0 0 1 0 0 0 0 0 0 0 0 0 0 0 0 0 0 0 0 0 0 0 0 0 0 0 0 0 0 0 0 0 0 0 0 0 0 0 0 0 0 0 0 0 0 0 0 0 0 0 0 0 0 0 0 0 0 0 0 0 0 0 0 0 0 0 0 0 0 0 0 0 0 0 0 0 0 0 0 0 0 0 0 0 0 0 0 0 0 0 0 0 0 0 0 0 0 0 0 0 
0 0 0 0 0 0 0 0 0 0 0 0 0 0 0 0 0 0 0 0 0 0 0 0 0 0 0 0 0 0 0 0 0 0 0 0 0 0 0 0 0 0 0 0 0 0 0 0 0 0 0 0 0 0 0 0 0 0 0 0 0 0 0 0 0 0 0 0 0 0 0 0 0 0 0 0 0 0 0 0 0 0 0 0 0 0 0 0 0 0 0 0 0 0 0 0 0 0 0 0 0 0 0 0 0 0 0 0 0 0 1 0 0 0 0 0 0 0 0 0 0 0 0 0 0 0 0 0 0 0 0 0 0 0 0 0 0 0 0 0 0 0 0 0 0 0 0 0 0 0 0 0 0 0 0 0 0 0 0 0 0 0 0 0 0 0 0 0 0 0 0 0 0 0 0 0 0 0 0 0 0 0 0 0 0 0 0 0 0 0 0 0 0 0 0 0 0 0 0 0 0 0 0 0 0 0 0 0 0 
0 0 0 0 0 0 0 0 0 0 0 0 0 0 0 0 0 0 0 0 0 0 0 0 0 0 0 0 0 0 0 0 0 0 0 0 0 0 0 0 0 0 0 0 0 0 0 0 0 0 0 0 0 0 0 0 0 0 0 0 0 0 0 0 0 0 0 0 0 0 0 0 0 0 0 0 0 0 0 0 0 0 0 0 0 0 0 0 0 0 0 0 0 0 0 0 0 0 0 0 0 0 0 0 0 0 0 0 0 1 0 0 0 0 0 0 0 0 0 0 0 0 0 0 0 0 0 0 0 0 0 0 0 0 0 0 0 0 0 0 0 0 0 0 0 0 0 0 0 0 0 0 0 0 0 0 0 0 0 0 0 0 0 0 0 0 0 0 0 0 0 0 0 0 0 0 0 0 0 0 0 0 0 0 0 0 0 0 0 0 0 0 0 0 0 0 0 0 0 0 0 0 0 0 0 0 0 0 0 
0 0 0 0 0 0 0 0 0 0 0 0 0 0 0 0 0 0 0 0 0 0 0 0 0 0 0 0 0 0 0 0 0 0 0 0 0 0 0 0 0 0 0 0 0 0 0 0 0 0 0 0 0 0 0 0 0 0 0 0 0 0 0 0 0 0 0 0 0 0 0 0 0 0 0 0 0 0 0 0 0 0 0 0 0 0 0 0 0 0 0 0 0 0 0 0 0 0 0 0 0 0 0 0 0 0 0 0 0 0 0 0 0 0 0 0 0 0 0 0 0 0 0 0 1 0 0 0 0 0 0 0 0 0 0 0 0 0 0 0 0 0 0 0 0 0 0 0 0 0 0 0 0 0 0 0 0 0 0 0 0 0 0 0 0 0 0 0 0 0 0 0 0 0 0 0 0 0 0 0 0 0 0 0 0 0 0 0 0 0 0 0 0 0 0 0 0 0 0 0 0 0 0 0 0 0 0 0 0 
0 0 0 0 0 0 0 0 0 0 0 0 0 0 0 0 0 0 0 0 0 0 0 0 0 0 0 0 0 0 0 0 0 0 0 0 0 0 0 0 0 0 0 0 0 0 0 0 0 0 0 0 0 0 0 0 0 0 0 0 0 0 0 0 0 0 0 0 0 0 0 0 0 0 0 0 0 0 0 0 0 0 0 0 0 0 0 0 0 0 0 0 0 0 0 0 0 0 0 0 0 0 0 0 0 0 0 0 0 0 0 0 0 0 0 0 0 0 0 0 0 0 0 1 0 0 0 0 0 0 0 0 0 0 0 0 0 0 0 0 0 0 0 0 0 0 0 0 0 0 0 0 0 0 0 0 0 0 0 0 0 0 0 0 0 0 0 0 0 0 0 0 0 0 0 0 0 0 0 0 0 0 0 0 0 0 0 0 0 0 0 0 0 0 0 0 0 0 0 0 0 0 0 0 0 0 0 0 0 
0 0 0 0 0 0 0 0 0 0 0 0 0 0 0 0 0 0 0 0 0 0 0 0 0 0 0 0 0 0 0 0 0 0 0 0 0 0 0 0 0 0 0 0 0 0 0 0 0 0 0 0 0 0 0 0 0 0 0 0 0 0 0 0 0 0 0 0 0 0 0 0 0 0 0 0 0 0 0 0 0 0 0 0 0 0 0 0 0 0 0 0 0 0 0 0 0 0 0 0 0 0 0 0 0 0 0 0 0 0 0 0 0 0 0 0 0 0 0 0 0 0 1 0 0 0 0 0 0 0 0 0 0 0 0 0 0 0 0 0 0 0 0 0 0 0 0 0 0 0 0 0 0 0 0 0 0 0 0 0 0 0 0 0 0 0 0 0 0 0 0 0 0 0 0 0 0 0 0 0 0 0 0 0 0 0 0 0 0 0 0 0 0 0 0 0 0 0 0 0 0 0 0 0 0 0 0 0 0 
0 0 0 0 0 0 0 0 0 0 0 0 0 0 0 0 0 0 0 0 0 0 0 0 0 0 0 0 0 0 0 0 0 0 0 0 0 0 0 0 0 0 0 0 0 0 0 0 0 0 0 0 0 0 0 0 0 0 0 0 0 0 0 0 0 0 0 0 0 0 0 0 0 0 0 0 0 0 0 0 0 0 0 0 0 0 0 0 0 0 0 0 0 0 0 0 0 0 0 0 0 0 0 0 0 0 0 0 0 0 0 0 0 0 0 0 0 0 0 0 0 1 0 0 0 0 0 0 0 0 0 0 0 0 0 0 0 0 0 0 0 0 0 0 0 0 0 0 0 0 0 0 0 0 0 0 0 0 0 0 0 0 0 0 0 0 0 0 0 0 0 0 0 0 0 0 0 0 0 0 0 0 0 0 0 0 0 0 0 0 0 0 0 0 0 0 0 0 0 0 0 0 0 0 0 0 0 0 0 
0 0 0 0 0 0 0 0 0 0 0 0 0 0 0 0 0 0 0 0 0 0 0 0 0 0 0 0 0 0 0 0 0 0 0 0 0 0 0 0 0 0 0 0 0 0 0 0 0 0 0 0 0 0 0 0 0 0 0 0 0 0 0 0 0 0 0 0 0 0 0 0 0 0 0 0 0 0 0 0 0 0 0 0 0 0 0 0 0 0 0 0 0 0 0 0 0 0 0 0 0 0 0 0 0 0 0 0 0 0 0 0 0 0 0 0 0 0 0 0 1 0 0 0 0 0 0 0 0 0 0 0 0 0 0 0 0 0 0 0 0 0 0 0 0 0 0 0 0 0 0 0 0 0 0 0 0 0 0 0 0 0 0 0 0 0 0 0 0 0 0 0 0 0 0 0 0 0 0 0 0 0 0 0 0 0 0 0 0 0 0 0 0 0 0 0 0 0 0 0 0 0 0 0 0 0 0 0 0 
0 0 0 0 0 0 0 0 0 0 0 0 0 0 0 0 0 0 0 0 0 0 0 0 0 0 0 0 0 0 0 0 0 0 0 0 0 0 0 0 0 0 0 0 0 0 0 0 0 0 0 0 0 0 0 0 0 0 0 0 0 0 0 0 0 0 0 0 0 0 0 0 0 0 0 0 0 0 0 0 0 0 0 0 0 0 0 0 0 0 0 0 0 0 0 0 0 0 0 0 0 0 0 0 0 0 0 0 0 0 0 0 0 0 0 0 0 0 0 0 0 0 0 0 0 0 0 0 0 0 0 0 0 1 0 0 0 0 0 0 0 0 0 0 0 0 0 0 0 0 0 0 0 0 0 0 0 0 0 0 0 0 0 0 0 0 0 0 0 0 0 0 0 0 0 0 0 0 0 0 0 0 0 0 0 0 0 0 0 0 0 0 0 0 0 0 0 0 0 0 0 0 0 0 0 0 0 0 0 
0 0 0 0 0 0 0 0 0 0 0 0 0 0 0 0 0 0 0 0 0 0 0 0 0 0 0 0 0 0 0 0 0 0 0 0 0 0 0 0 0 0 0 0 0 0 0 0 0 0 0 0 0 0 0 0 0 0 0 0 0 0 0 0 0 0 0 0 0 0 0 0 0 0 0 0 0 0 0 0 0 0 0 0 0 0 0 0 0 0 0 0 0 0 0 0 0 0 0 0 0 0 0 0 0 0 0 0 0 0 0 0 0 0 0 0 0 0 0 0 0 0 0 0 0 0 0 0 0 0 0 0 0 0 0 0 0 0 0 0 0 0 0 0 0 0 1 0 0 0 0 0 0 0 0 0 0 0 0 0 0 0 0 0 0 0 0 0 0 0 0 0 0 0 0 0 0 0 0 0 0 0 0 0 0 0 0 0 0 0 0 0 0 0 0 0 0 0 0 0 0 0 0 0 0 0 0 0 0 
0 0 0 0 0 0 0 0 0 0 0 0 0 0 0 0 0 0 0 0 0 0 0 0 0 0 0 0 0 0 0 0 0 0 0 0 0 0 0 0 0 0 0 0 0 0 0 0 0 0 0 0 0 0 0 0 0 0 0 0 0 0 0 0 0 0 0 0 0 0 0 0 0 0 0 0 0 0 0 0 0 0 0 0 0 0 0 0 0 0 0 0 0 0 0 0 0 0 0 0 0 0 0 0 0 0 0 0 0 0 0 0 0 0 0 0 0 0 0 0 0 0 0 0 0 0 0 0 0 0 0 0 0 0 0 0 0 0 0 0 0 0 0 0 0 0 1 0 0 0 0 0 0 0 0 0 0 0 0 0 0 0 0 0 0 0 0 0 0 0 0 0 0 0 0 0 0 0 0 0 0 0 0 0 0 0 0 0 0 0 0 0 0 0 0 0 0 0 0 0 0 0 0 0 0 0 0 0 0 
0 0 0 0 0 0 0 0 0 0 0 0 0 0 0 0 0 0 0 0 0 0 0 0 0 0 0 0 0 0 0 0 0 0 0 0 0 0 0 0 0 0 0 0 0 0 0 0 0 0 0 0 0 0 0 0 0 0 0 0 0 0 0 0 0 0 0 0 0 0 0 0 0 0 0 0 0 0 0 0 0 0 0 0 0 0 0 0 0 0 0 0 0 0 0 0 0 0 0 0 0 0 0 0 0 0 0 0 0 0 0 0 0 0 0 0 0 0 0 0 0 0 0 0 0 0 0 0 0 0 0 0 0 0 0 0 0 0 0 0 0 0 0 0 0 0 1 0 0 0 0 0 0 0 0 0 0 0 0 0 0 0 0 0 0 0 0 0 0 0 0 0 0 0 0 0 0 0 0 0 0 0 0 0 0 0 0 0 0 0 0 0 0 0 0 0 0 0 0 0 0 0 0 0 0 0 0 0 0 
0 0 0 0 0 0 0 0 0 0 0 0 0 0 0 0 0 0 0 0 0 0 0 0 0 0 0 0 0 0 0 0 0 0 0 0 0 0 0 0 0 0 0 0 0 0 0 0 0 0 0 0 0 0 0 0 0 0 0 0 0 0 0 0 0 0 0 0 0 0 0 0 0 0 0 0 0 0 0 0 0 0 0 0 0 0 0 0 0 0 0 0 0 0 0 0 0 0 0 0 0 0 0 0 0 0 0 0 0 0 0 0 0 0 0 0 0 0 0 0 0 0 0 0 0 0 0 0 0 0 0 0 0 0 0 0 0 0 0 0 0 0 0 0 0 0 1 0 0 0 0 0 0 0 0 0 0 0 0 0 0 0 0 0 0 0 0 0 0 0 0 0 0 0 0 0 0 0 0 0 0 0 0 0 0 0 0 0 0 0 0 0 0 0 0 0 0 0 0 0 0 0 0 0 0 0 0 0 0 
0 0 0 0 0 0 0 0 0 0 0 0 0 0 0 0 0 0 0 0 0 0 0 0 0 0 0 0 0 0 0 0 0 0 0 0 0 0 0 0 0 0 0 0 0 0 0 0 0 0 0 0 0 0 0 0 0 0 0 0 0 0 0 0 0 0 0 0 0 0 0 0 0 0 0 0 0 0 0 0 0 0 0 0 0 0 0 0 0 0 0 0 0 0 0 0 0 0 0 0 0 0 0 0 0 0 0 0 0 0 0 0 0 0 0 0 0 0 0 0 0 0 0 0 0 0 0 0 0 0 0 0 0 0 0 0 0 0 0 0 0 0 0 0 0 0 1 0 0 0 0 0 0 0 0 0 0 0 0 0 0 0 0 0 0 0 0 0 0 0 0 0 0 0 0 0 0 0 0 0 0 0 0 0 0 0 0 0 0 0 0 0 0 0 0 0 0 0 0 0 0 0 0 0 0 0 0 0 0 
0 0 0 0 0 0 0 0 0 0 0 0 0 0 0 0 0 0 0 0 0 0 0 0 0 0 0 0 0 0 0 0 0 0 0 0 0 0 0 0 0 0 0 0 0 0 0 0 0 0 0 0 0 0 0 0 0 0 0 0 0 0 0 0 0 0 0 0 0 0 0 0 0 0 0 0 0 0 0 0 0 0 0 0 0 0 0 0 0 0 0 0 0 0 0 0 0 0 0 0 0 0 0 0 0 0 0 0 0 0 0 0 0 0 0 0 0 0 0 0 0 0 0 0 0 0 0 0 0 0 0 0 0 0 0 0 0 0 0 0 0 0 0 0 0 0 1 0 0 0 0 0 0 0 0 0 0 0 0 0 0 0 0 0 0 0 0 0 0 0 0 0 0 0 0 0 0 0 0 0 0 0 0 0 0 0 0 0 0 0 0 0 0 0 0 0 0 0 0 0 0 0 0 0 0 0 0 0 0 
0 0 0 0 0 0 0 0 0 0 0 0 0 0 0 0 0 0 0 0 0 0 0 0 0 0 0 0 0 0 0 0 0 0 0 0 0 0 0 0 0 0 0 0 0 0 0 0 0 0 0 0 0 0 0 0 0 0 0 0 0 0 0 0 0 0 0 0 0 0 0 0 0 0 0 0 0 0 0 0 0 0 0 0 0 0 0 0 0 0 0 0 0 0 0 0 0 0 0 0 0 0 0 0 0 0 0 0 0 0 0 0 0 0 0 0 0 0 0 0 0 0 0 0 0 0 0 0 0 0 0 0 0 0 0 0 0 0 0 0 0 0 0 0 0 0 1 0 0 0 0 0 0 0 0 0 0 0 0 0 0 0 0 0 0 0 0 0 0 0 0 0 0 0 0 0 0 0 0 0 0 0 0 0 0 0 0 0 0 0 0 0 0 0 0 0 0 0 0 0 0 0 0 0 0 0 0 0 0 
0 0 0 0 0 0 0 0 0 0 0 0 0 0 0 0 0 0 0 0 0 0 0 0 0 0 0 0 0 0 0 0 0 0 0 0 0 0 0 0 0 0 0 0 0 0 0 0 0 0 0 0 0 0 0 0 0 0 0 0 0 0 0 0 0 0 0 0 0 0 0 0 0 0 0 0 0 0 0 0 0 0 0 0 0 0 0 0 0 0 0 0 0 0 0 0 0 0 0 0 0 0 0 0 0 0 0 0 0 0 0 0 0 0 0 0 0 0 0 0 0 0 0 0 0 0 0 0 0 0 0 0 0 0 0 0 0 0 0 0 0 0 0 0 0 0 1 0 0 0 0 0 0 0 0 0 0 0 0 0 0 0 0 0 0 0 0 0 0 0 0 0 0 0 0 0 0 0 0 0 0 0 0 0 0 0 0 0 0 0 0 0 0 0 0 0 0 0 0 0 0 0 0 0 0 0 0 0 0 
0 0 0 0 0 0 0 0 0 0 0 0 0 0 0 0 0 0 0 0 0 0 0 0 0 0 0 0 0 0 0 0 0 0 0 0 0 0 0 0 0 0 0 0 0 0 0 0 0 0 0 0 0 0 0 0 0 0 0 0 0 0 0 0 0 0 0 0 0 0 0 0 0 0 0 0 0 0 0 0 0 0 0 0 0 0 0 0 0 0 0 0 0 0 0 0 0 0 0 0 0 0 0 0 0 0 0 0 0 0 0 0 0 0 0 0 0 0 0 0 0 0 0 0 0 0 0 0 0 0 0 0 0 0 0 0 0 0 0 0 0 0 0 0 0 0 1 0 0 0 0 0 0 0 0 0 0 0 0 0 0 0 0 0 0 0 0 0 0 0 0 0 0 0 0 0 0 0 0 0 0 0 0 0 0 0 0 0 0 0 0 0 0 0 0 0 0 0 0 0 0 0 0 0 0 0 0 0 0 

0 0 0 0 0 0 0 0 0 0 0 0 0 0 0 0 0 0 0 0 0 0 0 0 0 0 0 0 0 0 0 0 0 0 0 0 0 0 0 0 0 0 0 0 0 0 0 0 0 0 0 0 0 0 0 0 0 0 0 0 0 0 0 0 0 0 0 0 0 0 0 0 0 0 0 0 0 0 0 0 0 0 0 0 0 0 0 0 0 0 0 0 0 0 0 0 0 0 0 0 0 0 0 0 0 0 0 0 0 0 0 0 1 0 0 0 0 0 0 0 0 0 0 0 0 0 0 0 0 0 0 0 0 0 0 0 0 0 0 0 0 0 0 0 0 0 0 0 0 0 0 0 0 0 0 0 0 0 0 0 0 0 0 0 0 0 0 0 0 0 0 0 0 0 0 0 0 0 0 0 0 0 0 0 0 0 0 0 0 0 0 0 0 0 0 0 0 0 0 0 0 0 0 0 0 0 0 0 0 
0 0 0 0 0 0 0 0 0 0 0 0 0 0 0 0 0 0 0 0 0 0 0 0 0 0 0 0 0 0 0 0 0 0 0 0 0 0 0 0 0 0 0 0 0 0 0 0 0 0 0 0 0 0 0 0 0 0 0 0 0 0 0 0 0 0 0 0 0 0 0 0 0 0 0 0 0 0 0 0 0 0 0 0 0 0 0 0 0 0 0 0 0 0 0 0 0 0 0 0 0 0 0 0 0 0 0 0 0 0 0 1 0 0 0 0 0 0 0 0 0 0 0 0 0 0 0 0 0 0 0 0 0 0 0 0 0 0 0 0 0 0 0 0 0 0 0 0 0 0 0 0 0 0 0 0 0 0 0 0 0 0 0 0 0 0 0 0 0 0 0 0 0 0 0 0 0 0 0 0 0 0 0 0 0 0 0 0 0 0 0 0 0 0 0 0 0 0 0 0 0 0 0 0 0 0 0 0 0 
0 0 0 0 0 0 0 0 0 0 0 0 0 0 0 0 0 0 0 0 0 0 0 0 0 0 0 0 0 0 0 0 0 0 0 0 0 0 0 0 0 0 0 0 0 0 0 0 0 0 0 0 0 0 0 0 0 0 0 0 0 0 0 0 0 0 0 0 0 0 0 0 0 0 0 0 0 0 0 0 0 0 0 0 0 0 0 0 0 0 0 0 0 0 0 0 0 0 0 0 0 0 0 0 0 0 0 0 0 0 1 0 0 0 0 0 0 0 0 0 0 0 0 0 0 0 0 0 0 0 0 0 0 0 0 0 0 0 0 0 0 0 0 0 0 0 0 0 0 0 0 0 0 0 0 0 0 0 0 0 0 0 0 0 0 0 0 0 0 0 0 0 0 0 0 0 0 0 0 0 0 0 0 0 0 0 0 0 0 0 0 0 0 0 0 0 0 0 0 0 0 0 0 0 0 0 0 0 0 
0 0 0 0 0 0 0 0 0 0 0 0 0 0 0 0 0 0 0 0 0 0 0 0 0 0 0 0 0 0 0 0 0 0 0 0 0 0 0 0 0 0 0 0 0 0 0 0 0 0 0 0 0 0 0 0 0 0 0 0 0 0 0 0 0 0 0 0 0 0 0 0 0 0 0 0 0 0 0 0 0 0 0 0 0 0 0 0 0 0 0 0 0 0 0 0 0 0 0 0 0 0 0 0 0 0 0 0 0 1 0 0 0 0 0 0 0 0 0 0 0 0 0 0 0 0 0 0 0 0 0 0 0 0 0 0 0 0 0 0 0 0 0 0 0 0 0 0 0 0 0 0 0 0 0 0 0 0 0 0 0 0 0 0 0 0 0 0 0 0 0 0 0 0 0 0 0 0 0 0 0 0 0 0 0 0 0 0 0 0 0 0 0 0 0 0 0 0 0 0 0 0 0 0 0 0 0 0 0 
0 0 0 0 0 0 0 0 0 0 0 0 0 0 0 0 0 0 0 0 0 0 0 0 0 0 0 0 0 0 0 0 0 0 0 0 0 0 0 0 0 0 0 0 0 0 0 0 0 0 0 0 0 0 0 0 0 0 0 0 0 0 0 0 0 0 0 0 0 0 0 0 0 0 0 0 0 0 0 0 0 0 0 0 0 0 0 0 0 0 0 0 0 0 0 0 0 0 0 0 0 0 0 0 0 0 0 0 0 0 0 0 0 0 0 0 0 0 0 0 0 0 0 0 1 0 0 0 0 0 0 0 0 0 0 0 0 0 0 0 0 0 0 0 0 0 0 0 0 0 0 0 0 0 0 0 0 0 0 0 0 0 0 0 0 0 0 0 0 0 0 0 0 0 0 0 0 0 0 0 0 0 0 0 0 0 0 0 0 0 0 0 0 0 0 0 0 0 0 0 0 0 0 0 0 0 0 0 0 
0 0 0 0 0 0 0 0 0 0 0 0 0 0 0 0 0 0 0 0 0 0 0 0 0 0 0 0 0 0 0 0 0 0 0 0 0 0 0 0 0 0 0 0 0 0 0 0 0 0 0 0 0 0 0 0 0 0 0 0 0 0 0 0 0 0 0 0 0 0 0 0 0 0 0 0 0 0 0 0 0 0 0 0 0 0 0 0 0 0 0 0 0 0 0 0 0 0 0 0 0 0 0 0 0 0 0 0 0 0 0 0 0 0 0 0 0 0 0 0 0 0 0 1 0 0 0 0 0 0 0 0 0 0 0 0 0 0 0 0 0 0 0 0 0 0 0 0 0 0 0 0 0 0 0 0 0 0 0 0 0 0 0 0 0 0 0 0 0 0 0 0 0 0 0 0 0 0 0 0 0 0 0 0 0 0 0 0 0 0 0 0 0 0 0 0 0 0 0 0 0 0 0 0 0 0 0 0 0 
0 0 0 0 0 0 0 0 0 0 0 0 0 0 0 0 0 0 0 0 0 0 0 0 0 0 0 0 0 0 0 0 0 0 0 0 0 0 0 0 0 0 0 0 0 0 0 0 0 0 0 0 0 0 0 0 0 0 0 0 0 0 0 0 0 0 0 0 0 0 0 0 0 0 0 0 0 0 0 0 0 0 0 0 0 0 0 0 0 0 0 0 0 0 0 0 0 0 0 0 0 0 0 0 0 0 0 0 0 0 0 0 0 0 0 0 0 0 0 0 0 0 1 0 0 0 0 0 0 0 0 0 0 0 0 0 0 0 0 0 0 0 0 0 0 0 0 0 0 0 0 0 0 0 0 0 0 0 0 0 0 0 0 0 0 0 0 0 0 0 0 0 0 0 0 0 0 0 0 0 0 0 0 0 0 0 0 0 0 0 0 0 0 0 0 0 0 0 0 0 0 0 0 0 0 0 0 0 0 
0 0 0 0 0 0 0 0 0 0 0 0 0 0 0 0 0 0 0 0 0 0 0 0 0 0 0 0 0 0 0 0 0 0 0 0 0 0 0 0 0 0 0 0 0 0 0 0 0 0 0 0 0 0 0 0 0 0 0 0 0 0 0 0 0 0 0 0 0 0 0 0 0 0 0 0 0 0 0 0 0 0 0 0 0 0 0 0 0 0 0 0 0 0 0 0 0 0 0 0 0 0 0 0 0 0 0 0 0 0 0 0 0 0 0 0 0 0 0 0 0 1 0 0 0 0 0 0 0 0 0 0 0 0 0 0 0 0 0 0 0 0 0 0 0 0 0 0 0 0 0 0 0 0 0 0 0 0 0 0 0 0 0 0 0 0 0 0 0 0 0 0 0 0 0 0 0 0 0 0 0 0 0 0 0 0 0 0 0 0 0 0 0 0 0 0 0 0 0 0 0 0 0 0 0 0 0 0 0 
0 0 0 0 0 0 0 0 0 0 0 0 0 0 0 0 0 0 0 0 0 0 0 0 0 0 0 0 0 0 0 0 0 0 0 0 0 0 0 0 0 0 0 0 0 0 0 0 0 0 0 0 0 0 0 0 0 0 0 0 0 0 0 0 0 0 0 0 0 0 0 0 0 0 0 0 0 0 0 0 0 0 0 0 0 0 0 0 0 0 0 0 0 0 0 0 0 0 0 0 0 0 0 0 0 0 0 0 0 0 0 0 0 0 0 0 0 0 0 0 1 0 0 0 0 0 0 0 0 0 0 0 0 0 0 0 0 0 0 0 0 0 0 0 0 0 0 0 0 0 0 0 0 0 0 0 0 0 0 0 0 0 0 0 0 0 0 0 0 0 0 0 0 0 0 0 0 0 0 0 0 0 0 0 0 0 0 0 0 0 0 0 0 0 0 0 0 0 0 0 0 0 0 0 0 0 0 0 0 
0 0 0 0 0 0 0 0 0 0 0 0 0 0 0 0 0 0 0 0 0 0 0 0 0 0 0 0 0 0 0 0 0 0 0 0 0 0 0 0 0 0 0 0 0 0 0 0 0 0 0 0 0 0 0 0 0 0 0 0 0 0 0 0 0 0 0 0 0 0 0 0 0 0 0 0 0 0 0 0 0 0 0 0 0 0 0 0 0 0 0 0 0 0 0 0 0 0 0 0 0 0 0 0 0 0 0 0 0 0 0 0 0 0 0 0 0 0 0 0 0 0 0 0 0 0 0 0 0 0 0 0 0 1 0 0 0 0 0 0 0 0 0 0 0 0 0 0 0 0 0 0 0 0 0 0 0 0 0 0 0 0 0 0 0 0 0 0 0 0 0 0 0 0 0 0 0 0 0 0 0 0 0 0 0 0 0 0 0 0 0 0 0 0 0 0 0 0 0 0 0 0 0 0 0 0 0 0 0 
0 0 0 0 0 0 0 0 0 0 0 0 0 0 0 0 0 0 0 0 0 0 0 0 0 0 0 0 0 0 0 0 0 0 0 0 0 0 0 0 0 0 0 0 0 0 0 0 0 0 0 0 0 0 0 0 0 0 0 0 0 0 0 0 0 0 0 0 0 0 0 0 0 0 0 0 0 0 0 0 0 0 0 0 0 0 0 0 0 0 0 0 0 0 0 0 0 0 0 0 0 0 0 0 0 0 0 0 0 0 0 0 0 0 0 0 0 0 0 0 0 0 0 0 0 0 0 0 0 0 0 0 0 0 0 0 0 0 0 0 0 0 0 0 0 0 1 0 0 0 0 0 0 0 0 0 0 0 0 0 0 0 0 0 0 0 0 0 0 0 0 0 0 0 0 0 0 0 0 0 0 0 0 0 0 0 0 0 0 0 0 0 0 0 0 0 0 0 0 0 0 0 0 0 0 0 0 0 0 

0 0 0 0 0 0 0 0 0 0 0 0 0 0 0 0 0 0 0 0 0 0 0 0 0 0 0 0 0 0 0 0 0 0 0 0 0 0 0 0 0 0 0 0 0 0 0 0 0 0 0 0 0 0 0 0 0 0 0 0 0 0 0 0 0 0 0 0 0 0 0 0 0 0 0 0 0 0 0 0 0 0 0 0 0 0 0 0 0 0 0 0 0 0 0 0 0 0 0 0 0 0 0 0 0 0 0 0 0 0 0 0 1 0 0 0 0 0 0 0 0 0 0 0 0 0 0 0 0 0 0 0 0 0 0 0 0 0 0 0 0 0 0 0 0 0 0 0 0 0 0 0 0 0 0 0 0 0 0 0 0 0 0 0 0 0 0 0 0 0 0 0 0 0 0 0 0 0 0 0 0 0 0 0 0 0 0 0 0 0 0 0 0 0 0 0 0 0 0 0 0 0 0 0 0 0 0 0 0 
0 0 0 0 0 0 0 0 0 0 0 0 0 0 0 0 0 0 0 0 0 0 0 0 0 0 0 0 0 0 0 0 0 0 0 0 0 0 0 0 0 0 0 0 0 0 0 0 0 0 0 0 0 0 0 0 0 0 0 0 0 0 0 0 0 0 0 0 0 0 0 0 0 0 0 0 0 0 0 0 0 0 0 0 0 0 0 0 0 0 0 0 0 0 0 0 0 0 0 0 0 0 0 0 0 0 0 0 0 0 0 1 0 0 0 0 0 0 0 0 0 0 0 0 0 0 0 0 0 0 0 0 0 0 0 0 0 0 0 0 0 0 0 0 0 0 0 0 0 0 0 0 0 0 0 0 0 0 0 0 0 0 0 0 0 0 0 0 0 0 0 0 0 0 0 0 0 0 0 0 0 0 0 0 0 0 0 0 0 0 0 0 0 0 0 0 0 0 0 0 0 0 0 0 0 0 0 0 0 
0 0 0 0 0 0 0 0 0 0 0 0 0 0 0 0 0 0 0 0 0 0 0 0 0 0 0 0 0 0 0 0 0 0 0 0 0 0 0 0 0 0 0 0 0 0 0 0 0 0 0 0 0 0 0 0 0 0 0 0 0 0 0 0 0 0 0 0 0 0 0 0 0 0 0 0 0 0 0 0 0 0 0 0 0 0 0 0 0 0 0 0 0 0 0 0 0 0 0 0 0 0 0 0 0 0 0 0 0 0 1 0 0 0 0 0 0 0 0 0 0 0 0 0 0 0 0 0 0 0 0 0 0 0 0 0 0 0 0 0 0 0 0 0 0 0 0 0 0 0 0 0 0 0 0 0 0 0 0 0 0 0 0 0 0 0 0 0 0 0 0 0 0 0 0 0 0 0 0 0 0 0 0 0 0 0 0 0 0 0 0 0 0 0 0 0 0 0 0 0 0 0 0 0 0 0 0 0 0 
0 0 0 0 0 0 0 0 0 0 0 0 0 0 0 0 0 0 0 0 0 0 0 0 0 0 0 0 0 0 0 0 0 0 0 0 0 0 0 0 0 0 0 0 0 0 0 0 0 0 0 0 0 0 0 0 0 0 0 0 0 0 0 0 0 0 0 0 0 0 0 0 0 0 0 0 0 0 0 0 0 0 0 0 0 0 0 0 0 0 0 0 0 0 0 0 0 0 0 0 0 0 0 0 0 0 0 0 0 1 0 0 0 0 0 0 0 0 0 0 0 0 0 0 0 0 0 0 0 0 0 0 0 0 0 0 0 0 0 0 0 0 0 0 0 0 0 0 0 0 0 0 0 0 0 0 0 0 0 0 0 0 0 0 0 0 0 0 0 0 0 0 0 0 0 0 0 0 0 0 0 0 0 0 0 0 0 0 0 0 0 0 0 0 0 0 0 0 0 0 0 0 0 0 0 0 0 0 0 
0 0 0 0 0 0 0 0 0 0 0 0 0 0 0 0 0 0 0 0 0 0 0 0 0 0 0 0 0 0 0 0 0 0 0 0 0 0 0 0 0 0 0 0 0 0 0 0 0 0 0 0 0 0 0 0 0 0 0 0 0 0 0 0 0 0 0 0 0 0 0 0 0 0 0 0 0 0 0 0 0 0 0 0 0 0 0 0 0 0 0 0 0 0 0 0 0 0 0 0 0 0 0 0 0 0 0 0 0 0 0 0 0 0 0 0 0 0 0 0 0 0 0 0 1 0 0 0 0 0 0 0 0 0 0 0 0 0 0 0 0 0 0 0 0 0 0 0 0 0 0 0 0 0 0 0 0 0 0 0 0 0 0 0 0 0 0 0 0 0 0 0 0 0 0 0 0 0 0 0 0 0 0 0 0 0 0 0 0 0 0 0 0 0 0 0 0 0 0 0 0 0 0 0 0 0 0 0 0 
0 0 0 0 0 0 0 0 0 0 0 0 0 0 0 0 0 0 0 0 0 0 0 0 0 0 0 0 0 0 0 0 0 0 0 0 0 0 0 0 0 0 0 0 0 0 0 0 0 0 0 0 0 0 0 0 0 0 0 0 0 0 0 0 0 0 0 0 0 0 0 0 0 0 0 0 0 0 0 0 0 0 0 0 0 0 0 0 0 0 0 0 0 0 0 0 0 0 0 0 0 0 0 0 0 0 0 0 0 0 0 0 0 0 0 0 0 0 0 0 0 0 0 1 0 0 0 0 0 0 0 0 0 0 0 0 0 0 0 0 0 0 0 0 0 0 0 0 0 0 0 0 0 0 0 0 0 0 0 0 0 0 0 0 0 0 0 0 0 0 0 0 0 0 0 0 0 0 0 0 0 0 0 0 0 0 0 0 0 0 0 0 0 0 0 0 0 0 0 0 0 0 0 0 0 0 0 0 0 
0 0 0 0 0 0 0 0 0 0 0 0 0 0 0 0 0 0 0 0 0 0 0 0 0 0 0 0 0 0 0 0 0 0 0 0 0 0 0 0 0 0 0 0 0 0 0 0 0 0 0 0 0 0 0 0 0 0 0 0 0 0 0 0 0 0 0 0 0 0 0 0 0 0 0 0 0 0 0 0 0 0 0 0 0 0 0 0 0 0 0 0 0 0 0 0 0 0 0 0 0 0 0 0 0 0 0 0 0 0 0 0 0 0 0 0 0 0 0 0 0 0 1 0 0 0 0 0 0 0 0 0 0 0 0 0 0 0 0 0 0 0 0 0 0 0 0 0 0 0 0 0 0 0 0 0 0 0 0 0 0 0 0 0 0 0 0 0 0 0 0 0 0 0 0 0 0 0 0 0 0 0 0 0 0 0 0 0 0 0 0 0 0 0 0 0 0 0 0 0 0 0 0 0 0 0 0 0 0 
0 0 0 0 0 0 0 0 0 0 0 0 0 0 0 0 0 0 0 0 0 0 0 0 0 0 0 0 0 0 0 0 0 0 0 0 0 0 0 0 0 0 0 0 0 0 0 0 0 0 0 0 0 0 0 0 0 0 0 0 0 0 0 0 0 0 0 0 0 0 0 0 0 0 0 0 0 0 0 0 0 0 0 0 0 0 0 0 0 0 0 0 0 0 0 0 0 0 0 0 0 0 0 0 0 0 0 0 0 0 0 0 0 0 0 0 0 0 0 0 0 1 0 0 0 0 0 0 0 0 0 0 0 0 0 0 0 0 0 0 0 0 0 0 0 0 0 0 0 0 0 0 0 0 0 0 0 0 0 0 0 0 0 0 0 0 0 0 0 0 0 0 0 0 0 0 0 0 0 0 0 0 0 0 0 0 0 0 0 0 0 0 0 0 0 0 0 0 0 0 0 0 0 0 0 0 0 0 0 
0 0 0 0 0 0 0 0 0 0 0 0 0 0 0 0 0 0 0 0 0 0 0 0 0 0 0 0 0 0 0 0 0 0 0 0 0 0 0 0 0 0 0 0 0 0 0 0 0 0 0 0 0 0 0 0 0 0 0 0 0 0 0 0 0 0 0 0 0 0 0 0 0 0 0 0 0 0 0 0 0 0 0 0 0 0 0 0 0 0 0 0 0 0 0 0 0 0 0 0 0 0 0 0 0 0 0 0 0 0 0 0 0 0 0 0 0 0 0 0 1 0 0 0 0 0 0 0 0 0 0 0 0 0 0 0 0 0 0 0 0 0 0 0 0 0 0 0 0 0 0 0 0 0 0 0 0 0 0 0 0 0 0 0 0 0 0 0 0 0 0 0 0 0 0 0 0 0 0 0 0 0 0 0 0 0 0 0 0 0 0 0 0 0 0 0 0 0 0 0 0 0 0 0 0 0 0 0 0 
0 0 0 0 0 0 0 0 0 0 0 0 0 0 0 0 0 0 0 0 0 0 0 0 0 0 0 0 0 0 0 0 0 0 0 0 0 0 0 0 0 0 0 0 0 0 0 0 0 0 0 0 0 0 0 0 0 0 0 0 0 0 0 0 0 0 0 0 0 0 0 0 0 0 0 0 0 0 0 0 0 0 0 0 0 0 0 0 0 0 0 0 0 0 0 0 0 0 0 0 0 0 0 0 0 0 0 0 0 0 0 0 0 0 0 0 0 0 0 0 0 0 0 0 0 0 0 0 0 0 0 0 0 1 0 0 0 0 0 0 0 0 0 0 0 0 0 0 0 0 0 0 0 0 0 0 0 0 0 0 0 0 0 0 0 0 0 0 0 0 0 0 0 0 0 0 0 0 0 0 0 0 0 0 0 0 0 0 0 0 0 0 0 0 0 0 0 0 0 0 0 0 0 0 0 0 0 0 0 
0 0 0 0 0 0 0 0 0 0 0 0 0 0 0 0 0 0 0 0 0 0 0 0 0 0 0 0 0 0 0 0 0 0 0 0 0 0 0 0 0 0 0 0 0 0 0 0 0 0 0 0 0 0 0 0 0 0 0 0 0 0 0 0 0 0 0 0 0 0 0 0 0 0 0 0 0 0 0 0 0 0 0 0 0 0 0 0 0 0 0 0 0 0 0 0 0 0 0 0 0 0 0 0 0 0 0 0 0 0 0 0 0 0 0 0 0 0 0 0 0 0 0 0 0 0 0 0 0 0 0 0 0 0 0 0 0 0 0 0 0 0 0 0 0 0 1 0 0 0 0 0 0 0 0 0 0 0 0 0 0 0 0 0 0 0 0 0 0 0 0 0 0 0 0 0 0 0 0 0 0 0 0 0 0 0 0 0 0 0 0 0 0 0 0 0 0 0 0 0 0 0 0 0 0 0 0 0 0 
0 0 0 0 0 0 0 0 0 0 0 0 0 0 0 0 0 0 0 0 0 0 0 0 0 0 0 0 0 0 0 0 0 0 0 0 0 0 0 0 0 0 0 0 0 0 0 0 0 0 0 0 0 0 0 0 0 0 0 0 0 0 0 0 0 0 0 0 0 0 0 0 0 0 0 0 0 0 0 0 0 0 0 0 0 0 0 0 0 0 0 0 0 0 0 0 0 0 0 0 0 0 0 0 0 0 0 0 0 0 0 0 0 0 0 0 0 0 0 0 0 0 0 0 0 0 0 0 0 0 0 0 0 0 0 0 0 0 0 0 0 0 0 0 0 0 1 0 0 0 0 0 0 0 0 0 0 0 0 0 0 0 0 0 0 0 0 0 0 0 0 0 0 0 0 0 0 0 0 0 0 0 0 0 0 0 0 0 0 0 0 0 0 0 0 0 0 0 0 0 0 0 0 0 0 0 0 0 0 
0 0 0 0 0 0 0 0 0 0 0 0 0 0 0 0 0 0 0 0 0 0 0 0 0 0 0 0 0 0 0 0 0 0 0 0 0 0 0 0 0 0 0 0 0 0 0 0 0 0 0 0 0 0 0 0 0 0 0 0 0 0 0 0 0 0 0 0 0 0 0 0 0 0 0 0 0 0 0 0 0 0 0 0 0 0 0 0 0 0 0 0 0 0 0 0 0 0 0 0 0 0 0 0 0 0 0 0 0 0 0 0 0 0 0 0 0 0 0 0 0 0 0 0 0 0 0 0 0 0 0 0 0 0 0 0 0 0 0 0 0 0 0 0 0 0 1 0 0 0 0 0 0 0 0 0 0 0 0 0 0 0 0 0 0 0 0 0 0 0 0 0 0 0 0 0 0 0 0 0 0 0 0 0 0 0 0 0 0 0 0 0 0 0 0 0 0 0 0 0 0 0 0 0 0 0 0 0 0 
0 0 0 0 0 0 0 0 0 0 0 0 0 0 0 0 0 0 0 0 0 0 0 0 0 0 0 0 0 0 0 0 0 0 0 0 0 0 0 0 0 0 0 0 0 0 0 0 0 0 0 0 0 0 0 0 0 0 0 0 0 0 0 0 0 0 0 0 0 0 0 0 0 0 0 0 0 0 0 0 0 0 0 0 0 0 0 0 0 0 0 0 0 0 0 0 0 0 0 0 0 0 0 0 0 0 0 0 0 0 0 0 0 0 0 0 0 0 0 0 0 0 0 0 0 0 0 0 0 0 0 0 0 0 0 0 0 0 0 0 0 0 0 0 0 0 1 0 0 0 0 0 0 0 0 0 0 0 0 0 0 0 0 0 0 0 0 0 0 0 0 0 0 0 0 0 0 0 0 0 0 0 0 0 0 0 0 0 0 0 0 0 0 0 0 0 0 0 0 0 0 0 0 0 0 0 0 0 0 
0 0 0 0 0 0 0 0 0 0 0 0 0 0 0 0 0 0 0 0 0 0 0 0 0 0 0 0 0 0 0 0 0 0 0 0 0 0 0 0 0 0 0 0 0 0 0 0 0 0 0 0 0 0 0 0 0 0 0 0 0 0 0 0 0 0 0 0 0 0 0 0 0 0 0 0 0 0 0 0 0 0 0 0 0 0 0 0 0 0 0 0 0 0 0 0 0 0 0 0 0 0 0 0 0 0 0 0 0 0 0 0 0 0 0 0 0 0 0 0 0 0 0 0 0 0 0 0 0 0 0 0 0 0 0 0 0 0 0 0 0 0 0 0 0 0 1 0 0 0 0 0 0 0 0 0 0 0 0 0 0 0 0 0 0 0 0 0 0 0 0 0 0 0 0 0 0 0 0 0 0 0 0 0 0 0 0 0 0 0 0 0 0 0 0 0 0 0 0 0 0 0 0 0 0 0 0 0 0 
0 0 0 0 0 0 0 0 0 0 0 0 0 0 0 0 0 0 0 0 0 0 0 0 0 0 0 0 0 0 0 0 0 0 0 0 0 0 0 0 0 0 0 0 0 0 0 0 0 0 0 0 0 0 0 0 0 0 0 0 0 0 0 0 0 0 0 0 0 0 0 0 0 0 0 0 0 0 0 0 0 0 0 0 0 0 0 0 0 0 0 0 0 0 0 0 0 0 0 0 0 0 0 0 0 0 0 0 0 0 0 0 0 0 0 0 0 0 0 0 0 0 0 0 0 0 0 0 0 0 0 0 0 0 0 0 0 0 0 0 0 0 0 0 0 0 1 0 0 0 0 0 0 0 0 0 0 0 0 0 0 0 0 0 0 0 0 0 0 0 0 0 0 0 0 0 0 0 0 0 0 0 0 0 0 0 0 0 0 0 0 0 0 0 0 0 0 0 0 0 0 0 0 0 0 0 0 0 0 
0 0 0 0 0 0 0 0 0 0 0 0 0 0 0 0 0 0 0 0 0 0 0 0 0 0 0 0 0 0 0 0 0 0 0 0 0 0 0 0 0 0 0 0 0 0 0 0 0 0 0 0 0 0 0 0 0 0 0 0 0 0 0 0 0 0 0 0 0 0 0 0 0 0 0 0 0 0 0 0 0 0 0 0 0 0 0 0 0 0 0 0 0 0 0 0 0 0 0 0 0 0 0 0 0 0 0 0 0 0 0 0 0 0 0 0 0 0 0 0 0 0 0 0 0 0 0 0 0 0 0 0 0 0 0 0 0 0 0 0 0 0 0 0 0 0 1 0 0 0 0 0 0 0 0 0 0 0 0 0 0 0 0 0 0 0 0 0 0 0 0 0 0 0 0 0 0 0 0 0 0 0 0 0 0 0 0 0 0 0 0 0 0 0 0 0 0 0 0 0 0 0 0 0 0 0 0 0 0 
0 0 0 0 0 0 0 0 0 0 0 0 0 0 0 0 0 0 0 0 0 0 0 0 0 0 0 0 0 0 0 0 0 0 0 0 0 0 0 0 0 0 0 0 0 0 0 0 0 0 0 0 0 0 0 0 0 0 0 0 0 0 0 0 0 0 0 0 0 0 0 0 0 0 0 0 0 0 0 0 0 0 0 0 0 0 0 0 0 0 0 0 0 0 0 0 0 0 0 0 0 0 0 0 0 0 0 0 0 0 0 0 0 0 0 0 0 0 0 0 0 0 0 0 0 0 0 0 0 0 0 0 0 0 0 0 0 0 0 0 0 0 0 0 0 0 1 0 0 0 0 0 0 0 0 0 0 0 0 0 0 0 0 0 0 0 0 0 0 0 0 0 0 0 0 0 0 0 0 0 0 0 0 0 0 0 0 0 0 0 0 0 0 0 0 0 0 0 0 0 0 0 0 0 0 0 0 0 0 
0 0 0 0 0 0 0 0 0 0 0 0 0 0 0 0 0 0 0 0 0 0 0 0 0 0 0 0 0 0 0 0 0 0 0 0 0 0 0 0 0 0 0 0 0 0 0 0 0 0 0 0 0 0 0 0 0 0 0 0 0 0 0 0 0 0 0 0 0 0 0 0 0 0 0 0 0 0 0 0 0 0 0 0 0 0 0 0 0 0 0 0 0 0 0 0 0 0 0 0 0 0 0 0 0 0 0 0 0 0 0 0 0 0 0 0 0 0 0 0 0 0 0 0 0 0 0 0 0 0 0 0 0 0 0 0 0 0 0 0 0 0 0 0 0 0 1 0 0 0 0 0 0 0 0 0 0 0 0 0 0 0 0 0 0 0 0 0 0 0 0 0 0 0 0 0 0 0 0 0 0 0 0 0 0 0 0 0 0 0 0 0 0 0 0 0 0 0 0 0 0 0 0 0 0 0 0 0 0 

Groups 0 and 3 collide.
Solution of group 0
Mulirobot solution: (|moves| = 10, paralellism = 1.000) [
    Step 0: 1#112->111 
    Step 1: 1#111->110 
    Step 2: 1#110->109 
    Step 3: 1#109->124 
    Step 4: 1#124->123 
    Step 5: 1#123->122 
    Step 6: 1#122->121 
    Step 7: 1#121->120 
    Step 8: 1#120->133 
    Step 9: 1#133->146 
]
Solution of group 3
Mulirobot solution: (|moves| = 18, paralellism = 1.000) [
    Step 0: 1#120->121 
    Step 1: 1#121->122 
    Step 2: 1#122->123 
    Step 3: 1#123->124 
    Step 4: 1#124->109 
    Step 5: 1#109->110 
    Step 6: 1#110->111 
    Step 7: 1#111->112 
    Step 8: 1#112->126 
    Step 9: 1#126->138 
    Step 10: 1#138->151 
    Step 11: 1#151->165 
    Step 12: 1#165->166 
    Step 13: 1#166->167 
    Step 14: 1#167->152 
    Step 15: 1#152->153 
    Step 16: 1#153->154 
    Step 17: 1#154->155 
]
Occupation table complementary for group 0
1 1 0 0 0 1 1 1 1 0 1 1 1 1 0 1 1 1 1 1 1 0 1 1 1 0 1 0 0 1 1 1 0 1 1 1 1 1 0 1 1 1 0 0 0 1 1 0 1 1 0 0 0 0 1 1 0 1 1 0 1 1 1 0 0 0 0 0 1 1 1 1 0 1 1 1 0 1 1 1 0 1 0 1 0 0 0 0 1 0 0 1 1 1 1 0 1 1 0 1 1 1 1 0 1 1 1 1 0 1 1 1 0 1 1 1 1 0 1 1 1 1 1 1 1 1 1 1 1 1 1 1 0 1 1 1 1 1 1 1 1 1 1 1 0 0 1 1 0 1 1 0 1 1 0 1 1 1 1 1 1 1 1 1 1 1 1 1 1 1 1 1 1 0 1 1 1 1 1 1 0 0 0 1 1 1 1 1 1 0 0 1 1 1 1 1 1 0 0 1 1 1 1 1 1 1 1 1 0 
0 0 0 0 1 1 0 1 0 1 1 0 0 1 1 1 0 1 0 1 1 1 1 1 0 1 1 0 0 0 1 1 0 1 1 0 1 0 0 0 1 0 1 0 0 1 1 0 1 0 1 1 1 0 1 0 1 1 0 0 1 0 0 0 0 1 1 0 1 1 1 0 1 1 0 0 1 0 1 1 1 0 1 0 1 0 0 0 0 1 1 1 1 0 1 1 1 0 1 1 1 1 0 0 1 1 0 0 0 1 1 0 1 1 0 0 0 1 0 0 1 1 1 1 1 0 0 1 0 1 1 1 0 1 0 1 0 0 1 0 0 1 0 1 1 1 1 1 1 0 0 1 1 1 1 0 1 1 0 0 1 1 1 1 1 1 1 1 1 1 0 1 1 0 1 0 0 0 1 1 1 0 1 0 0 0 0 1 1 1 1 1 1 1 1 1 0 0 1 0 0 1 0 0 0 1 0 0 0 
0 0 0 1 0 1 0 0 1 1 0 0 0 1 1 0 0 0 0 0 1 1 1 0 0 0 1 1 1 0 1 0 0 1 1 0 1 0 1 0 0 0 1 1 1 1 0 0 1 0 0 1 0 1 0 0 0 1 1 0 1 0 0 0 0 1 1 1 1 1 1 1 1 1 0 0 1 1 0 1 1 1 1 1 0 0 0 0 0 1 1 0 1 0 1 1 1 1 1 1 1 0 0 1 0 1 1 1 0 1 0 0 1 1 0 0 0 1 0 0 1 0 1 1 1 0 1 0 0 1 0 1 1 1 1 0 0 0 0 0 1 1 0 1 1 1 0 1 1 1 0 1 1 1 1 0 1 1 0 0 1 0 0 1 1 1 1 1 1 1 0 0 0 0 1 0 1 0 1 1 1 0 1 0 0 1 0 0 1 1 1 0 1 1 1 0 0 0 0 0 0 0 0 0 1 0 0 0 0 
1 0 0 0 0 1 0 1 1 0 0 0 1 0 0 0 0 1 0 1 1 1 0 1 0 1 0 1 1 1 0 0 0 0 0 0 0 0 0 0 0 1 1 0 1 1 1 0 0 0 0 1 0 1 1 1 0 0 1 0 1 0 0 0 1 1 1 1 0 1 1 1 1 1 0 0 0 1 1 1 0 1 1 1 1 0 0 0 1 0 1 1 1 1 0 1 1 1 1 1 0 0 0 1 0 0 1 0 0 1 1 0 1 0 0 0 0 1 0 1 1 1 0 1 1 0 1 0 0 1 0 1 1 0 1 1 0 0 1 0 1 1 0 1 1 1 0 1 0 1 0 1 1 1 0 0 0 0 0 0 1 0 1 0 1 1 1 1 1 1 0 0 1 0 0 0 1 0 0 1 1 0 0 0 0 0 0 0 0 1 1 0 0 1 0 0 0 0 0 0 0 0 0 0 1 0 0 0 0 
0 1 0 0 0 1 0 1 0 0 0 0 1 0 0 0 0 0 0 1 1 0 1 0 0 1 0 0 1 1 1 0 0 1 0 0 0 0 0 0 1 0 0 0 1 0 1 0 0 0 0 1 0 1 1 1 1 1 1 0 0 0 0 1 0 0 1 1 0 1 1 1 1 1 0 1 1 0 1 1 0 0 0 1 1 0 0 0 1 0 0 1 1 0 1 1 1 1 1 0 0 0 0 1 0 1 1 0 0 1 1 1 1 0 0 0 0 1 0 1 0 0 1 1 1 0 1 0 0 1 0 1 1 0 1 1 0 0 1 0 1 0 0 0 0 1 0 1 1 1 0 1 1 1 0 0 0 1 0 0 0 0 1 1 1 1 1 1 1 0 0 0 0 0 0 0 1 0 0 1 1 0 1 0 0 0 0 0 1 0 1 0 0 0 1 0 0 0 0 0 0 0 0 0 1 0 0 0 0 
0 0 1 0 0 1 0 0 0 0 0 0 1 0 0 0 0 0 0 1 1 0 1 0 0 1 0 0 0 1 0 0 0 1 0 0 0 0 1 0 1 0 1 0 0 1 0 0 0 0 0 1 1 1 1 1 1 0 1 0 0 0 1 0 0 1 1 1 1 1 1 1 1 0 0 0 1 1 1 1 0 1 0 0 0 0 0 0 1 1 0 1 1 1 0 1 1 1 1 1 0 0 0 1 0 1 1 0 0 1 1 1 1 0 0 0 0 1 0 1 0 0 1 1 1 0 1 0 0 1 0 0 1 1 1 0 0 0 1 0 1 0 0 0 1 0 0 1 0 1 0 1 1 1 0 0 0 0 0 0 0 0 1 1 1 1 1 1 1 0 0 0 0 0 0 0 0 0 0 1 0 0 1 0 0 0 0 0 1 0 1 0 0 0 0 0 0 0 0 0 0 0 0 0 1 1 0 0 0 
0 0 1 0 0 1 0 0 0 0 0 0 1 0 0 0 0 0 0 1 1 0 1 0 0 1 0 0 1 0 0 0 0 1 0 0 0 0 0 0 1 1 0 1 1 1 0 0 0 0 1 1 1 1 1 1 0 1 0 0 0 0 0 0 1 1 1 1 1 1 1 1 1 0 0 0 1 1 1 1 1 1 0 0 1 0 0 0 1 1 1 0 0 1 1 1 1 0 1 0 0 0 0 1 0 0 1 0 0 1 1 1 1 1 0 0 0 0 0 1 1 1 0 0 1 0 1 0 0 1 0 0 0 1 1 1 0 0 1 0 1 0 0 1 0 0 0 1 0 1 0 1 0 0 0 0 0 0 0 0 0 0 1 1 1 1 1 1 1 0 0 0 0 0 0 0 0 0 0 1 0 1 1 0 0 0 0 0 1 0 1 0 0 0 0 0 0 0 0 0 0 0 0 0 1 0 1 0 0 
0 0 1 0 0 1 0 1 0 0 0 0 1 0 0 1 0 0 0 1 1 0 1 0 0 1 0 1 0 0 0 0 0 1 0 0 0 0 1 0 1 0 1 1 1 1 0 0 0 0 0 1 1 1 1 0 1 0 0 0 0 0 1 1 0 1 1 1 1 1 1 1 1 0 0 0 1 1 1 1 1 1 1 1 0 0 0 0 1 1 1 1 0 1 1 1 1 1 1 1 0 0 0 0 0 0 1 1 0 1 1 1 1 1 0 0 0 0 0 0 1 1 0 1 1 0 1 1 0 1 0 1 0 1 1 1 0 1 1 0 1 1 0 0 0 0 0 1 0 1 0 1 0 0 0 0 0 0 0 0 0 0 1 1 1 1 1 1 1 0 0 0 0 0 0 0 1 0 0 1 0 1 1 0 0 0 0 0 1 0 1 0 0 0 0 0 0 0 0 0 0 0 0 0 1 0 0 1 0 
0 0 1 0 0 1 0 1 0 0 0 0 1 0 1 0 0 0 0 0 1 0 1 0 0 1 1 0 0 0 0 0 0 0 0 0 0 0 0 0 1 1 1 0 1 1 0 0 0 0 0 1 1 1 1 1 1 1 0 0 0 0 1 0 1 1 1 1 1 1 1 1 1 0 0 1 1 0 1 1 0 1 0 1 0 0 0 0 0 1 1 1 1 1 1 1 1 0 1 1 0 0 0 0 0 0 1 0 0 1 1 1 1 1 0 0 0 1 0 0 0 1 1 1 0 0 1 1 0 1 0 0 0 1 1 1 0 1 1 0 1 0 1 0 0 0 0 1 0 1 0 1 0 0 0 0 0 0 0 0 0 0 1 1 0 1 1 1 1 0 0 0 0 0 0 0 0 0 0 1 1 0 1 1 0 0 0 0 1 1 1 0 0 0 0 0 0 0 0 0 0 0 0 0 1 0 0 0 1 
0 0 1 0 0 1 0 1 0 0 0 0 1 0 1 0 0 0 0 0 1 1 1 0 0 1 1 0 0 0 0 0 0 0 0 0 0 0 0 0 1 1 0 0 1 1 0 0 0 0 1 1 1 1 1 1 1 1 0 0 0 0 0 1 1 1 1 1 1 1 0 1 1 0 0 1 1 1 0 1 1 1 0 1 0 0 0 0 1 0 1 1 1 1 0 1 1 0 0 1 1 0 0 0 0 0 1 0 0 1 1 1 1 1 0 0 0 0 1 0 0 0 1 1 0 0 1 1 0 1 1 0 0 1 1 1 0 1 1 0 1 0 1 0 0 0 0 1 0 1 0 1 0 0 0 0 0 0 0 0 1 0 1 0 0 1 0 1 1 0 0 0 0 0 0 0 1 0 0 1 0 0 1 1 0 0 0 0 1 0 1 0 0 1 0 1 0 0 0 0 0 0 0 0 1 0 0 0 1 
0 0 1 0 0 1 0 1 0 0 0 0 1 1 1 0 0 0 0 0 1 1 1 0 0 1 1 0 0 1 0 0 0 1 0 0 0 0 1 0 1 0 1 1 1 1 0 0 0 0 0 1 1 1 1 1 1 1 0 0 0 0 0 1 1 1 1 1 1 1 0 1 1 0 0 1 1 0 1 1 1 1 0 1 0 0 0 0 0 0 1 1 1 1 1 1 1 1 1 0 1 0 0 1 0 0 1 0 0 1 1 1 1 1 0 0 0 0 1 0 0 0 1 1 1 0 1 1 1 1 1 0 0 1 1 1 0 1 1 0 1 0 1 0 0 0 0 1 1 1 0 1 1 0 0 0 0 0 0 0 0 0 1 0 0 1 0 1 1 0 0 0 0 0 1 0 1 0 0 1 0 0 1 1 0 0 0 0 1 1 1 0 1 1 0 0 1 0 0 0 0 1 0 0 1 0 0 0 1 
0 0 1 0 0 1 0 1 0 0 0 0 1 0 1 0 0 0 0 1 1 1 1 0 0 1 1 0 1 1 1 0 0 0 0 0 0 0 0 1 1 1 1 0 1 1 0 0 0 0 0 1 1 1 1 1 1 1 0 0 0 0 0 1 1 1 1 1 1 0 1 1 1 0 0 1 1 0 1 1 1 1 0 0 0 1 0 0 0 1 1 0 1 1 1 1 1 1 1 0 1 1 0 0 0 1 1 0 0 1 1 1 1 1 0 0 0 1 1 0 0 0 1 0 1 0 1 1 1 1 1 0 0 1 1 1 0 1 1 0 1 0 1 0 0 0 0 1 0 1 0 1 0 1 0 0 0 0 0 0 0 1 1 0 1 1 0 1 1 0 0 0 0 0 0 0 0 0 0 1 0 0 1 1 0 0 0 1 1 1 1 0 1 1 0 0 1 0 0 0 1 0 0 0 1 0 0 0 1 
1 0 1 0 0 1 0 1 0 0 0 0 1 0 1 1 0 0 0 0 1 1 1 0 0 1 1 0 0 1 0 1 0 1 0 0 0 0 0 1 1 0 1 1 1 1 0 0 0 0 0 1 1 1 1 0 1 1 0 0 0 0 0 1 1 0 1 1 1 1 0 1 1 0 0 1 1 1 1 1 1 1 0 1 0 1 1 0 1 0 0 0 0 1 1 1 1 1 0 0 1 1 1 0 0 1 1 0 0 1 1 1 1 1 0 0 0 0 1 1 1 0 1 1 1 0 1 1 1 1 1 1 0 1 1 1 0 1 1 0 1 0 1 0 0 0 0 1 0 1 0 1 0 0 1 0 0 0 0 0 0 1 1 0 0 1 1 1 1 0 0 0 0 0 0 0 0 0 1 1 0 0 1 1 0 0 0 1 1 1 1 0 1 1 1 0 1 0 0 0 1 0 0 0 1 0 0 0 1 
1 0 1 0 0 1 0 1 0 0 0 0 1 0 1 1 0 0 0 1 1 1 1 0 0 1 1 0 0 1 1 1 0 0 1 0 0 0 0 1 1 0 1 1 1 1 0 0 0 0 0 1 1 1 1 1 0 1 1 0 0 0 0 1 1 1 1 1 1 1 1 1 1 0 0 1 1 0 1 1 1 1 1 1 1 1 0 1 0 0 1 0 0 1 1 1 1 0 1 0 1 1 1 1 0 1 1 0 0 1 1 1 0 1 0 0 0 0 1 0 1 0 1 1 1 0 1 1 1 1 1 0 1 1 1 1 0 1 1 0 1 0 1 1 0 0 0 1 0 1 0 1 0 0 1 0 0 0 0 0 0 1 1 0 0 1 1 1 1 0 0 0 0 0 0 0 0 0 0 1 0 0 1 1 0 0 0 1 1 1 1 1 0 1 1 0 1 0 0 0 1 1 0 0 1 1 0 0 1 
1 0 1 0 0 1 0 1 1 0 0 0 1 1 1 1 0 0 1 1 1 1 1 0 0 1 1 0 0 1 1 1 0 0 0 1 0 0 0 1 1 0 1 0 1 1 0 0 0 0 0 1 1 1 1 1 0 1 0 1 0 0 0 1 1 1 1 1 1 1 0 1 1 1 0 1 1 1 1 1 1 1 1 1 1 1 0 1 0 0 0 0 1 1 1 1 1 0 0 1 1 1 1 1 0 1 1 0 0 1 1 1 1 1 0 0 0 0 1 0 1 1 1 1 0 0 1 1 1 1 1 0 0 1 1 1 0 1 1 0 1 0 1 0 0 1 0 1 0 1 0 1 0 0 1 0 1 0 0 0 0 1 1 0 0 1 1 1 1 0 0 0 0 0 0 0 0 0 0 1 0 0 1 1 0 0 0 1 1 1 1 0 0 1 1 0 1 0 0 0 1 1 0 1 1 1 1 0 1 
1 0 1 0 1 1 0 1 0 1 0 0 1 1 1 1 0 0 1 1 1 1 1 0 0 1 1 0 0 1 1 1 0 0 0 1 0 0 0 1 1 0 1 1 1 1 0 0 0 0 0 1 1 1 0 1 1 1 0 1 1 0 0 1 1 0 1 1 1 0 1 1 1 0 0 1 1 0 1 1 1 1 1 1 1 1 0 1 0 0 0 1 1 1 1 1 1 0 0 0 1 1 1 1 0 1 1 0 0 0 1 1 1 1 0 0 0 0 1 1 1 0 1 0 1 0 1 1 1 1 1 0 0 1 1 1 0 1 1 0 1 0 1 0 0 0 0 1 0 1 0 1 1 0 1 0 0 0 1 0 0 1 1 0 1 1 1 1 1 0 0 1 0 0 0 0 0 0 0 1 0 1 1 1 0 0 0 1 1 1 1 0 1 1 0 0 1 0 0 0 1 1 0 1 1 1 1 0 1 
1 0 1 0 0 1 0 1 0 0 1 0 1 1 1 1 0 0 1 1 1 1 1 0 0 1 1 0 0 1 1 1 0 0 0 1 0 0 0 1 1 0 1 0 1 1 0 0 1 0 0 1 1 1 0 1 0 1 0 1 0 0 0 1 1 1 1 1 1 1 0 1 1 1 0 1 1 1 1 1 1 1 1 1 1 1 0 1 0 0 1 1 1 1 0 1 1 1 0 0 1 1 1 1 0 1 1 0 0 0 1 1 1 1 0 0 0 0 1 1 1 1 1 1 1 0 1 1 1 1 1 0 1 1 1 1 0 1 1 0 1 0 1 0 0 0 0 1 1 1 0 1 1 1 1 0 0 0 1 0 0 1 1 0 1 1 1 1 1 0 0 1 0 0 0 0 0 0 0 1 0 0 1 1 0 0 0 1 1 1 1 0 1 1 0 0 1 0 0 0 1 1 0 1 1 1 1 0 1 
1 0 1 0 0 1 1 1 0 0 1 0 1 1 1 1 0 0 1 1 1 1 1 0 0 1 1 0 0 1 1 1 0 0 0 1 0 0 0 1 1 1 1 0 1 1 0 0 1 0 0 1 1 1 1 1 0 1 0 1 1 0 0 1 1 0 1 1 1 1 1 1 1 0 0 1 1 1 1 1 1 1 1 1 1 1 0 1 1 1 1 0 1 1 0 1 1 0 1 0 1 1 1 1 0 1 1 0 0 0 1 1 1 1 0 0 0 0 1 0 1 0 1 0 1 0 1 1 1 1 1 0 1 1 1 1 0 1 1 0 1 0 1 0 0 1 0 1 1 1 0 1 1 0 1 0 0 0 1 0 1 1 1 1 1 1 1 1 1 0 0 1 0 0 0 0 0 0 0 1 0 0 1 1 0 0 0 1 1 1 1 0 1 1 0 1 1 0 0 0 1 1 0 1 1 1 1 1 1 
1 0 1 0 0 1 1 1 0 0 1 0 1 1 1 1 0 0 1 1 1 1 1 0 0 1 1 0 0 1 1 1 0 0 0 1 0 0 0 1 1 0 1 1 1 1 1 0 1 0 0 1 1 1 1 1 0 1 0 1 1 0 0 1 1 0 1 1 1 1 0 1 1 1 0 1 1 1 1 1 1 1 1 1 1 1 1 1 1 0 0 1 1 1 0 1 1 0 0 1 1 1 1 1 0 1 1 1 0 0 1 1 1 1 0 0 0 0 1 1 1 1 1 0 1 0 1 1 1 1 1 0 0 1 1 1 0 1 1 0 1 0 1 0 1 1 0 1 1 1 0 1 1 0 1 1 0 0 1 0 1 1 1 0 1 1 1 1 1 1 0 1 0 0 0 1 0 0 1 1 0 0 1 1 0 0 0 1 1 1 1 0 1 1 0 1 1 0 0 0 1 1 0 1 1 1 1 1 1 
1 0 1 0 0 1 1 1 0 0 1 0 1 1 1 1 0 0 1 1 1 1 1 0 0 1 1 0 0 1 1 1 0 0 0 1 0 0 0 1 1 0 1 0 1 1 0 1 1 0 0 1 1 1 1 1 0 1 0 1 1 0 0 1 1 0 1 1 1 1 1 1 1 0 1 1 1 1 1 1 1 1 1 1 1 1 1 1 0 0 1 0 1 1 0 1 1 0 0 1 1 1 1 1 0 1 1 1 0 0 1 1 1 1 0 0 0 1 1 1 1 0 1 0 1 0 1 1 1 1 1 0 0 1 1 1 0 1 1 0 1 0 1 0 0 0 0 1 1 1 0 1 1 0 1 1 0 1 1 0 1 1 1 0 1 1 1 1 1 1 0 1 0 0 0 1 1 0 0 1 0 0 1 1 0 0 0 1 1 1 1 1 1 1 0 1 1 0 0 0 1 1 0 1 1 1 1 1 1 
1 0 1 0 0 1 1 1 0 0 1 0 1 1 1 1 0 0 1 1 1 1 1 0 0 1 1 0 1 1 1 1 0 0 0 1 0 0 0 1 1 0 1 0 1 1 0 1 1 0 0 1 1 1 1 1 0 1 0 1 1 0 0 1 1 0 1 1 1 1 0 1 1 1 1 1 1 1 1 1 1 1 1 1 1 1 1 1 0 1 1 0 1 1 0 1 1 0 0 1 1 1 1 1 0 1 1 1 0 0 1 1 1 1 0 0 0 1 1 1 1 0 1 0 1 0 1 1 1 1 1 1 1 1 1 1 0 1 1 0 1 0 1 0 0 0 0 1 1 1 0 1 1 1 1 1 0 0 1 0 1 1 1 0 1 1 1 1 1 1 0 1 1 1 0 1 0 0 0 1 0 0 1 1 0 0 0 1 1 1 1 1 1 1 0 1 1 0 0 0 1 1 0 1 1 1 1 1 1 
1 0 1 0 1 1 1 1 0 0 1 0 1 1 1 1 0 0 1 1 1 1 1 0 0 1 1 0 0 1 1 1 0 0 0 1 0 0 0 1 1 0 1 0 1 1 0 1 1 0 0 1 1 1 1 1 0 1 0 1 1 0 0 1 1 0 1 1 1 1 0 1 1 0 1 1 1 1 1 1 1 1 1 1 1 1 1 1 0 1 0 0 1 1 0 1 1 0 0 1 1 1 1 1 0 1 1 1 0 0 1 1 1 1 0 0 0 0 1 1 1 0 1 0 1 0 1 1 1 1 1 1 1 1 1 1 0 1 1 0 1 0 1 1 0 1 0 1 1 1 0 1 1 0 1 1 0 0 1 0 1 1 1 0 1 1 1 1 1 1 0 1 0 1 0 1 0 0 0 1 0 0 1 1 0 1 0 1 1 1 1 1 1 1 0 1 1 0 0 0 1 1 1 1 1 1 1 1 1 
1 1 1 1 0 1 1 1 0 0 1 0 1 1 1 1 0 0 1 1 1 1 1 0 0 1 1 0 0 1 1 1 0 0 0 1 0 0 0 1 1 0 1 0 1 1 0 1 1 0 0 1 1 1 1 1 0 1 0 1 1 0 1 1 1 0 1 1 1 1 0 1 1 1 1 1 1 1 1 1 1 1 1 1 1 1 1 1 0 1 0 0 1 1 0 1 1 0 0 1 1 1 1 1 0 1 1 1 0 0 1 1 1 1 0 0 0 0 1 1 1 0 1 0 1 0 1 1 1 1 1 1 1 1 1 1 0 1 1 0 1 1 1 1 1 1 0 1 1 1 0 1 1 0 1 1 1 0 1 0 1 1 1 0 1 1 1 1 1 1 0 1 0 1 1 1 0 0 0 1 0 0 1 1 0 0 0 1 1 1 1 1 1 1 0 1 1 0 1 0 1 1 1 1 1 1 1 1 1 
1 1 1 1 0 1 1 1 0 0 1 0 1 1 1 1 0 0 1 1 1 1 1 0 0 1 1 0 0 1 1 1 0 0 0 1 1 0 0 1 1 0 1 0 1 1 0 1 1 0 1 1 1 1 1 1 0 1 0 1 1 0 0 1 1 0 1 1 1 1 0 1 1 1 1 1 1 1 1 1 1 1 1 1 1 1 1 1 0 1 0 0 1 1 0 1 1 0 0 1 1 1 1 1 0 1 1 1 0 0 1 1 1 1 0 0 0 0 1 1 1 0 1 0 1 0 1 1 1 1 1 1 1 1 1 1 0 1 1 0 1 1 1 0 1 0 0 1 1 1 0 1 1 0 1 1 1 0 1 0 1 1 1 0 1 1 1 1 1 1 0 1 0 1 0 1 0 0 0 1 0 0 1 1 0 0 0 1 1 1 1 1 1 1 0 1 1 0 0 1 1 1 1 1 1 1 1 1 1 
1 1 1 1 0 1 1 1 0 0 1 0 1 1 1 1 0 0 1 1 1 1 1 0 0 1 1 0 0 1 1 1 0 0 0 1 1 0 0 1 1 0 1 0 1 1 0 1 1 0 1 1 1 1 1 1 0 1 0 1 1 0 0 1 1 0 1 1 1 1 0 1 1 1 1 1 1 1 1 1 1 1 1 1 1 1 1 1 0 1 0 0 1 1 0 1 1 0 0 1 1 1 1 1 0 1 1 1 0 0 1 1 1 1 0 0 0 0 1 1 1 0 1 0 1 0 1 1 1 1 1 1 1 1 1 1 0 1 1 0 1 1 1 0 1 1 0 1 1 1 0 1 1 1 1 1 1 1 1 0 1 1 1 0 1 1 1 1 1 1 1 1 0 1 0 1 0 0 0 1 0 0 1 1 0 0 1 1 1 1 1 1 1 1 1 1 1 0 0 1 1 1 1 1 1 1 1 1 1 
1 1 1 1 0 1 1 1 0 0 1 0 1 1 1 1 0 0 1 1 1 1 1 0 0 1 1 0 0 1 1 1 0 0 0 1 1 0 0 1 1 0 1 0 1 1 0 1 1 0 1 1 1 1 1 1 0 1 0 1 1 0 0 1 1 0 1 1 1 1 0 1 1 1 1 1 1 1 1 1 1 1 1 1 1 1 1 1 0 1 0 0 1 1 0 1 1 0 0 1 1 1 1 1 0 1 1 1 0 0 1 1 1 1 0 0 1 0 1 1 1 0 1 0 1 0 1 1 1 1 1 1 1 1 1 1 0 1 1 0 1 1 1 0 1 1 0 1 1 1 0 1 1 1 1 1 1 0 1 0 1 1 1 0 1 1 1 1 1 1 1 1 1 1 0 1 0 0 0 1 0 0 1 1 1 0 1 1 1 1 1 1 1 1 1 1 1 0 0 1 1 1 1 1 1 1 1 1 1 
1 1 1 1 0 1 1 1 0 0 1 0 1 1 1 1 0 0 1 1 1 1 1 0 0 1 1 0 0 1 1 1 0 0 0 1 1 0 0 1 1 0 1 0 1 1 0 1 1 0 1 1 1 1 1 1 0 1 0 1 1 0 0 1 1 0 1 1 1 1 0 1 1 1 1 1 1 1 1 1 1 1 1 1 1 1 1 1 0 1 0 0 1 1 0 1 1 0 0 1 1 1 1 1 0 1 1 1 0 0 1 1 1 1 0 0 1 0 1 1 1 0 1 0 1 0 1 1 1 1 1 1 1 1 1 1 0 1 1 0 1 1 1 0 1 1 0 1 1 1 0 1 1 1 1 1 1 0 1 0 1 1 1 0 1 1 1 1 1 1 1 1 0 1 0 1 0 0 0 1 0 0 1 1 1 1 1 1 1 1 1 1 1 1 1 1 1 0 0 1 1 1 1 1 1 1 1 1 1 

Occupation table complementary for group 3
1 1 0 0 0 1 1 1 1 0 1 1 1 1 0 1 1 1 1 1 1 0 1 1 1 0 1 0 0 1 1 1 0 1 1 1 1 1 0 1 1 1 0 0 0 1 1 0 1 1 0 0 0 0 1 1 0 1 1 0 1 1 1 0 0 0 0 0 1 1 1 1 0 1 1 1 0 1 1 1 0 1 0 1 0 0 0 0 1 0 0 1 1 1 1 0 1 1 0 1 1 1 1 0 1 1 1 1 0 1 1 1 1 1 1 1 1 0 1 1 0 1 1 1 1 1 1 1 1 1 1 1 0 1 1 1 1 1 1 1 1 1 1 1 0 0 1 1 0 1 1 0 1 1 0 1 1 1 1 1 1 1 1 1 1 1 1 1 1 1 1 1 1 0 1 1 1 1 1 1 0 0 0 1 1 1 1 1 1 0 0 1 1 1 1 1 1 0 0 1 1 1 1 1 1 1 1 1 0 
0 0 0 0 1 1 0 1 0 1 1 0 0 1 1 1 0 1 0 1 1 1 1 1 0 1 1 0 0 0 1 1 0 1 1 0 1 0 0 0 1 0 1 0 0 1 1 0 1 0 1 1 1 0 1 0 1 1 0 0 1 0 0 0 0 1 1 0 1 1 1 0 1 1 0 0 1 0 1 1 1 0 1 0 1 0 0 0 0 1 1 1 1 0 1 1 1 0 1 1 1 1 0 0 1 1 0 0 0 1 1 1 1 1 0 0 0 1 0 0 1 1 1 1 1 0 0 1 0 1 1 1 0 1 0 1 0 0 1 0 0 1 0 1 1 1 1 1 1 0 0 1 1 1 1 0 1 1 0 0 1 1 1 1 1 1 1 1 1 1 0 1 1 0 1 0 0 0 1 1 1 0 1 0 0 0 0 1 1 1 1 1 1 1 1 1 0 0 1 0 0 1 0 0 0 1 0 0 0 
0 0 0 1 0 1 0 0 1 1 0 0 0 1 1 0 0 0 0 0 1 1 1 0 0 0 1 1 1 0 1 0 0 1 1 0 1 0 1 0 0 0 1 1 1 1 0 0 1 0 0 1 0 1 0 0 0 1 1 0 1 0 0 0 0 1 1 1 1 1 1 1 1 1 0 0 1 1 0 1 1 1 1 1 0 0 0 0 0 1 1 0 1 0 1 1 1 1 1 1 1 0 0 1 0 1 1 1 0 1 1 0 1 1 0 0 0 1 0 0 1 0 0 1 1 0 1 0 0 1 0 1 1 1 1 0 0 0 0 0 1 1 0 1 1 1 0 1 1 1 0 1 1 1 1 0 1 1 0 0 1 0 0 1 1 1 1 1 1 1 0 0 0 0 1 0 1 0 1 1 1 0 1 0 0 1 0 0 1 1 1 0 1 1 1 0 0 0 0 0 0 0 0 0 1 0 0 0 0 
1 0 0 0 0 1 0 1 1 0 0 0 1 0 0 0 0 1 0 1 1 1 0 1 0 1 0 1 1 1 0 0 0 0 0 0 0 0 0 0 0 1 1 0 1 1 1 0 0 0 0 1 0 1 1 1 0 0 1 0 1 0 0 0 1 1 1 1 0 1 1 1 1 1 0 0 0 1 1 1 0 1 1 1 1 0 0 0 1 0 1 1 1 1 0 1 1 1 1 1 0 0 0 1 0 0 1 0 0 1 1 0 1 0 0 0 0 1 0 1 1 1 0 0 1 0 1 0 0 1 0 1 1 0 1 1 0 0 1 0 1 1 0 1 1 1 0 1 0 1 0 1 1 1 0 0 0 0 0 0 1 0 1 0 1 1 1 1 1 1 0 0 1 0 0 0 1 0 0 1 1 0 0 0 0 0 0 0 0 1 1 0 0 1 0 0 0 0 0 0 0 0 0 0 1 0 0 0 0 
0 1 0 0 0 1 0 1 0 0 0 0 1 0 0 0 0 0 0 1 1 0 1 0 0 1 0 0 1 1 1 0 0 1 0 0 0 0 0 0 1 0 0 0 1 0 1 0 0 0 0 1 0 1 1 1 1 1 1 0 0 0 0 1 0 0 1 1 0 1 1 1 1 1 0 1 1 0 1 1 0 0 0 1 1 0 0 0 1 0 0 1 1 0 1 1 1 1 1 0 0 0 0 1 0 1 1 0 0 1 1 1 1 0 0 0 0 1 0 1 0 0 1 1 1 0 1 0 0 1 0 1 1 0 1 1 0 0 1 0 1 0 0 0 0 1 0 1 1 1 0 1 1 1 0 0 0 1 0 0 0 0 1 1 1 1 1 1 1 0 0 0 0 0 0 0 1 0 0 1 1 0 1 0 0 0 0 0 1 0 1 0 0 0 1 0 0 0 0 0 0 0 0 0 1 0 0 0 0 
0 0 1 0 0 1 0 0 0 0 0 0 1 0 0 0 0 0 0 1 1 0 1 0 0 1 0 0 0 1 0 0 0 1 0 0 0 0 1 0 1 0 1 0 0 1 0 0 0 0 0 1 1 1 1 1 1 0 1 0 0 0 1 0 0 1 1 1 1 1 1 1 1 0 0 0 1 1 1 1 0 1 0 0 0 0 0 0 1 1 0 1 1 1 0 1 1 1 1 1 0 0 0 1 0 1 1 0 0 1 1 1 1 0 0 0 0 1 0 1 0 0 1 1 1 0 1 0 0 1 0 0 1 1 1 0 0 0 1 0 1 0 0 0 1 0 0 1 0 1 0 1 1 1 0 0 0 0 0 0 0 0 1 1 1 1 1 1 1 0 0 0 0 0 0 0 0 0 0 1 0 0 1 0 0 0 0 0 1 0 1 0 0 0 0 0 0 0 0 0 0 0 0 0 1 1 0 0 0 
0 0 1 0 0 1 0 0 0 0 0 0 1 0 0 0 0 0 0 1 1 0 1 0 0 1 0 0 1 0 0 0 0 1 0 0 0 0 0 0 1 1 0 1 1 1 0 0 0 0 1 1 1 1 1 1 0 1 0 0 0 0 0 0 1 1 1 1 1 1 1 1 1 0 0 0 1 1 1 1 1 1 0 0 1 0 0 0 1 1 1 0 0 1 1 1 1 0 1 0 0 0 0 1 0 0 1 0 0 1 0 1 1 1 0 0 0 0 0 1 1 1 1 0 1 0 1 0 0 1 0 0 0 1 1 1 0 0 1 0 1 0 0 1 0 0 0 1 0 1 0 1 0 0 0 0 0 0 0 0 0 0 1 1 1 1 1 1 1 0 0 0 0 0 0 0 0 0 0 1 0 1 1 0 0 0 0 0 1 0 1 0 0 0 0 0 0 0 0 0 0 0 0 0 1 0 1 0 0 
0 0 1 0 0 1 0 1 0 0 0 0 1 0 0 1 0 0 0 1 1 0 1 0 0 1 0 1 0 0 0 0 0 1 0 0 0 0 1 0 1 0 1 1 1 1 0 0 0 0 0 1 1 1 1 0 1 0 0 0 0 0 1 1 0 1 1 1 1 1 1 1 1 0 0 0 1 1 1 1 1 1 1 1 0 0 0 0 1 1 1 1 0 1 1 1 1 1 1 1 0 0 0 0 0 0 1 1 0 1 1 0 1 1 0 0 0 0 0 0 1 1 0 1 1 0 1 1 0 1 0 1 0 1 1 1 0 1 1 0 1 1 0 0 0 0 0 1 0 1 0 1 0 0 0 0 0 0 0 0 0 0 1 1 1 1 1 1 1 0 0 0 0 0 0 0 1 0 0 1 0 1 1 0 0 0 0 0 1 0 1 0 0 0 0 0 0 0 0 0 0 0 0 0 1 0 0 1 0 
0 0 1 0 0 1 0 1 0 0 0 0 1 0 1 0 0 0 0 0 1 0 1 0 0 1 1 0 0 0 0 0 0 0 0 0 0 0 0 0 1 1 1 0 1 1 0 0 0 0 0 1 1 1 1 1 1 1 0 0 0 0 1 0 1 1 1 1 1 1 1 1 1 0 0 1 1 0 1 1 0 1 0 1 0 0 0 0 0 1 1 1 1 1 1 1 1 0 1 1 0 0 0 0 0 0 1 0 0 1 1 1 1 1 0 0 0 1 0 0 1 1 1 1 0 0 1 1 0 1 0 0 0 1 1 1 0 1 1 0 1 0 1 0 0 0 0 1 0 1 0 1 0 0 0 0 0 0 0 0 0 0 1 1 0 1 1 1 1 0 0 0 0 0 0 0 0 0 0 1 1 0 1 1 0 0 0 0 1 1 1 0 0 0 0 0 0 0 0 0 0 0 0 0 1 0 0 0 1 
0 0 1 0 0 1 0 1 0 0 0 0 1 0 1 0 0 0 0 0 1 1 1 0 0 1 1 0 0 0 0 0 0 0 0 0 0 0 0 0 1 1 0 0 1 1 0 0 0 0 1 1 1 1 1 1 1 1 0 0 0 0 0 1 1 1 1 1 1 1 0 1 1 0 0 1 1 1 0 1 1 1 0 1 0 0 0 0 1 0 1 1 1 1 0 1 1 0 0 1 1 0 0 0 0 0 1 0 0 1 1 1 1 1 0 0 0 0 1 0 0 0 1 1 0 0 1 1 0 1 1 0 0 1 1 1 0 1 1 0 1 0 1 0 0 0 0 1 0 1 0 1 0 0 0 0 0 0 0 0 1 0 1 0 0 1 0 1 1 0 0 0 0 0 0 0 1 0 0 1 0 0 1 1 0 0 0 0 1 0 1 0 0 1 0 1 0 0 0 0 0 0 0 0 1 0 0 0 1 
0 0 1 0 0 1 0 1 0 0 0 0 1 1 1 0 0 0 0 0 1 1 1 0 0 1 1 0 0 1 0 0 0 1 0 0 0 0 1 0 1 0 1 1 1 1 0 0 0 0 0 1 1 1 1 1 1 1 0 0 0 0 0 1 1 1 1 1 1 1 0 1 1 0 0 1 1 0 1 1 1 1 0 1 0 0 0 0 0 0 1 1 1 1 1 1 1 1 1 0 1 0 0 1 0 0 1 0 0 1 1 1 1 1 0 0 0 0 1 0 0 0 1 1 1 0 1 1 1 1 1 0 0 1 1 1 0 1 1 0 1 0 1 0 0 0 1 1 1 1 0 1 1 0 0 0 0 0 0 0 0 0 1 0 0 1 0 1 1 0 0 0 0 0 1 0 1 0 0 1 0 0 1 1 0 0 0 0 1 1 1 0 1 1 0 0 1 0 0 0 0 1 0 0 1 0 0 0 1 
0 0 1 0 0 1 0 1 0 0 0 0 1 0 1 0 0 0 0 1 1 1 1 0 0 1 1 0 1 1 1 0 0 0 0 0 0 0 0 1 1 1 1 0 1 1 0 0 0 0 0 1 1 1 1 1 1 1 0 0 0 0 0 1 1 1 1 1 1 0 1 1 1 0 0 1 1 0 1 1 1 1 0 0 0 1 0 0 0 1 1 0 1 1 1 1 1 1 1 0 1 1 0 0 0 1 1 0 0 1 1 1 1 1 0 0 0 1 1 0 0 0 1 0 1 0 1 1 1 1 1 0 0 1 1 1 0 1 1 0 1 0 1 0 0 0 1 1 0 1 0 1 0 1 0 0 0 0 0 0 0 1 1 0 1 1 0 1 1 0 0 0 0 0 0 0 0 0 0 1 0 0 1 1 0 0 0 1 1 1 1 0 1 1 0 0 1 0 0 0 1 0 0 0 1 0 0 0 1 
1 0 1 0 0 1 0 1 0 0 0 0 1 0 1 1 0 0 0 0 1 1 1 0 0 1 1 0 0 1 0 1 0 1 0 0 0 0 0 1 1 0 1 1 1 1 0 0 0 0 0 1 1 1 1 0 1 1 0 0 0 0 0 1 1 0 1 1 1 1 0 1 1 0 0 1 1 1 1 1 1 1 0 1 0 1 1 0 1 0 0 0 0 1 1 1 1 1 0 0 1 1 1 0 0 1 1 0 0 1 1 1 1 1 0 0 0 0 1 1 1 0 1 1 1 0 1 1 1 1 1 1 0 1 1 1 0 1 1 0 1 0 1 0 0 0 1 1 0 1 0 1 0 0 1 0 0 0 0 0 0 1 1 0 0 1 1 1 1 0 0 0 0 0 0 0 0 0 1 1 0 0 1 1 0 0 0 1 1 1 1 0 1 1 1 0 1 0 0 0 1 0 0 0 1 0 0 0 1 
1 0 1 0 0 1 0 1 0 0 0 0 1 0 1 1 0 0 0 1 1 1 1 0 0 1 1 0 0 1 1 1 0 0 1 0 0 0 0 1 1 0 1 1 1 1 0 0 0 0 0 1 1 1 1 1 0 1 1 0 0 0 0 1 1 1 1 1 1 1 1 1 1 0 0 1 1 0 1 1 1 1 1 1 1 1 0 1 0 0 1 0 0 1 1 1 1 0 1 0 1 1 1 1 0 1 1 0 0 1 1 1 0 1 0 0 0 0 1 0 1 0 1 1 1 0 1 1 1 1 1 0 1 1 1 1 0 1 1 0 1 0 1 1 0 0 1 1 0 1 0 1 0 0 1 0 0 0 0 0 0 1 1 0 0 1 0 1 1 0 0 0 0 0 0 0 0 0 0 1 0 0 1 1 0 0 0 1 1 1 1 1 0 1 1 0 1 0 0 0 1 1 0 0 1 1 0 0 1 
1 0 1 0 0 1 0 1 1 0 0 0 1 1 1 1 0 0 1 1 1 1 1 0 0 1 1 0 0 1 1 1 0 0 0 1 0 0 0 1 1 0 1 0 1 1 0 0 0 0 0 1 1 1 1 1 0 1 0 1 0 0 0 1 1 1 1 1 1 1 0 1 1 1 0 1 1 1 1 1 1 1 1 1 1 1 0 1 0 0 0 0 1 1 1 1 1 0 0 1 1 1 1 1 0 1 1 0 0 1 1 1 1 1 0 0 0 0 1 0 1 1 1 1 0 0 1 1 1 1 1 0 0 1 1 1 0 1 1 0 1 0 1 0 0 1 1 1 0 1 0 1 0 0 1 0 1 0 0 0 0 1 1 0 0 1 1 1 1 0 0 0 0 0 0 0 0 0 0 1 0 0 1 1 0 0 0 1 1 1 1 0 0 1 1 0 1 0 0 0 1 1 0 1 1 1 1 0 1 
1 0 1 0 1 1 0 1 0 1 0 0 1 1 1 1 0 0 1 1 1 1 1 0 0 1 1 0 0 1 1 1 0 0 0 1 0 0 0 1 1 0 1 1 1 1 0 0 0 0 0 1 1 1 0 1 1 1 0 1 1 0 0 1 1 0 1 1 1 0 1 1 1 0 0 1 1 0 1 1 1 1 1 1 1 1 0 1 0 0 0 1 1 1 1 1 1 0 0 0 1 1 1 1 0 1 1 0 0 0 1 1 1 1 0 0 0 0 1 1 1 0 1 0 1 0 1 1 1 1 1 0 0 1 1 1 0 1 1 0 1 0 1 0 0 0 1 1 0 1 0 1 0 0 1 0 0 0 1 0 0 1 1 0 1 1 1 1 1 0 0 1 0 0 0 0 0 0 0 1 0 1 1 1 0 0 0 1 1 1 1 0 1 1 0 0 1 0 0 0 1 1 0 1 1 1 1 0 1 
1 0 1 0 0 1 0 1 0 0 1 0 1 1 1 1 0 0 1 1 1 1 1 0 0 1 1 0 0 1 1 1 0 0 0 1 0 0 0 1 1 0 1 0 1 1 0 0 1 0 0 1 1 1 0 1 0 1 0 1 0 0 0 1 1 1 1 1 1 1 0 1 1 1 0 1 1 1 1 1 1 1 1 1 1 1 0 1 0 0 1 1 1 1 0 1 1 1 0 0 1 1 1 1 0 1 1 0 0 0 1 1 1 1 0 0 0 0 1 1 1 1 1 1 1 0 1 1 1 1 1 0 1 1 1 1 0 1 1 0 1 0 1 0 0 0 1 1 1 1 0 1 1 0 1 0 0 0 1 0 0 1 1 0 1 1 1 1 1 0 0 1 0 0 0 0 0 0 0 1 0 0 1 1 0 0 0 1 1 1 1 0 1 1 0 0 1 0 0 0 1 1 0 1 1 1 1 0 1 
1 0 1 0 0 1 1 1 0 0 1 0 1 1 1 1 0 0 1 1 1 1 1 0 0 1 1 0 0 1 1 1 0 0 0 1 0 0 0 1 1 1 1 0 1 1 0 0 1 0 0 1 1 1 1 1 0 1 0 1 1 0 0 1 1 0 1 1 1 1 1 1 1 0 0 1 1 1 1 1 1 1 1 1 1 1 0 1 1 1 1 0 1 1 0 1 1 0 1 0 1 1 1 1 0 1 1 0 0 0 1 1 1 1 0 0 0 0 1 0 1 0 1 0 1 0 1 1 1 1 1 0 1 1 1 1 0 1 1 0 1 0 1 0 0 1 1 1 1 1 0 1 1 0 1 0 0 0 1 0 1 1 1 1 1 1 1 1 1 0 0 1 0 0 0 0 0 0 0 1 0 0 1 1 0 0 0 1 1 1 1 0 1 1 0 1 1 0 0 0 1 1 0 1 1 1 1 1 1 
1 0 1 0 0 1 1 1 0 0 1 0 1 1 1 1 0 0 1 1 1 1 1 0 0 1 1 0 0 1 1 1 0 0 0 1 0 0 0 1 1 0 1 1 1 1 1 0 1 0 0 1 1 1 1 1 0 1 0 1 1 0 0 1 1 0 1 1 1 1 0 1 1 1 0 1 1 1 1 1 1 1 1 1 1 1 1 1 1 0 0 1 1 1 0 1 1 0 0 1 1 1 1 1 0 1 1 1 0 0 1 1 1 1 0 0 0 0 1 1 1 1 1 0 1 0 1 1 1 1 1 0 0 1 1 1 0 1 1 0 1 0 1 0 1 1 1 1 1 1 0 1 1 0 1 0 0 0 1 0 1 1 1 0 1 1 1 1 1 1 0 1 0 0 0 1 0 0 1 1 0 0 1 1 0 0 0 1 1 1 1 0 1 1 0 1 1 0 0 0 1 1 0 1 1 1 1 1 1 
1 0 1 0 0 1 1 1 0 0 1 0 1 1 1 1 0 0 1 1 1 1 1 0 0 1 1 0 0 1 1 1 0 0 0 1 0 0 0 1 1 0 1 0 1 1 0 1 1 0 0 1 1 1 1 1 0 1 0 1 1 0 0 1 1 0 1 1 1 1 1 1 1 0 1 1 1 1 1 1 1 1 1 1 1 1 1 1 0 0 1 0 1 1 0 1 1 0 0 1 1 1 1 1 0 1 1 1 0 0 1 1 1 1 0 0 0 1 1 1 1 0 1 0 1 0 1 1 1 1 1 0 0 1 1 1 0 1 1 0 1 0 1 0 0 0 1 1 1 1 0 1 1 0 1 0 0 1 1 0 1 1 1 0 1 1 1 1 1 1 0 1 0 0 0 1 1 0 0 1 0 0 1 1 0 0 0 1 1 1 1 1 1 1 0 1 1 0 0 0 1 1 0 1 1 1 1 1 1 
1 0 1 0 0 1 1 1 0 0 1 0 1 1 1 1 0 0 1 1 1 1 1 0 0 1 1 0 1 1 1 1 0 0 0 1 0 0 0 1 1 0 1 0 1 1 0 1 1 0 0 1 1 1 1 1 0 1 0 1 1 0 0 1 1 0 1 1 1 1 0 1 1 1 1 1 1 1 1 1 1 1 1 1 1 1 1 1 0 1 1 0 1 1 0 1 1 0 0 1 1 1 1 1 0 1 1 1 0 0 1 1 1 1 0 0 0 1 1 1 1 0 1 0 1 0 1 1 1 1 1 1 1 1 1 1 0 1 1 0 1 0 1 0 0 0 1 1 1 1 0 1 1 1 1 0 0 0 1 0 1 1 1 0 1 1 1 1 1 1 0 1 1 1 0 1 0 0 0 1 0 0 1 1 0 0 0 1 1 1 1 1 1 1 0 1 1 0 0 0 1 1 0 1 1 1 1 1 1 
1 0 1 0 1 1 1 1 0 0 1 0 1 1 1 1 0 0 1 1 1 1 1 0 0 1 1 0 0 1 1 1 0 0 0 1 0 0 0 1 1 0 1 0 1 1 0 1 1 0 0 1 1 1 1 1 0 1 0 1 1 0 0 1 1 0 1 1 1 1 0 1 1 0 1 1 1 1 1 1 1 1 1 1 1 1 1 1 0 1 0 0 1 1 0 1 1 0 0 1 1 1 1 1 0 1 1 1 0 0 1 1 1 1 0 0 0 0 1 1 1 0 1 0 1 0 1 1 1 1 1 1 1 1 1 1 0 1 1 0 1 0 1 1 0 1 1 1 1 1 0 1 1 0 1 0 0 0 1 0 1 1 1 0 1 1 1 1 1 1 0 1 0 1 0 1 0 0 0 1 0 0 1 1 0 1 0 1 1 1 1 1 1 1 0 1 1 0 0 0 1 1 1 1 1 1 1 1 1 
1 1 1 1 0 1 1 1 0 0 1 0 1 1 1 1 0 0 1 1 1 1 1 0 0 1 1 0 0 1 1 1 0 0 0 1 0 0 0 1 1 0 1 0 1 1 0 1 1 0 0 1 1 1 1 1 0 1 0 1 1 0 1 1 1 0 1 1 1 1 0 1 1 1 1 1 1 1 1 1 1 1 1 1 1 1 1 1 0 1 0 0 1 1 0 1 1 0 0 1 1 1 1 1 0 1 1 1 0 0 1 1 1 1 0 0 0 0 1 1 1 0 1 0 1 0 1 1 1 1 1 1 1 1 1 1 0 1 1 0 1 1 1 1 1 1 1 1 1 1 0 1 1 0 1 0 1 0 1 0 1 1 1 0 1 1 1 1 1 1 0 1 0 1 1 1 0 0 0 1 0 0 1 1 0 0 0 1 1 1 1 1 1 1 0 1 1 0 1 0 1 1 1 1 1 1 1 1 1 
1 1 1 1 0 1 1 1 0 0 1 0 1 1 1 1 0 0 1 1 1 1 1 0 0 1 1 0 0 1 1 1 0 0 0 1 1 0 0 1 1 0 1 0 1 1 0 1 1 0 1 1 1 1 1 1 0 1 0 1 1 0 0 1 1 0 1 1 1 1 0 1 1 1 1 1 1 1 1 1 1 1 1 1 1 1 1 1 0 1 0 0 1 1 0 1 1 0 0 1 1 1 1 1 0 1 1 1 0 0 1 1 1 1 0 0 0 0 1 1 1 0 1 0 1 0 1 1 1 1 1 1 1 1 1 1 0 1 1 0 1 1 1 0 1 0 1 1 1 1 0 1 1 0 1 0 1 0 1 0 1 1 1 0 1 1 1 1 1 1 0 1 0 1 0 1 0 0 0 1 0 0 1 1 0 0 0 1 1 1 1 1 1 1 0 1 1 0 0 1 1 1 1 1 1 1 1 1 1 
1 1 1 1 0 1 1 1 0 0 1 0 1 1 1 1 0 0 1 1 1 1 1 0 0 1 1 0 0 1 1 1 0 0 0 1 1 0 0 1 1 0 1 0 1 1 0 1 1 0 1 1 1 1 1 1 0 1 0 1 1 0 0 1 1 0 1 1 1 1 0 1 1 1 1 1 1 1 1 1 1 1 1 1 1 1 1 1 0 1 0 0 1 1 0 1 1 0 0 1 1 1 1 1 0 1 1 1 0 0 1 1 1 1 0 0 0 0 1 1 1 0 1 0 1 0 1 1 1 1 1 1 1 1 1 1 0 1 1 0 1 1 1 0 1 1 1 1 1 1 0 1 1 1 1 0 1 1 1 0 1 1 1 0 1 1 1 1 1 1 1 1 0 1 0 1 0 0 0 1 0 0 1 1 0 0 1 1 1 1 1 1 1 1 1 1 1 0 0 1 1 1 1 1 1 1 1 1 1 
1 1 1 1 0 1 1 1 0 0 1 0 1 1 1 1 0 0 1 1 1 1 1 0 0 1 1 0 0 1 1 1 0 0 0 1 1 0 0 1 1 0 1 0 1 1 0 1 1 0 1 1 1 1 1 1 0 1 0 1 1 0 0 1 1 0 1 1 1 1 0 1 1 1 1 1 1 1 1 1 1 1 1 1 1 1 1 1 0 1 0 0 1 1 0 1 1 0 0 1 1 1 1 1 0 1 1 1 0 0 1 1 1 1 0 0 1 0 1 1 1 0 1 0 1 0 1 1 1 1 1 1 1 1 1 1 0 1 1 0 1 1 1 0 1 1 1 1 1 1 0 1 1 1 1 0 1 0 1 0 1 1 1 0 1 1 1 1 1 1 1 1 1 1 0 1 0 0 0 1 0 0 1 1 1 0 1 1 1 1 1 1 1 1 1 1 1 0 0 1 1 1 1 1 1 1 1 1 1 
1 1 1 1 0 1 1 1 0 0 1 0 1 1 1 1 0 0 1 1 1 1 1 0 0 1 1 0 0 1 1 1 0 0 0 1 1 0 0 1 1 0 1 0 1 1 0 1 1 0 1 1 1 1 1 1 0 1 0 1 1 0 0 1 1 0 1 1 1 1 0 1 1 1 1 1 1 1 1 1 1 1 1 1 1 1 1 1 0 1 0 0 1 1 0 1 1 0 0 1 1 1 1 1 0 1 1 1 0 0 1 1 1 1 0 0 1 0 1 1 1 0 1 0 1 0 1 1 1 1 1 1 1 1 1 1 0 1 1 0 1 1 1 0 1 1 1 1 1 1 0 1 1 1 1 0 1 0 1 0 1 1 1 0 1 1 1 1 1 1 1 1 0 1 0 1 0 0 0 1 0 0 1 1 1 1 1 1 1 1 1 1 1 1 1 1 1 0 0 1 1 1 1 1 1 1 1 1 1 

Unable to resolve collision between groups 0 and 3.
Merging groups 0 and 3.
Searching solution for merged group 0+3.
Open/close/exp size (steps): 588/805/588 (5466)
Open/close/exp size (steps): 1289/1912/1289 (6573)
Open/close/exp size (steps): 2726/3241/2726 (7902)
Open/close/exp size (steps): 3091/4836/3091 (9497)
Open/close/exp size (steps): 5554/6750/5554 (11411)
Open/close/exp size (steps): 3621/9047/3621 (13708)
Open/close/exp size (steps): 4561/11804/4561 (16465)
Open/close/exp size (steps): 8401/15113/8401 (19774)
Open/close/exp size (steps): 6752/19084/6752 (23745)
Open/close/exp size (steps): 9988/23850/9988 (28511)
Open/close/exp size (steps): 4973/29570/4973 (34231)
Open/close/exp size (steps): 9806/36434/9806 (41095)
Open/close/exp size (steps): 4402/44671/4402 (49332)
Open/close/exp size (steps): 11150/54556/11150 (59217)
Open/close/exp size (steps): 11833/66418/11833 (71079)
Open/close/exp size (steps): 10031/80653/10031 (85314)
Open/close/exp size (steps): 13873/97735/13873 (102396)
Open/close/exp size (steps): 10862/118234/10862 (122895)
Open/close/exp size (steps): 9353/142833/9353 (147494)
0 0 0 0 0 0 0 0 0 0 0 0 0 0 0 0 0 0 0 0 0 0 0 0 0 0 0 0 0 0 0 0 0 0 0 0 0 0 0 0 0 0 0 0 0 0 0 0 0 0 0 0 0 0 0 0 0 0 0 0 0 0 0 0 0 0 0 0 0 0 0 0 0 0 0 0 0 0 0 0 0 0 0 0 0 0 0 0 0 0 0 0 0 0 0 0 0 0 0 0 0 0 0 0 0 0 0 0 0 0 0 0 1 0 0 0 0 0 0 0 2 0 0 0 0 0 0 0 0 0 0 0 0 0 0 0 0 0 0 0 0 0 0 0 0 0 0 0 0 0 0 0 0 0 0 0 0 0 0 0 0 0 0 0 0 0 0 0 0 0 0 0 0 0 0 0 0 0 0 0 0 0 0 0 0 0 0 0 0 0 0 0 0 0 0 0 0 0 0 0 0 0 0 0 0 0 0 0 0 
0 0 0 0 0 0 0 0 0 0 0 0 0 0 0 0 0 0 0 0 0 0 0 0 0 0 0 0 0 0 0 0 0 0 0 0 0 0 0 0 0 0 0 0 0 0 0 0 0 0 0 0 0 0 0 0 0 0 0 0 0 0 0 0 0 0 0 0 0 0 0 0 0 0 0 0 0 0 0 0 0 0 0 0 0 0 0 0 0 0 0 0 0 0 0 0 0 0 0 0 0 0 0 0 0 0 0 0 0 0 0 1 0 0 0 0 0 0 0 0 0 2 0 0 0 0 0 0 0 0 0 0 0 0 0 0 0 0 0 0 0 0 0 0 0 0 0 0 0 0 0 0 0 0 0 0 0 0 0 0 0 0 0 0 0 0 0 0 0 0 0 0 0 0 0 0 0 0 0 0 0 0 0 0 0 0 0 0 0 0 0 0 0 0 0 0 0 0 0 0 0 0 0 0 0 0 0 0 0 
0 0 0 0 0 0 0 0 0 0 0 0 0 0 0 0 0 0 0 0 0 0 0 0 0 0 0 0 0 0 0 0 0 0 0 0 0 0 0 0 0 0 0 0 0 0 0 0 0 0 0 0 0 0 0 0 0 0 0 0 0 0 0 0 0 0 0 0 0 0 0 0 0 0 0 0 0 0 0 0 0 0 0 0 0 0 0 0 0 0 0 0 0 0 0 0 0 0 0 0 0 0 0 0 0 0 0 0 0 0 1 0 0 0 0 0 0 0 0 0 0 0 2 0 0 0 0 0 0 0 0 0 0 0 0 0 0 0 0 0 0 0 0 0 0 0 0 0 0 0 0 0 0 0 0 0 0 0 0 0 0 0 0 0 0 0 0 0 0 0 0 0 0 0 0 0 0 0 0 0 0 0 0 0 0 0 0 0 0 0 0 0 0 0 0 0 0 0 0 0 0 0 0 0 0 0 0 0 0 
0 0 0 0 0 0 0 0 0 0 0 0 0 0 0 0 0 0 0 0 0 0 0 0 0 0 0 0 0 0 0 0 0 0 0 0 0 0 0 0 0 0 0 0 0 0 0 0 0 0 0 0 0 0 0 0 0 0 0 0 0 0 0 0 0 0 0 0 0 0 0 0 0 0 0 0 0 0 0 0 0 0 0 0 0 0 0 0 0 0 0 0 0 0 0 0 0 0 0 0 0 0 0 0 0 0 0 0 0 1 0 0 0 0 0 0 0 0 0 0 0 0 0 2 0 0 0 0 0 0 0 0 0 0 0 0 0 0 0 0 0 0 0 0 0 0 0 0 0 0 0 0 0 0 0 0 0 0 0 0 0 0 0 0 0 0 0 0 0 0 0 0 0 0 0 0 0 0 0 0 0 0 0 0 0 0 0 0 0 0 0 0 0 0 0 0 0 0 0 0 0 0 0 0 0 0 0 0 0 
0 0 0 0 0 0 0 0 0 0 0 0 0 0 0 0 0 0 0 0 0 0 0 0 0 0 0 0 0 0 0 0 0 0 0 0 0 0 0 0 0 0 0 0 0 0 0 0 0 0 0 0 0 0 0 0 0 0 0 0 0 0 0 0 0 0 0 0 0 0 0 0 0 0 0 0 0 0 0 0 0 0 0 0 0 0 0 0 0 0 0 0 0 0 0 0 0 0 0 0 0 0 0 0 0 0 0 0 0 1 0 0 0 0 0 0 0 0 0 0 0 0 0 0 2 0 0 0 0 0 0 0 0 0 0 0 0 0 0 0 0 0 0 0 0 0 0 0 0 0 0 0 0 0 0 0 0 0 0 0 0 0 0 0 0 0 0 0 0 0 0 0 0 0 0 0 0 0 0 0 0 0 0 0 0 0 0 0 0 0 0 0 0 0 0 0 0 0 0 0 0 0 0 0 0 0 0 0 0 
0 0 0 0 0 0 0 0 0 0 0 0 0 0 0 0 0 0 0 0 0 0 0 0 0 0 0 0 0 0 0 0 0 0 0 0 0 0 0 0 0 0 0 0 0 0 0 0 0 0 0 0 0 0 0 0 0 0 0 0 0 0 0 0 0 0 0 0 0 0 0 0 0 0 0 0 0 0 0 0 0 0 0 0 0 0 0 0 0 0 0 0 0 0 0 0 0 0 0 0 0 0 0 0 0 0 0 0 0 1 0 0 0 0 0 0 0 0 0 0 0 0 0 0 0 2 0 0 0 0 0 0 0 0 0 0 0 0 0 0 0 0 0 0 0 0 0 0 0 0 0 0 0 0 0 0 0 0 0 0 0 0 0 0 0 0 0 0 0 0 0 0 0 0 0 0 0 0 0 0 0 0 0 0 0 0 0 0 0 0 0 0 0 0 0 0 0 0 0 0 0 0 0 0 0 0 0 0 0 
0 0 0 0 0 0 0 0 0 0 0 0 0 0 0 0 0 0 0 0 0 0 0 0 0 0 0 0 0 0 0 0 0 0 0 0 0 0 0 0 0 0 0 0 0 0 0 0 0 0 0 0 0 0 0 0 0 0 0 0 0 0 0 0 0 0 0 0 0 0 0 0 0 0 0 0 0 0 0 0 0 0 0 0 0 0 0 0 0 0 0 0 0 0 0 0 0 0 0 0 0 0 0 0 0 0 0 0 0 0 2 0 0 0 0 0 0 0 0 0 0 0 0 0 1 0 0 0 0 0 0 0 0 0 0 0 0 0 0 0 0 0 0 0 0 0 0 0 0 0 0 0 0 0 0 0 0 0 0 0 0 0 0 0 0 0 0 0 0 0 0 0 0 0 0 0 0 0 0 0 0 0 0 0 0 0 0 0 0 0 0 0 0 0 0 0 0 0 0 0 0 0 0 0 0 0 0 0 0 
0 0 0 0 0 0 0 0 0 0 0 0 0 0 0 0 0 0 0 0 0 0 0 0 0 0 0 0 0 0 0 0 0 0 0 0 0 0 0 0 0 0 0 0 0 0 0 0 0 0 0 0 0 0 0 0 0 0 0 0 0 0 0 0 0 0 0 0 0 0 0 0 0 0 0 0 0 0 0 0 0 0 0 0 0 0 0 0 0 0 0 0 0 0 0 0 0 0 0 0 0 0 0 0 0 0 0 0 0 0 0 2 0 0 0 0 0 0 0 0 0 0 0 1 0 0 0 0 0 0 0 0 0 0 0 0 0 0 0 0 0 0 0 0 0 0 0 0 0 0 0 0 0 0 0 0 0 0 0 0 0 0 0 0 0 0 0 0 0 0 0 0 0 0 0 0 0 0 0 0 0 0 0 0 0 0 0 0 0 0 0 0 0 0 0 0 0 0 0 0 0 0 0 0 0 0 0 0 0 
0 0 0 0 0 0 0 0 0 0 0 0 0 0 0 0 0 0 0 0 0 0 0 0 0 0 0 0 0 0 0 0 0 0 0 0 0 0 0 0 0 0 0 0 0 0 0 0 0 0 0 0 0 0 0 0 0 0 0 0 0 0 0 0 0 0 0 0 0 0 0 0 0 0 0 0 0 0 0 0 0 0 0 0 0 0 0 0 0 0 0 0 0 0 0 0 0 0 0 0 0 0 0 0 0 0 0 0 0 0 0 0 2 0 0 0 0 0 0 0 0 0 1 0 0 0 0 0 0 0 0 0 0 0 0 0 0 0 0 0 0 0 0 0 0 0 0 0 0 0 0 0 0 0 0 0 0 0 0 0 0 0 0 0 0 0 0 0 0 0 0 0 0 0 0 0 0 0 0 0 0 0 0 0 0 0 0 0 0 0 0 0 0 0 0 0 0 0 0 0 0 0 0 0 0 0 0 0 0 
0 0 0 0 0 0 0 0 0 0 0 0 0 0 0 0 0 0 0 0 0 0 0 0 0 0 0 0 0 0 0 0 0 0 0 0 0 0 0 0 0 0 0 0 0 0 0 0 0 0 0 0 0 0 0 0 0 0 0 0 0 0 0 0 0 0 0 0 0 0 0 0 0 0 0 0 0 0 0 0 0 0 0 0 0 0 0 0 0 0 0 0 0 0 0 0 0 0 0 0 0 0 0 0 0 0 0 0 0 0 0 0 0 0 0 0 0 0 0 0 0 1 0 0 0 0 2 0 0 0 0 0 0 0 0 0 0 0 0 0 0 0 0 0 0 0 0 0 0 0 0 0 0 0 0 0 0 0 0 0 0 0 0 0 0 0 0 0 0 0 0 0 0 0 0 0 0 0 0 0 0 0 0 0 0 0 0 0 0 0 0 0 0 0 0 0 0 0 0 0 0 0 0 0 0 0 0 0 0 
0 0 0 0 0 0 0 0 0 0 0 0 0 0 0 0 0 0 0 0 0 0 0 0 0 0 0 0 0 0 0 0 0 0 0 0 0 0 0 0 0 0 0 0 0 0 0 0 0 0 0 0 0 0 0 0 0 0 0 0 0 0 0 0 0 0 0 0 0 0 0 0 0 0 0 0 0 0 0 0 0 0 0 0 0 0 0 0 0 0 0 0 0 0 0 0 0 0 0 0 0 0 0 0 0 0 0 0 0 0 0 0 0 0 0 0 0 0 0 0 1 0 0 0 0 0 0 0 0 0 0 0 0 0 0 0 0 0 2 0 0 0 0 0 0 0 0 0 0 0 0 0 0 0 0 0 0 0 0 0 0 0 0 0 0 0 0 0 0 0 0 0 0 0 0 0 0 0 0 0 0 0 0 0 0 0 0 0 0 0 0 0 0 0 0 0 0 0 0 0 0 0 0 0 0 0 0 0 0 
0 0 0 0 0 0 0 0 0 0 0 0 0 0 0 0 0 0 0 0 0 0 0 0 0 0 0 0 0 0 0 0 0 0 0 0 0 0 0 0 0 0 0 0 0 0 0 0 0 0 0 0 0 0 0 0 0 0 0 0 0 0 0 0 0 0 0 0 0 0 0 0 0 0 0 0 0 0 0 0 0 0 0 0 0 0 0 0 0 0 0 0 0 0 0 0 0 0 0 0 0 0 0 0 0 0 0 0 0 0 0 0 0 0 0 0 0 0 0 0 0 0 0 0 0 0 0 0 0 0 0 0 0 1 0 0 0 0 0 0 0 0 0 0 0 0 0 0 0 0 0 2 0 0 0 0 0 0 0 0 0 0 0 0 0 0 0 0 0 0 0 0 0 0 0 0 0 0 0 0 0 0 0 0 0 0 0 0 0 0 0 0 0 0 0 0 0 0 0 0 0 0 0 0 0 0 0 0 0 
0 0 0 0 0 0 0 0 0 0 0 0 0 0 0 0 0 0 0 0 0 0 0 0 0 0 0 0 0 0 0 0 0 0 0 0 0 0 0 0 0 0 0 0 0 0 0 0 0 0 0 0 0 0 0 0 0 0 0 0 0 0 0 0 0 0 0 0 0 0 0 0 0 0 0 0 0 0 0 0 0 0 0 0 0 0 0 0 0 0 0 0 0 0 0 0 0 0 0 0 0 0 0 0 0 0 0 0 0 0 0 0 0 0 0 0 0 0 0 0 0 0 0 0 0 0 0 0 0 0 0 0 0 0 0 0 0 0 0 0 0 0 0 0 0 0 1 0 0 0 0 0 0 0 0 0 0 0 0 0 0 0 0 0 0 2 0 0 0 0 0 0 0 0 0 0 0 0 0 0 0 0 0 0 0 0 0 0 0 0 0 0 0 0 0 0 0 0 0 0 0 0 0 0 0 0 0 0 0 
0 0 0 0 0 0 0 0 0 0 0 0 0 0 0 0 0 0 0 0 0 0 0 0 0 0 0 0 0 0 0 0 0 0 0 0 0 0 0 0 0 0 0 0 0 0 0 0 0 0 0 0 0 0 0 0 0 0 0 0 0 0 0 0 0 0 0 0 0 0 0 0 0 0 0 0 0 0 0 0 0 0 0 0 0 0 0 0 0 0 0 0 0 0 0 0 0 0 0 0 0 0 0 0 0 0 0 0 0 0 0 0 0 0 0 0 0 0 0 0 0 0 0 0 0 0 0 0 0 0 0 0 0 0 0 0 0 0 0 0 0 0 0 0 0 0 1 0 0 0 0 0 0 0 0 0 0 0 0 0 0 0 0 0 0 0 2 0 0 0 0 0 0 0 0 0 0 0 0 0 0 0 0 0 0 0 0 0 0 0 0 0 0 0 0 0 0 0 0 0 0 0 0 0 0 0 0 0 0 
0 0 0 0 0 0 0 0 0 0 0 0 0 0 0 0 0 0 0 0 0 0 0 0 0 0 0 0 0 0 0 0 0 0 0 0 0 0 0 0 0 0 0 0 0 0 0 0 0 0 0 0 0 0 0 0 0 0 0 0 0 0 0 0 0 0 0 0 0 0 0 0 0 0 0 0 0 0 0 0 0 0 0 0 0 0 0 0 0 0 0 0 0 0 0 0 0 0 0 0 0 0 0 0 0 0 0 0 0 0 0 0 0 0 0 0 0 0 0 0 0 0 0 0 0 0 0 0 0 0 0 0 0 0 0 0 0 0 0 0 0 0 0 0 0 0 1 0 0 0 0 0 0 0 0 0 0 0 0 0 0 0 0 0 0 0 0 2 0 0 0 0 0 0 0 0 0 0 0 0 0 0 0 0 0 0 0 0 0 0 0 0 0 0 0 0 0 0 0 0 0 0 0 0 0 0 0 0 0 
0 0 0 0 0 0 0 0 0 0 0 0 0 0 0 0 0 0 0 0 0 0 0 0 0 0 0 0 0 0 0 0 0 0 0 0 0 0 0 0 0 0 0 0 0 0 0 0 0 0 0 0 0 0 0 0 0 0 0 0 0 0 0 0 0 0 0 0 0 0 0 0 0 0 0 0 0 0 0 0 0 0 0 0 0 0 0 0 0 0 0 0 0 0 0 0 0 0 0 0 0 0 0 0 0 0 0 0 0 0 0 0 0 0 0 0 0 0 0 0 0 0 0 0 0 0 0 0 0 0 0 0 0 0 0 0 0 0 0 0 0 0 0 0 0 0 1 0 0 0 0 0 2 0 0 0 0 0 0 0 0 0 0 0 0 0 0 0 0 0 0 0 0 0 0 0 0 0 0 0 0 0 0 0 0 0 0 0 0 0 0 0 0 0 0 0 0 0 0 0 0 0 0 0 0 0 0 0 0 
0 0 0 0 0 0 0 0 0 0 0 0 0 0 0 0 0 0 0 0 0 0 0 0 0 0 0 0 0 0 0 0 0 0 0 0 0 0 0 0 0 0 0 0 0 0 0 0 0 0 0 0 0 0 0 0 0 0 0 0 0 0 0 0 0 0 0 0 0 0 0 0 0 0 0 0 0 0 0 0 0 0 0 0 0 0 0 0 0 0 0 0 0 0 0 0 0 0 0 0 0 0 0 0 0 0 0 0 0 0 0 0 0 0 0 0 0 0 0 0 0 0 0 0 0 0 0 0 0 0 0 0 0 0 0 0 0 0 0 0 0 0 0 0 0 0 1 0 0 0 0 0 0 2 0 0 0 0 0 0 0 0 0 0 0 0 0 0 0 0 0 0 0 0 0 0 0 0 0 0 0 0 0 0 0 0 0 0 0 0 0 0 0 0 0 0 0 0 0 0 0 0 0 0 0 0 0 0 0 
0 0 0 0 0 0 0 0 0 0 0 0 0 0 0 0 0 0 0 0 0 0 0 0 0 0 0 0 0 0 0 0 0 0 0 0 0 0 0 0 0 0 0 0 0 0 0 0 0 0 0 0 0 0 0 0 0 0 0 0 0 0 0 0 0 0 0 0 0 0 0 0 0 0 0 0 0 0 0 0 0 0 0 0 0 0 0 0 0 0 0 0 0 0 0 0 0 0 0 0 0 0 0 0 0 0 0 0 0 0 0 0 0 0 0 0 0 0 0 0 0 0 0 0 0 0 0 0 0 0 0 0 0 0 0 0 0 0 0 0 0 0 0 0 0 0 1 0 0 0 0 0 0 0 2 0 0 0 0 0 0 0 0 0 0 0 0 0 0 0 0 0 0 0 0 0 0 0 0 0 0 0 0 0 0 0 0 0 0 0 0 0 0 0 0 0 0 0 0 0 0 0 0 0 0 0 0 0 0 
0 0 0 0 0 0 0 0 0 0 0 0 0 0 0 0 0 0 0 0 0 0 0 0 0 0 0 0 0 0 0 0 0 0 0 0 0 0 0 0 0 0 0 0 0 0 0 0 0 0 0 0 0 0 0 0 0 0 0 0 0 0 0 0 0 0 0 0 0 0 0 0 0 0 0 0 0 0 0 0 0 0 0 0 0 0 0 0 0 0 0 0 0 0 0 0 0 0 0 0 0 0 0 0 0 0 0 0 0 0 0 0 0 0 0 0 0 0 0 0 0 0 0 0 0 0 0 0 0 0 0 0 0 0 0 0 0 0 0 0 0 0 0 0 0 0 1 0 0 0 0 0 0 0 0 2 0 0 0 0 0 0 0 0 0 0 0 0 0 0 0 0 0 0 0 0 0 0 0 0 0 0 0 0 0 0 0 0 0 0 0 0 0 0 0 0 0 0 0 0 0 0 0 0 0 0 0 0 0 

Groups 0 and 1 collide.
Solution of group 0
Mulirobot solution: (|moves| = 28, paralellism = 1.556) [
    Step 0: 1#112->111 2#120->121 
    Step 1: 1#111->110 2#121->122 
    Step 2: 1#110->109 2#122->123 
    Step 3: 2#123->124 
    Step 4: 2#124->125 
    Step 5: 1#109->124 2#125->110 
    Step 6: 1#124->123 2#110->111 
    Step 7: 1#123->122 2#111->112 
    Step 8: 1#122->121 2#112->126 
    Step 9: 1#121->120 2#126->138 
    Step 10: 1#120->133 2#138->151 
    Step 11: 1#133->146 2#151->165 
    Step 12: 2#165->166 
    Step 13: 2#166->167 
    Step 14: 2#167->152 
    Step 15: 2#152->153 
    Step 16: 2#153->154 
    Step 17: 2#154->155 
]
Solution of group 1
Mulirobot solution: (|moves| = 18, paralellism = 1.000) [
    Step 0: 1#200->201 
    Step 1: 1#201->188 
    Step 2: 1#188->189 
    Step 3: 1#189->176 
    Step 4: 1#176->162 
    Step 5: 1#162->163 
    Step 6: 1#163->164 
    Step 7: 1#164->165 
    Step 8: 1#165->151 
    Step 9: 1#151->138 
    Step 10: 1#138->126 
    Step 11: 1#126->112 
    Step 12: 1#112->98 
    Step 13: 1#98->99 
    Step 14: 1#99->100 
    Step 15: 1#100->101 
    Step 16: 1#101->85 
    Step 17: 1#85->86 
]
Occupation table complementary for group 0
1 1 0 0 0 1 1 1 1 0 1 1 1 1 0 1 1 1 1 1 1 0 1 1 1 0 1 0 0 1 1 1 0 1 1 1 1 1 0 1 1 1 0 0 0 1 1 0 1 1 0 0 0 0 1 1 0 1 1 0 1 1 1 0 0 0 0 0 1 1 1 1 0 1 1 1 0 1 1 1 0 1 0 1 0 0 0 0 1 0 0 1 1 1 1 0 1 1 0 1 1 1 1 0 1 1 1 1 0 1 1 1 0 1 1 1 1 0 1 1 0 1 1 1 1 1 1 1 1 1 1 1 0 1 1 1 1 1 1 1 1 1 1 1 0 0 1 1 0 1 1 0 1 1 0 1 1 1 1 1 1 1 1 1 1 1 1 1 1 1 1 1 1 0 1 1 1 1 1 1 0 0 0 1 1 1 1 1 1 0 0 1 1 1 1 1 1 0 0 1 1 1 1 1 1 1 1 1 0 
0 0 0 0 1 1 0 1 0 1 1 0 0 1 1 1 0 1 0 1 1 1 1 1 0 1 1 0 0 0 1 1 0 1 1 0 1 0 0 0 1 0 1 0 0 1 1 0 1 0 1 1 1 0 1 0 1 1 0 0 1 0 0 0 0 1 1 0 1 1 1 0 1 1 0 0 1 0 1 1 1 0 1 0 1 0 0 0 0 1 1 1 1 0 1 1 1 0 1 1 1 1 0 0 1 1 0 0 0 1 1 0 1 1 0 0 0 1 0 0 1 1 1 1 1 0 0 1 0 1 1 1 0 1 0 1 0 0 1 0 0 1 0 1 1 1 1 1 1 0 0 1 1 1 1 0 1 1 0 0 1 1 1 1 1 1 1 1 1 1 0 1 1 0 1 0 0 0 1 1 1 0 1 0 0 0 0 1 1 1 1 1 1 1 1 1 0 0 1 0 0 1 0 0 0 1 0 0 0 
0 0 0 1 0 1 0 0 1 1 0 0 0 1 1 0 0 0 0 0 1 1 1 0 0 0 1 1 1 0 1 0 0 1 1 0 1 0 1 0 0 0 1 1 1 1 0 0 1 0 0 1 0 1 0 0 0 1 1 0 1 0 0 0 0 1 1 1 1 1 1 1 1 1 0 0 1 1 0 1 1 1 1 1 0 0 0 0 0 1 1 0 1 0 1 1 1 1 1 1 1 0 0 1 0 1 1 1 0 1 0 0 1 1 0 0 0 1 0 0 1 0 0 1 1 0 1 0 0 1 0 1 1 1 1 0 0 0 0 0 1 1 0 1 1 1 0 1 1 1 0 1 1 1 1 0 1 1 0 0 1 0 0 1 1 1 1 1 1 1 0 0 0 0 1 0 1 0 1 1 1 0 1 0 0 1 0 0 1 1 1 0 1 1 1 0 0 0 0 0 0 0 0 0 1 0 0 0 0 
1 0 0 0 0 1 0 1 1 0 0 0 1 0 0 0 0 1 0 1 1 1 0 1 0 1 0 1 1 1 0 0 0 0 0 0 0 0 0 0 0 1 1 0 1 1 1 0 0 0 0 1 0 1 1 1 0 0 1 0 1 0 0 0 1 1 1 1 0 1 1 1 1 1 0 0 0 1 1 1 0 1 1 1 1 0 0 0 1 0 1 1 1 1 0 1 1 1 1 1 0 0 0 1 0 0 1 0 0 1 1 0 1 0 0 0 0 1 0 1 1 1 0 0 1 0 1 0 0 1 0 1 1 0 1 1 0 0 1 0 1 1 0 1 1 1 0 1 0 1 0 1 1 1 0 0 0 0 0 0 1 0 1 0 1 1 1 1 1 1 0 0 1 0 0 0 1 0 0 1 1 0 0 0 0 0 0 0 0 1 1 0 0 1 0 0 0 0 0 0 0 0 0 0 1 0 0 0 0 
0 1 0 0 0 1 0 1 0 0 0 0 1 0 0 0 0 0 0 1 1 0 1 0 0 1 0 0 1 1 1 0 0 1 0 0 0 0 0 0 1 0 0 0 1 0 1 0 0 0 0 1 0 1 1 1 1 1 1 0 0 0 0 1 0 0 1 1 0 1 1 1 1 1 0 1 1 0 1 1 0 0 0 1 1 0 0 0 1 0 0 1 1 0 1 1 1 1 1 0 0 0 0 1 0 1 1 0 0 1 1 1 1 0 0 0 0 1 0 1 0 0 1 1 0 0 1 0 0 1 0 1 1 0 1 1 0 0 1 0 1 0 0 0 0 1 0 1 1 1 0 1 1 1 0 0 0 1 0 0 0 0 1 1 1 1 1 1 1 0 0 0 0 0 0 0 1 0 0 1 1 0 1 0 0 0 0 0 1 0 1 0 0 0 1 0 0 0 0 0 0 0 0 0 1 0 0 0 0 
0 0 1 0 0 1 0 0 0 0 0 0 1 0 0 0 0 0 0 1 1 0 1 0 0 1 0 0 0 1 0 0 0 1 0 0 0 0 1 0 1 0 1 0 0 1 0 0 0 0 0 1 1 1 1 1 1 0 1 0 0 0 1 0 0 1 1 1 1 1 1 1 1 0 0 0 1 1 1 1 0 1 0 0 0 0 0 0 1 1 0 1 1 1 0 1 1 1 1 1 0 0 0 1 0 1 1 0 0 1 1 1 1 0 0 0 0 1 0 1 0 0 1 1 1 0 1 0 0 1 0 0 1 1 1 0 0 0 1 0 1 0 0 0 1 0 0 1 0 1 0 1 1 1 0 0 0 0 0 0 0 0 1 1 1 1 1 1 1 0 0 0 0 0 0 0 0 0 0 1 0 0 1 0 0 0 0 0 1 0 1 0 0 0 0 0 0 0 0 0 0 0 0 0 1 1 0 0 0 
0 0 1 0 0 1 0 0 0 0 0 0 1 0 0 0 0 0 0 1 1 0 1 0 0 1 0 0 1 0 0 0 0 1 0 0 0 0 0 0 1 1 0 1 1 1 0 0 0 0 1 1 1 1 1 1 0 1 0 0 0 0 0 0 1 1 1 1 1 1 1 1 1 0 0 0 1 1 1 1 1 1 0 0 1 0 0 0 1 1 1 0 0 1 1 1 1 0 1 0 0 0 0 1 0 0 1 0 0 1 0 1 1 1 0 0 0 0 0 1 1 1 0 0 1 0 1 0 0 1 0 0 0 1 1 1 0 0 1 0 1 0 0 1 0 0 0 1 0 1 0 1 0 0 0 0 0 0 0 0 0 0 1 1 1 1 1 1 1 0 0 0 0 0 0 0 0 0 0 1 0 1 1 0 0 0 0 0 1 0 1 0 0 0 0 0 0 0 0 0 0 0 0 0 1 0 1 0 0 
0 0 1 0 0 1 0 1 0 0 0 0 1 0 0 1 0 0 0 1 1 0 1 0 0 1 0 1 0 0 0 0 0 1 0 0 0 0 1 0 1 0 1 1 1 1 0 0 0 0 0 1 1 1 1 0 1 0 0 0 0 0 1 1 0 1 1 1 1 1 1 1 1 0 0 0 1 1 1 1 1 1 1 1 0 0 0 0 1 1 1 1 0 1 1 1 1 1 1 1 0 0 0 0 0 0 1 1 0 1 1 0 1 1 0 0 0 0 0 0 1 1 0 1 1 0 1 1 0 1 0 1 0 1 1 1 0 1 1 0 1 1 0 0 0 0 0 1 0 1 0 1 0 0 0 0 0 0 0 0 0 0 1 1 1 1 1 1 1 0 0 0 0 0 0 0 1 0 0 1 0 1 1 0 0 0 0 0 1 0 1 0 0 0 0 0 0 0 0 0 0 0 0 0 1 0 0 1 0 
0 0 1 0 0 1 0 1 0 0 0 0 1 0 1 0 0 0 0 0 1 0 1 0 0 1 1 0 0 0 0 0 0 0 0 0 0 0 0 0 1 1 1 0 1 1 0 0 0 0 0 1 1 1 1 1 1 1 0 0 0 0 1 0 1 1 1 1 1 1 1 1 1 0 0 1 1 0 1 1 0 1 0 1 0 0 0 0 0 1 1 1 1 1 1 1 1 0 1 1 0 0 0 0 0 0 1 0 0 1 1 1 1 1 0 0 0 1 0 0 0 1 1 1 0 0 1 1 0 1 0 0 0 1 1 1 0 1 1 0 1 0 1 0 0 0 0 1 0 1 0 1 0 0 0 0 0 0 0 0 0 0 1 1 0 1 1 1 1 0 0 0 0 0 0 0 0 0 0 1 1 0 1 1 0 0 0 0 1 1 1 0 0 0 0 0 0 0 0 0 0 0 0 0 1 0 0 0 1 
0 0 1 0 0 1 0 1 0 0 0 0 1 0 1 0 0 0 0 0 1 1 1 0 0 1 1 0 0 0 0 0 0 0 0 0 0 0 0 0 1 1 0 0 1 1 0 0 0 0 1 1 1 1 1 1 1 1 0 0 0 0 0 1 1 1 1 1 1 1 0 1 1 0 0 1 1 1 0 1 1 1 0 1 0 0 0 0 1 0 1 1 1 1 0 1 1 0 0 1 1 0 0 0 0 0 1 0 0 1 1 1 1 1 0 0 0 0 1 0 0 0 1 1 0 0 1 1 0 1 1 0 0 1 1 1 0 1 1 0 1 0 1 0 0 0 0 1 0 1 0 1 0 0 0 0 0 0 0 0 1 0 1 0 0 1 0 1 1 0 0 0 0 0 0 0 1 0 0 1 0 0 1 1 0 0 0 0 1 0 1 0 0 1 0 1 0 0 0 0 0 0 0 0 1 0 0 0 1 
0 0 1 0 0 1 0 1 0 0 0 0 1 1 1 0 0 0 0 0 1 1 1 0 0 1 1 0 0 1 0 0 0 1 0 0 0 0 1 0 1 0 1 1 1 1 0 0 0 0 0 1 1 1 1 1 1 1 0 0 0 0 0 1 1 1 1 1 1 1 0 1 1 0 0 1 1 0 1 1 1 1 0 1 0 0 0 0 0 0 1 1 1 1 1 1 1 1 1 0 1 0 0 1 0 0 1 0 0 1 1 1 1 1 0 0 0 0 1 0 0 0 1 1 1 0 1 1 1 1 1 0 0 1 1 1 0 1 1 0 1 0 1 0 0 0 0 1 1 1 0 1 1 0 0 0 0 0 0 0 0 0 1 0 0 1 0 1 1 0 0 0 0 0 1 0 1 0 0 1 0 0 1 1 0 0 0 0 1 1 1 0 1 1 0 0 1 0 0 0 0 1 0 0 1 0 0 0 1 
0 0 1 0 0 1 0 1 0 0 0 0 1 0 1 0 0 0 0 1 1 1 1 0 0 1 1 0 1 1 1 0 0 0 0 0 0 0 0 1 1 1 1 0 1 1 0 0 0 0 0 1 1 1 1 1 1 1 0 0 0 0 0 1 1 1 1 1 1 0 1 1 1 0 0 1 1 0 1 1 1 1 0 0 0 1 0 0 0 1 1 0 1 1 1 1 1 1 1 0 1 1 0 0 0 1 1 0 0 1 1 1 1 1 0 0 0 1 1 0 0 0 1 0 1 0 1 1 1 1 1 0 0 1 1 1 0 1 1 0 1 0 1 0 0 0 0 1 0 1 0 1 0 1 0 0 0 0 0 0 0 1 1 0 1 1 0 1 1 0 0 0 0 0 0 0 0 0 0 1 0 0 1 1 0 0 0 1 1 1 1 0 1 1 0 0 1 0 0 0 1 0 0 0 1 0 0 0 1 
1 0 1 0 0 1 0 1 0 0 0 0 1 0 1 1 0 0 0 0 1 1 1 0 0 1 1 0 0 1 0 1 0 1 0 0 0 0 0 1 1 0 1 1 1 1 0 0 0 0 0 1 1 1 1 0 1 1 0 0 0 0 0 1 1 0 1 1 1 1 0 1 1 0 0 1 1 1 1 1 1 1 0 1 0 1 1 0 1 0 0 0 0 1 1 1 1 1 0 0 1 1 1 0 0 1 1 0 0 1 1 1 1 1 0 0 0 0 1 1 1 0 1 1 1 0 1 1 1 1 1 1 0 1 1 1 0 1 1 0 1 0 1 0 0 0 0 1 0 1 0 1 0 0 1 0 0 0 0 0 0 1 1 0 0 1 1 1 1 0 0 0 0 0 0 0 0 0 1 1 0 0 1 1 0 0 0 1 1 1 1 0 1 1 1 0 1 0 0 0 1 0 0 0 1 0 0 0 1 
1 0 1 0 0 1 0 1 0 0 0 0 1 0 1 1 0 0 0 1 1 1 1 0 0 1 1 0 0 1 1 1 0 0 1 0 0 0 0 1 1 0 1 1 1 1 0 0 0 0 0 1 1 1 1 1 0 1 1 0 0 0 0 1 1 1 1 1 1 1 1 1 1 0 0 1 1 0 1 1 1 1 1 1 1 1 0 1 0 0 1 0 0 1 1 1 1 0 1 0 1 1 1 1 0 1 1 0 0 1 1 1 0 1 0 0 0 0 1 0 1 0 1 1 1 0 1 1 1 1 1 0 1 1 1 1 0 1 1 0 1 0 1 1 0 0 0 1 0 1 0 1 0 0 1 0 0 0 0 0 0 1 1 0 0 1 0 1 1 0 0 0 0 0 0 0 0 0 0 1 0 0 1 1 0 0 0 1 1 1 1 1 0 1 1 0 1 0 0 0 1 1 0 0 1 1 0 0 1 
1 0 1 0 0 1 0 1 1 0 0 0 1 1 1 1 0 0 1 1 1 1 1 0 0 1 1 0 0 1 1 1 0 0 0 1 0 0 0 1 1 0 1 0 1 1 0 0 0 0 0 1 1 1 1 1 0 1 0 1 0 0 0 1 1 1 1 1 1 1 0 1 1 1 0 1 1 1 1 1 1 1 1 1 1 1 0 1 0 0 0 0 1 1 1 1 1 0 0 1 1 1 1 1 0 1 1 0 0 1 1 1 1 1 0 0 0 0 1 0 1 1 1 1 0 0 1 1 1 1 1 0 0 1 1 1 0 1 1 0 1 0 1 0 0 1 0 1 0 1 0 1 0 0 1 0 1 0 0 0 0 1 1 0 0 1 1 1 1 0 0 0 0 0 0 0 0 0 0 1 0 0 1 1 0 0 0 1 1 1 1 0 0 1 1 0 1 0 0 0 1 1 0 1 1 1 1 0 1 
1 0 1 0 1 1 0 1 0 1 0 0 1 1 1 1 0 0 1 1 1 1 1 0 0 1 1 0 0 1 1 1 0 0 0 1 0 0 0 1 1 0 1 1 1 1 0 0 0 0 0 1 1 1 0 1 1 1 0 1 1 0 0 1 1 0 1 1 1 0 1 1 1 0 0 1 1 0 1 1 1 1 1 1 1 1 0 1 0 0 0 1 1 1 1 1 1 0 0 0 1 1 1 1 0 1 1 0 0 0 1 1 1 1 0 0 0 0 1 1 1 0 1 0 1 0 1 1 1 1 1 0 0 1 1 1 0 1 1 0 1 0 1 0 0 0 0 1 0 1 0 1 0 0 1 0 0 0 1 0 0 1 1 0 1 1 1 1 1 0 0 1 0 0 0 0 0 0 0 1 0 1 1 1 0 0 0 1 1 1 1 0 1 1 0 0 1 0 0 0 1 1 0 1 1 1 1 0 1 
1 0 1 0 0 1 0 1 0 0 1 0 1 1 1 1 0 0 1 1 1 1 1 0 0 1 1 0 0 1 1 1 0 0 0 1 0 0 0 1 1 0 1 0 1 1 0 0 1 0 0 1 1 1 0 1 0 1 0 1 0 0 0 1 1 1 1 1 1 1 0 1 1 1 0 1 1 1 1 1 1 1 1 1 1 1 0 1 0 0 1 1 1 1 0 1 1 1 0 0 1 1 1 1 0 1 1 0 0 0 1 1 1 1 0 0 0 0 1 1 1 1 1 1 1 0 1 1 1 1 1 0 1 1 1 1 0 1 1 0 1 0 1 0 0 0 0 1 1 1 0 1 1 0 1 0 0 0 1 0 0 1 1 0 1 1 1 1 1 0 0 1 0 0 0 0 0 0 0 1 0 0 1 1 0 0 0 1 1 1 1 0 1 1 0 0 1 0 0 0 1 1 0 1 1 1 1 0 1 
1 0 1 0 0 1 1 1 0 0 1 0 1 1 1 1 0 0 1 1 1 1 1 0 0 1 1 0 0 1 1 1 0 0 0 1 0 0 0 1 1 1 1 0 1 1 0 0 1 0 0 1 1 1 1 1 0 1 0 1 1 0 0 1 1 0 1 1 1 1 1 1 1 0 0 1 1 1 1 1 1 1 1 1 1 1 0 1 1 1 1 0 1 1 0 1 1 0 1 0 1 1 1 1 0 1 1 0 0 0 1 1 1 1 0 0 0 0 1 0 1 0 1 0 1 0 1 1 1 1 1 0 1 1 1 1 0 1 1 0 1 0 1 0 0 1 0 1 1 1 0 1 1 0 1 0 0 0 1 0 1 1 1 1 1 1 1 1 1 0 0 1 0 0 0 0 0 0 0 1 0 0 1 1 0 0 0 1 1 1 1 0 1 1 0 1 1 0 0 0 1 1 0 1 1 1 1 1 1 
1 0 1 0 0 1 1 1 0 0 1 0 1 1 1 1 0 0 1 1 1 1 1 0 0 1 1 0 0 1 1 1 0 0 0 1 0 0 0 1 1 0 1 1 1 1 1 0 1 0 0 1 1 1 1 1 0 1 0 1 1 0 0 1 1 0 1 1 1 1 0 1 1 1 0 1 1 1 1 1 1 1 1 1 1 1 1 1 1 0 0 1 1 1 0 1 1 0 0 1 1 1 1 1 0 1 1 1 0 0 1 1 1 1 0 0 0 0 1 1 1 1 1 0 1 0 1 1 1 1 1 0 0 1 1 1 0 1 1 0 1 0 1 0 1 1 0 1 1 1 0 1 1 0 1 0 0 0 1 0 1 1 1 0 1 1 1 1 1 1 0 1 0 0 0 1 0 0 1 1 0 0 1 1 0 0 0 1 1 1 1 0 1 1 0 1 1 0 0 0 1 1 0 1 1 1 1 1 1 
1 0 1 0 0 1 1 1 0 0 1 0 1 1 1 1 0 0 1 1 1 1 1 0 0 1 1 0 0 1 1 1 0 0 0 1 0 0 0 1 1 0 1 0 1 1 0 1 1 0 0 1 1 1 1 1 0 1 0 1 1 0 0 1 1 0 1 1 1 1 1 1 1 0 1 1 1 1 1 1 1 1 1 1 1 1 1 1 0 0 1 0 1 1 0 1 1 0 0 1 1 1 1 1 0 1 1 1 0 0 1 1 1 1 0 0 0 1 1 1 1 0 1 0 1 0 1 1 1 1 1 0 0 1 1 1 0 1 1 0 1 0 1 0 0 0 0 1 1 1 0 1 1 0 1 0 0 1 1 0 1 1 1 0 1 1 1 1 1 1 0 1 0 0 0 1 1 0 0 1 0 0 1 1 0 0 0 1 1 1 1 1 1 1 0 1 1 0 0 0 1 1 0 1 1 1 1 1 1 
1 0 1 0 0 1 1 1 0 0 1 0 1 1 1 1 0 0 1 1 1 1 1 0 0 1 1 0 1 1 1 1 0 0 0 1 0 0 0 1 1 0 1 0 1 1 0 1 1 0 0 1 1 1 1 1 0 1 0 1 1 0 0 1 1 0 1 1 1 1 0 1 1 1 1 1 1 1 1 1 1 1 1 1 1 1 1 1 0 1 1 0 1 1 0 1 1 0 0 1 1 1 1 1 0 1 1 1 0 0 1 1 1 1 0 0 0 1 1 1 1 0 1 0 1 0 1 1 1 1 1 1 1 1 1 1 0 1 1 0 1 0 1 0 0 0 0 1 1 1 0 1 1 1 1 0 0 0 1 0 1 1 1 0 1 1 1 1 1 1 0 1 1 1 0 1 0 0 0 1 0 0 1 1 0 0 0 1 1 1 1 1 1 1 0 1 1 0 0 0 1 1 0 1 1 1 1 1 1 
1 0 1 0 1 1 1 1 0 0 1 0 1 1 1 1 0 0 1 1 1 1 1 0 0 1 1 0 0 1 1 1 0 0 0 1 0 0 0 1 1 0 1 0 1 1 0 1 1 0 0 1 1 1 1 1 0 1 0 1 1 0 0 1 1 0 1 1 1 1 0 1 1 0 1 1 1 1 1 1 1 1 1 1 1 1 1 1 0 1 0 0 1 1 0 1 1 0 0 1 1 1 1 1 0 1 1 1 0 0 1 1 1 1 0 0 0 0 1 1 1 0 1 0 1 0 1 1 1 1 1 1 1 1 1 1 0 1 1 0 1 0 1 1 0 1 0 1 1 1 0 1 1 0 1 0 0 0 1 0 1 1 1 0 1 1 1 1 1 1 0 1 0 1 0 1 0 0 0 1 0 0 1 1 0 1 0 1 1 1 1 1 1 1 0 1 1 0 0 0 1 1 1 1 1 1 1 1 1 
1 1 1 1 0 1 1 1 0 0 1 0 1 1 1 1 0 0 1 1 1 1 1 0 0 1 1 0 0 1 1 1 0 0 0 1 0 0 0 1 1 0 1 0 1 1 0 1 1 0 0 1 1 1 1 1 0 1 0 1 1 0 1 1 1 0 1 1 1 1 0 1 1 1 1 1 1 1 1 1 1 1 1 1 1 1 1 1 0 1 0 0 1 1 0 1 1 0 0 1 1 1 1 1 0 1 1 1 0 0 1 1 1 1 0 0 0 0 1 1 1 0 1 0 1 0 1 1 1 1 1 1 1 1 1 1 0 1 1 0 1 1 1 1 1 1 0 1 1 1 0 1 1 0 1 0 1 0 1 0 1 1 1 0 1 1 1 1 1 1 0 1 0 1 1 1 0 0 0 1 0 0 1 1 0 0 0 1 1 1 1 1 1 1 0 1 1 0 1 0 1 1 1 1 1 1 1 1 1 
1 1 1 1 0 1 1 1 0 0 1 0 1 1 1 1 0 0 1 1 1 1 1 0 0 1 1 0 0 1 1 1 0 0 0 1 1 0 0 1 1 0 1 0 1 1 0 1 1 0 1 1 1 1 1 1 0 1 0 1 1 0 0 1 1 0 1 1 1 1 0 1 1 1 1 1 1 1 1 1 1 1 1 1 1 1 1 1 0 1 0 0 1 1 0 1 1 0 0 1 1 1 1 1 0 1 1 1 0 0 1 1 1 1 0 0 0 0 1 1 1 0 1 0 1 0 1 1 1 1 1 1 1 1 1 1 0 1 1 0 1 1 1 0 1 0 0 1 1 1 0 1 1 0 1 0 1 0 1 0 1 1 1 0 1 1 1 1 1 1 0 1 0 1 0 1 0 0 0 1 0 0 1 1 0 0 0 1 1 1 1 1 1 1 0 1 1 0 0 1 1 1 1 1 1 1 1 1 1 
1 1 1 1 0 1 1 1 0 0 1 0 1 1 1 1 0 0 1 1 1 1 1 0 0 1 1 0 0 1 1 1 0 0 0 1 1 0 0 1 1 0 1 0 1 1 0 1 1 0 1 1 1 1 1 1 0 1 0 1 1 0 0 1 1 0 1 1 1 1 0 1 1 1 1 1 1 1 1 1 1 1 1 1 1 1 1 1 0 1 0 0 1 1 0 1 1 0 0 1 1 1 1 1 0 1 1 1 0 0 1 1 1 1 0 0 0 0 1 1 1 0 1 0 1 0 1 1 1 1 1 1 1 1 1 1 0 1 1 0 1 1 1 0 1 1 0 1 1 1 0 1 1 1 1 0 1 1 1 0 1 1 1 0 1 1 1 1 1 1 1 1 0 1 0 1 0 0 0 1 0 0 1 1 0 0 1 1 1 1 1 1 1 1 1 1 1 0 0 1 1 1 1 1 1 1 1 1 1 
1 1 1 1 0 1 1 1 0 0 1 0 1 1 1 1 0 0 1 1 1 1 1 0 0 1 1 0 0 1 1 1 0 0 0 1 1 0 0 1 1 0 1 0 1 1 0 1 1 0 1 1 1 1 1 1 0 1 0 1 1 0 0 1 1 0 1 1 1 1 0 1 1 1 1 1 1 1 1 1 1 1 1 1 1 1 1 1 0 1 0 0 1 1 0 1 1 0 0 1 1 1 1 1 0 1 1 1 0 0 1 1 1 1 0 0 1 0 1 1 1 0 1 0 1 0 1 1 1 1 1 1 1 1 1 1 0 1 1 0 1 1 1 0 1 1 0 1 1 1 0 1 1 1 1 0 1 0 1 0 1 1 1 0 1 1 1 1 1 1 1 1 1 1 0 1 0 0 0 1 0 0 1 1 1 0 1 1 1 1 1 1 1 1 1 1 1 0 0 1 1 1 1 1 1 1 1 1 1 
1 1 1 1 0 1 1 1 0 0 1 0 1 1 1 1 0 0 1 1 1 1 1 0 0 1 1 0 0 1 1 1 0 0 0 1 1 0 0 1 1 0 1 0 1 1 0 1 1 0 1 1 1 1 1 1 0 1 0 1 1 0 0 1 1 0 1 1 1 1 0 1 1 1 1 1 1 1 1 1 1 1 1 1 1 1 1 1 0 1 0 0 1 1 0 1 1 0 0 1 1 1 1 1 0 1 1 1 0 0 1 1 1 1 0 0 1 0 1 1 1 0 1 0 1 0 1 1 1 1 1 1 1 1 1 1 0 1 1 0 1 1 1 0 1 1 0 1 1 1 0 1 1 1 1 0 1 0 1 0 1 1 1 0 1 1 1 1 1 1 1 1 0 1 0 1 0 0 0 1 0 0 1 1 1 1 1 1 1 1 1 1 1 1 1 1 1 0 0 1 1 1 1 1 1 1 1 1 1 

Occupation table complementary for group 1
1 1 0 0 0 1 1 1 1 0 1 1 1 1 0 1 1 1 1 1 1 0 1 1 1 0 1 0 0 1 1 1 0 1 1 1 1 1 0 1 1 1 0 0 0 1 1 0 1 1 0 0 0 0 1 1 0 1 1 0 1 1 1 0 0 0 0 0 1 1 1 1 0 1 1 1 0 1 1 1 0 1 0 1 0 0 0 0 1 0 0 1 1 1 1 0 1 1 0 1 1 1 1 0 1 1 1 1 0 1 1 1 1 1 1 1 1 0 1 1 2 1 1 1 1 1 1 1 1 1 1 1 0 1 1 1 1 1 1 1 1 1 1 1 0 0 1 1 0 1 1 0 1 1 0 1 1 1 1 1 1 1 1 1 1 1 1 1 1 1 1 1 1 0 1 1 1 1 1 1 0 0 0 1 1 1 1 1 1 0 0 1 1 1 1 1 1 0 0 1 0 1 1 1 1 1 1 1 0 
0 0 0 0 1 1 0 1 0 1 1 0 0 1 1 1 0 1 0 1 1 1 1 1 0 1 1 0 0 0 1 1 0 1 1 0 1 0 0 0 1 0 1 0 0 1 1 0 1 0 1 1 1 0 1 0 1 1 0 0 1 0 0 0 0 1 1 0 1 1 1 0 1 1 0 0 1 0 1 1 1 0 1 0 1 0 0 0 0 1 1 1 1 0 1 1 1 0 1 1 1 1 0 0 1 1 0 0 0 1 1 1 1 1 0 0 0 1 0 0 1 1 1 1 1 0 0 1 0 1 1 1 0 1 0 1 0 0 1 0 0 1 0 1 1 1 1 1 1 0 0 1 1 1 1 0 1 1 0 0 1 1 1 1 1 1 1 1 1 1 0 1 1 0 1 0 0 0 1 1 1 0 1 0 0 0 0 1 1 1 1 1 1 1 1 1 0 0 1 0 0 0 0 0 0 1 0 0 0 
0 0 0 1 0 1 0 0 1 1 0 0 0 1 1 0 0 0 0 0 1 1 1 0 0 0 1 1 1 0 1 0 0 1 1 0 1 0 1 0 0 0 1 1 1 1 0 0 1 0 0 1 0 1 0 0 0 1 1 0 1 0 0 0 0 1 1 1 1 1 1 1 1 1 0 0 1 1 0 1 1 1 1 1 0 0 0 0 0 1 1 0 1 0 1 1 1 1 1 1 1 0 0 1 0 1 1 1 0 1 1 0 1 1 0 0 0 1 0 0 1 0 2 1 1 0 1 0 0 1 0 1 1 1 1 0 0 0 0 0 1 1 0 1 1 1 0 1 1 1 0 1 1 1 1 0 1 1 0 0 1 0 0 1 1 1 1 1 1 1 0 0 0 0 1 0 1 0 1 1 1 0 1 0 0 1 0 0 0 1 1 0 1 1 1 0 0 0 0 0 0 0 0 0 1 0 0 0 0 
1 0 0 0 0 1 0 1 1 0 0 0 1 0 0 0 0 1 0 1 1 1 0 1 0 1 0 1 1 1 0 0 0 0 0 0 0 0 0 0 0 1 1 0 1 1 1 0 0 0 0 1 0 1 1 1 0 0 1 0 1 0 0 0 1 1 1 1 0 1 1 1 1 1 0 0 0 1 1 1 0 1 1 1 1 0 0 0 1 0 1 1 1 1 0 1 1 1 1 1 0 0 0 1 0 0 1 0 0 1 1 0 1 0 0 0 0 1 0 1 1 1 0 2 1 0 1 0 0 1 0 1 1 0 1 1 0 0 1 0 1 1 0 1 1 1 0 1 0 1 0 1 1 1 0 0 0 0 0 0 1 0 1 0 1 1 1 1 1 1 0 0 1 0 0 0 1 0 0 1 1 0 0 0 0 0 0 0 0 1 1 0 0 1 0 0 0 0 0 0 0 0 0 0 1 0 0 0 0 
0 1 0 0 0 1 0 1 0 0 0 0 1 0 0 0 0 0 0 1 1 0 1 0 0 1 0 0 1 1 1 0 0 1 0 0 0 0 0 0 1 0 0 0 1 0 1 0 0 0 0 1 0 1 1 1 1 1 1 0 0 0 0 1 0 0 1 1 0 1 1 1 1 1 0 1 1 0 1 1 0 0 0 1 1 0 0 0 1 0 0 1 1 0 1 1 1 1 1 0 0 0 0 1 0 1 1 0 0 1 1 1 1 0 0 0 0 1 0 1 0 0 1 1 2 0 1 0 0 1 0 1 1 0 1 1 0 0 1 0 1 0 0 0 0 1 0 1 1 1 0 1 1 1 0 0 0 1 0 0 0 0 1 1 1 1 1 1 1 0 0 0 0 0 0 0 0 0 0 1 1 0 1 0 0 0 0 0 1 0 1 0 0 0 1 0 0 0 0 0 0 0 0 0 1 0 0 0 0 
0 0 1 0 0 1 0 0 0 0 0 0 1 0 0 0 0 0 0 1 1 0 1 0 0 1 0 0 0 1 0 0 0 1 0 0 0 0 1 0 1 0 1 0 0 1 0 0 0 0 0 1 1 1 1 1 1 0 1 0 0 0 1 0 0 1 1 1 1 1 1 1 1 0 0 0 1 1 1 1 0 1 0 0 0 0 0 0 1 1 0 1 1 1 0 1 1 1 1 1 0 0 0 1 0 1 1 0 0 1 1 1 1 0 0 0 0 1 0 1 0 0 1 1 1 2 1 0 0 1 0 0 1 1 1 0 0 0 1 0 1 0 0 0 1 0 0 1 0 1 0 1 1 1 0 0 0 0 0 0 0 0 0 1 1 1 1 1 1 0 0 0 0 0 0 0 0 0 0 1 0 0 1 0 0 0 0 0 1 0 1 0 0 0 0 0 0 0 0 0 0 0 0 0 1 1 0 0 0 
0 0 1 0 0 1 0 0 0 0 0 0 1 0 0 0 0 0 0 1 1 0 1 0 0 1 0 0 1 0 0 0 0 1 0 0 0 0 0 0 1 1 0 1 1 1 0 0 0 0 1 1 1 1 1 1 0 1 0 0 0 0 0 0 1 1 1 1 1 1 1 1 1 0 0 0 1 1 1 1 1 1 0 0 1 0 0 0 1 1 1 0 0 1 1 1 1 0 1 0 0 0 0 1 0 0 1 0 0 1 2 1 1 1 0 0 0 0 0 1 1 1 0 0 1 0 1 0 0 1 0 0 0 1 1 1 0 0 1 0 1 0 0 1 0 0 0 1 0 1 0 1 0 0 0 0 0 0 0 0 0 0 1 1 1 1 1 1 1 0 0 0 0 0 0 0 0 0 0 1 0 1 1 0 0 0 0 0 1 0 1 0 0 0 0 0 0 0 0 0 0 0 0 0 1 0 1 0 0 
0 0 1 0 0 1 0 1 0 0 0 0 1 0 0 1 0 0 0 1 1 0 1 0 0 1 0 1 0 0 0 0 0 1 0 0 0 0 1 0 1 0 1 1 1 1 0 0 0 0 0 1 1 1 1 0 1 0 0 0 0 0 1 1 0 1 1 1 1 1 1 1 1 0 0 0 1 1 1 1 1 1 1 1 0 0 0 0 1 1 1 1 0 1 1 1 1 1 1 1 0 0 0 0 0 0 1 1 0 1 1 2 1 1 0 0 0 0 0 0 1 1 0 1 1 0 1 1 0 1 0 1 0 1 1 1 0 1 1 0 1 1 0 0 0 0 0 1 0 1 0 1 0 0 0 0 0 0 0 0 0 0 1 1 1 1 1 1 1 0 0 0 0 0 0 0 1 0 0 1 0 1 1 0 0 0 0 0 1 0 1 0 0 0 0 0 0 0 0 0 0 0 0 0 1 0 0 1 0 
0 0 1 0 0 1 0 1 0 0 0 0 1 0 1 0 0 0 0 0 1 0 1 0 0 1 1 0 0 0 0 0 0 0 0 0 0 0 0 0 1 1 1 0 1 1 0 0 0 0 0 1 1 1 1 1 1 1 0 0 0 0 1 0 1 1 1 1 1 1 1 1 1 0 0 1 1 0 1 1 0 1 0 1 0 0 0 0 0 1 1 1 1 1 1 1 1 0 1 1 0 0 0 0 0 0 1 0 0 1 1 1 1 1 0 0 0 1 0 0 0 1 1 1 0 0 1 1 0 1 0 0 0 1 1 1 0 1 1 0 1 0 1 0 0 0 0 1 0 1 0 1 0 0 0 0 0 0 0 0 0 0 1 1 0 1 1 1 1 0 0 0 0 0 0 0 0 0 0 1 1 0 1 1 0 0 0 0 1 1 1 0 0 0 0 0 0 0 0 0 0 0 0 0 1 0 0 0 1 
0 0 1 0 0 1 0 1 0 0 0 0 1 0 1 0 0 0 0 0 1 1 1 0 0 1 1 0 0 0 0 0 0 0 0 0 0 0 0 0 1 1 0 0 1 1 0 0 0 0 1 1 1 1 1 1 1 1 0 0 0 0 0 1 1 1 1 1 1 1 0 1 1 0 0 1 1 1 0 1 1 1 0 1 0 0 0 0 1 0 1 1 1 1 0 1 1 0 0 1 1 0 0 0 0 0 1 0 0 1 1 1 1 1 0 0 0 0 1 0 0 1 1 1 0 0 1 1 0 1 1 0 0 1 1 1 0 1 1 0 1 0 1 0 0 0 0 1 0 1 0 1 0 0 0 0 0 0 0 0 1 0 1 0 0 1 0 1 1 0 0 0 0 0 0 0 1 0 0 1 0 0 1 1 0 0 0 0 1 0 1 0 0 1 0 1 0 0 0 0 0 0 0 0 1 0 0 0 1 
0 0 1 0 0 1 0 1 0 0 0 0 1 1 1 0 0 0 0 0 1 1 1 0 0 1 1 0 0 1 0 0 0 1 0 0 0 0 1 0 1 0 1 1 1 1 0 0 0 0 0 1 1 1 1 1 1 1 0 0 0 0 0 1 1 1 1 1 1 1 0 1 1 0 0 1 1 0 1 1 1 1 0 1 0 0 0 0 0 0 1 1 1 1 1 1 1 1 1 0 1 0 0 1 0 0 1 0 0 1 1 1 1 1 0 0 0 0 1 0 1 0 1 1 1 0 1 1 1 1 1 0 0 1 1 1 0 1 1 0 1 0 1 0 0 0 0 1 1 1 0 1 1 0 0 0 0 0 0 0 0 0 1 0 0 1 0 1 1 0 0 0 0 0 1 0 1 0 0 1 0 0 1 1 0 0 0 0 1 1 1 0 1 1 0 0 1 0 0 0 0 1 0 0 1 0 0 0 1 
0 0 1 0 0 1 0 1 0 0 0 0 1 0 1 0 0 0 0 1 1 1 1 0 0 1 1 0 1 1 1 0 0 0 0 0 0 0 0 1 1 1 1 0 1 1 0 0 0 0 0 1 1 1 1 1 1 1 0 0 0 0 0 1 1 1 1 1 1 0 1 1 1 0 0 1 1 0 1 1 1 1 0 0 0 1 0 0 0 1 1 0 1 1 1 1 1 1 1 0 1 1 0 0 0 1 1 0 0 1 1 1 1 1 0 0 0 1 1 0 0 0 1 0 1 0 1 1 1 1 1 0 0 1 1 1 0 1 1 0 1 0 1 0 0 0 0 1 0 1 0 1 0 1 0 0 0 0 0 0 0 1 1 0 1 1 0 1 1 0 0 0 0 0 0 0 0 0 0 1 0 0 1 1 0 0 0 1 1 1 1 0 1 1 0 0 1 0 0 0 1 0 0 0 1 0 0 0 1 
1 0 1 0 0 1 0 1 0 0 0 0 1 0 1 1 0 0 0 0 1 1 1 0 0 1 1 0 0 1 0 1 0 1 0 0 0 0 0 1 1 0 1 1 1 1 0 0 0 0 0 1 1 1 1 0 1 1 0 0 0 0 0 1 1 0 1 1 1 1 0 1 1 0 0 1 1 1 1 1 1 1 0 1 0 1 1 0 1 0 0 0 0 1 1 1 1 1 0 0 1 1 1 0 0 1 1 0 0 1 1 1 1 1 0 0 0 0 1 1 1 0 1 1 1 0 1 1 1 1 1 1 0 1 1 1 0 1 1 0 1 0 1 0 0 0 1 1 0 1 0 1 0 0 1 0 0 0 0 0 0 1 1 0 0 1 1 1 1 0 0 0 0 0 0 0 0 0 1 1 0 0 1 1 0 0 0 1 1 1 1 0 1 1 1 0 1 0 0 0 1 0 0 0 1 0 0 0 1 
1 0 1 0 0 1 0 1 0 0 0 0 1 0 1 1 0 0 0 1 1 1 1 0 0 1 1 0 0 1 1 1 0 0 1 0 0 0 0 1 1 0 1 1 1 1 0 0 0 0 0 1 1 1 1 1 0 1 1 0 0 0 0 1 1 1 1 1 1 1 1 1 1 0 0 1 1 0 1 1 1 1 1 1 1 1 0 1 0 0 1 0 0 1 1 1 1 0 0 0 1 1 1 1 0 1 1 0 0 1 1 1 0 1 0 0 0 0 1 0 1 0 1 1 1 0 1 1 1 1 1 0 1 1 1 1 0 1 1 0 1 0 1 1 0 0 1 1 0 1 0 1 0 0 1 0 0 0 0 0 0 1 1 0 0 1 2 1 1 0 0 0 0 0 0 0 0 0 0 1 0 0 1 1 0 0 0 1 1 1 1 1 0 1 1 0 1 0 0 0 1 1 0 0 1 1 0 0 1 
1 0 1 0 0 1 0 1 1 0 0 0 1 1 1 1 0 0 1 1 1 1 1 0 0 1 1 0 0 1 1 1 0 0 0 1 0 0 0 1 1 0 1 0 1 1 0 0 0 0 0 1 1 1 1 1 0 1 0 1 0 0 0 1 1 1 1 1 1 1 0 1 1 1 0 1 1 1 1 1 1 1 1 1 1 1 0 1 0 0 0 0 1 1 1 1 1 0 0 0 1 1 1 1 0 1 1 0 0 1 1 1 1 1 0 0 0 0 1 0 1 1 1 1 0 0 1 1 1 1 1 0 0 1 1 1 0 1 1 0 1 0 1 0 0 1 1 1 0 1 0 1 0 0 1 0 1 0 0 0 0 1 1 0 0 1 1 1 1 0 0 0 0 0 0 0 0 0 0 1 0 0 1 1 0 0 0 1 1 1 1 0 0 1 1 0 1 0 0 0 1 1 0 1 1 1 1 0 1 
1 0 1 0 1 1 0 1 0 1 0 0 1 1 1 1 0 0 1 1 1 1 1 0 0 1 1 0 0 1 1 1 0 0 0 1 0 0 0 1 1 0 1 1 1 1 0 0 0 0 0 1 1 1 0 1 1 1 0 1 1 0 0 1 1 0 1 1 1 0 1 1 1 0 0 1 1 0 1 1 1 1 1 1 1 1 0 1 0 0 0 1 1 1 1 1 1 0 0 0 1 1 1 1 0 1 1 0 0 0 1 1 1 1 0 0 0 0 1 1 1 0 1 0 1 0 1 1 1 1 1 0 0 1 1 1 0 1 1 0 1 0 1 0 0 0 1 1 0 1 0 1 2 0 1 0 0 0 1 0 0 1 1 0 1 1 1 1 1 0 0 1 0 0 0 0 0 0 0 1 0 1 1 1 0 0 0 1 1 1 1 0 1 1 0 0 1 0 0 0 1 1 0 1 1 1 1 0 1 
1 0 1 0 0 1 0 1 0 0 1 0 1 1 1 1 0 0 1 1 1 1 1 0 0 1 1 0 0 1 1 1 0 0 0 1 0 0 0 1 1 0 1 0 1 1 0 0 1 0 0 1 1 1 0 1 0 1 0 1 0 0 0 1 1 1 1 1 1 1 0 1 1 1 0 1 1 1 1 1 1 1 1 1 1 1 0 1 0 0 1 1 1 1 0 1 1 1 0 0 1 1 1 1 0 1 1 0 0 0 1 1 1 1 0 0 0 0 1 1 1 1 1 1 1 0 1 1 1 1 1 0 1 1 1 1 0 1 1 0 1 0 1 0 0 0 1 1 1 1 0 1 1 2 1 0 0 0 1 0 0 1 1 0 1 1 1 1 1 0 0 1 0 0 0 0 0 0 0 1 0 0 1 1 0 0 0 1 1 1 1 0 1 1 0 0 1 0 0 0 1 1 0 1 1 1 1 0 1 
1 0 1 0 0 1 1 1 0 0 1 0 1 1 1 1 0 0 1 1 1 1 1 0 0 1 1 0 0 1 1 1 0 0 0 1 0 0 0 1 1 1 1 0 1 1 0 0 1 0 0 1 1 1 1 1 0 1 0 1 1 0 0 1 1 0 1 1 1 1 1 1 1 0 0 1 1 1 1 1 1 1 1 1 1 1 0 1 1 1 1 0 1 1 0 1 1 0 1 0 1 1 1 1 0 1 1 0 0 0 1 1 1 1 0 0 0 0 1 0 1 0 1 0 1 0 1 1 1 1 1 0 1 1 1 1 0 1 1 0 1 0 1 0 0 1 1 1 1 1 0 1 1 0 1 0 0 0 1 0 1 1 1 1 1 1 1 1 1 0 0 1 0 0 0 0 0 0 0 1 0 0 1 1 0 0 0 1 1 1 1 0 1 1 0 1 1 0 0 0 1 1 0 1 1 1 1 1 1 
1 0 1 0 0 1 1 1 0 0 1 0 1 1 1 1 0 0 1 1 1 1 1 0 0 1 1 0 0 1 1 1 0 0 0 1 0 0 0 1 1 0 1 1 1 1 1 0 1 0 0 1 1 1 1 1 0 1 0 1 1 0 0 1 1 0 1 1 1 1 0 1 1 1 0 1 1 1 1 1 1 1 1 1 1 1 0 1 1 0 0 1 1 1 0 1 1 0 0 1 1 1 1 1 0 1 1 1 0 0 1 1 1 1 0 0 0 0 1 1 1 1 1 0 1 0 1 1 1 1 1 0 0 1 1 1 0 1 1 0 1 0 1 0 1 1 1 1 1 1 0 1 1 0 1 2 0 0 1 0 1 1 1 0 1 1 1 1 1 1 0 1 0 0 0 1 0 0 1 1 0 0 1 1 0 0 0 1 1 1 1 0 1 1 0 1 1 0 0 0 1 1 0 1 1 1 1 1 1 
1 0 1 0 0 1 1 1 0 0 1 0 1 1 1 1 0 0 1 1 1 1 1 0 0 1 1 0 0 1 1 1 0 0 0 1 0 0 0 1 1 0 1 0 1 1 0 1 1 0 0 1 1 1 1 1 0 1 0 1 1 0 0 1 1 0 1 1 1 1 1 1 1 0 1 1 1 1 1 1 1 1 1 1 1 1 0 1 0 0 1 0 1 1 0 1 1 0 0 1 1 1 1 1 0 1 1 1 0 0 1 1 1 1 0 0 0 1 1 1 1 0 1 0 1 0 1 1 1 1 1 0 0 1 1 1 0 1 1 0 1 0 1 0 0 0 1 1 1 1 0 1 1 0 1 2 0 1 1 0 1 1 1 0 1 1 1 1 1 1 0 1 0 0 0 1 1 0 0 1 0 0 1 1 0 0 0 1 1 1 1 1 1 1 0 1 1 0 0 0 1 1 0 1 1 1 1 1 1 
1 0 1 0 0 1 1 1 0 0 1 0 1 1 1 1 0 0 1 1 1 1 1 0 0 1 1 0 1 1 1 1 0 0 0 1 0 0 0 1 1 0 1 0 1 1 0 1 1 0 0 1 1 1 1 1 0 1 0 1 1 0 0 1 1 0 1 1 1 1 0 1 1 1 1 1 1 1 1 1 1 1 1 1 1 1 0 1 0 1 1 0 1 1 0 1 1 0 0 1 1 1 1 1 0 1 1 1 0 0 1 1 1 1 0 0 0 1 1 1 1 0 1 0 1 0 1 1 1 1 1 1 1 1 1 1 0 1 1 0 1 0 1 0 0 0 1 1 1 1 0 1 1 1 1 2 0 0 1 0 1 1 1 0 1 1 1 1 1 1 0 1 1 1 0 1 0 0 0 1 0 0 1 1 0 0 0 1 1 1 1 1 1 1 0 1 1 0 0 0 1 1 0 1 1 1 1 1 1 
1 0 1 0 1 1 1 1 0 0 1 0 1 1 1 1 0 0 1 1 1 1 1 0 0 1 1 0 0 1 1 1 0 0 0 1 0 0 0 1 1 0 1 0 1 1 0 1 1 0 0 1 1 1 1 1 0 1 0 1 1 0 0 1 1 0 1 1 1 1 0 1 1 0 1 1 1 1 1 1 1 1 1 1 1 1 0 1 0 1 0 0 1 1 0 1 1 0 0 1 1 1 1 1 0 1 1 1 0 0 1 1 1 1 0 0 0 0 1 1 1 0 1 0 1 0 1 1 1 1 1 1 1 1 1 1 0 1 1 0 1 0 1 1 0 1 1 1 1 1 0 1 1 0 1 2 0 0 1 0 1 1 1 0 1 1 1 1 1 1 0 1 0 1 0 1 0 0 0 1 0 0 1 1 0 1 0 1 1 1 1 1 1 1 0 1 1 0 0 0 1 1 1 1 1 1 1 1 1 
1 1 1 1 0 1 1 1 0 0 1 0 1 1 1 1 0 0 1 1 1 1 1 0 0 1 1 0 0 1 1 1 0 0 0 1 0 0 0 1 1 0 1 0 1 1 0 1 1 0 0 1 1 1 1 1 0 1 0 1 1 0 1 1 1 0 1 1 1 1 0 1 1 1 1 1 1 1 1 1 1 1 1 1 1 1 0 1 0 1 0 0 1 1 0 1 1 0 0 1 1 1 1 1 0 1 1 1 0 0 1 1 1 1 0 0 0 0 1 1 1 0 1 0 1 0 1 1 1 1 1 1 1 1 1 1 0 1 1 0 1 1 1 1 1 1 1 1 1 1 0 1 1 0 1 2 1 0 1 0 1 1 1 0 1 1 1 1 1 1 0 1 0 1 1 1 0 0 0 1 0 0 1 1 0 0 0 1 1 1 1 1 1 1 0 1 1 0 1 0 1 1 1 1 1 1 1 1 1 
1 1 1 1 0 1 1 1 0 0 1 0 1 1 1 1 0 0 1 1 1 1 1 0 0 1 1 0 0 1 1 1 0 0 0 1 1 0 0 1 1 0 1 0 1 1 0 1 1 0 1 1 1 1 1 1 0 1 0 1 1 0 0 1 1 0 1 1 1 1 0 1 1 1 1 1 1 1 1 1 1 1 1 1 1 1 0 1 0 1 0 0 1 1 0 1 1 0 0 1 1 1 1 1 0 1 1 1 0 0 1 1 1 1 0 0 0 0 1 1 1 0 1 0 1 0 1 1 1 1 1 1 1 1 1 1 0 1 1 0 1 1 1 0 1 0 1 1 1 1 0 1 1 0 1 2 1 0 1 0 1 1 1 0 1 1 1 1 1 1 0 1 0 1 0 1 0 0 0 1 0 0 1 1 0 0 0 1 1 1 1 1 1 1 0 1 1 0 0 1 1 1 1 1 1 1 1 1 1 
1 1 1 1 0 1 1 1 0 0 1 0 1 1 1 1 0 0 1 1 1 1 1 0 0 1 1 0 0 1 1 1 0 0 0 1 1 0 0 1 1 0 1 0 1 1 0 1 1 0 1 1 1 1 1 1 0 1 0 1 1 0 0 1 1 0 1 1 1 1 0 1 1 1 1 1 1 1 1 1 1 1 1 1 1 1 0 1 0 1 0 0 1 1 0 1 1 0 0 1 1 1 1 1 0 1 1 1 0 0 1 1 1 1 0 0 0 0 1 1 1 0 1 0 1 0 1 1 1 1 1 1 1 1 1 terminate called after throwing an instance of 'std::bad_alloc'
  what():  std::bad_alloc
1 0 1 1 0 1 1 1 0 1 1 1 1 1 1 0 1 1 1 1 2 1 1 1 0 1 1 1 0 1 1 1 1 1 1 1 1 0 1 0 1 0 0 0 1 0 0 1 1 0 0 1 1 1 1 1 1 1 1 1 1 1 0 0 1 1 1 1 1 1 1 1 1 1 
1 1 1 1 0 1 1 1 0 0 1 0 1 1 1 1 0 0 1 1 1 1 1 0 0 1 1 0 0 1 1 1 0 0 0 1 1 0 0 1 1 0 1 0 1 1 0 1 1 0 1 1 1 1 1 1 0 1 0 1 1 0 0 1 1 0 1 1 1 1 0 1 1 1 1 1 1 1 1 1 1 1 1 1 1 1 0 1 0 1 0 0 1 1 0 1 1 0 0 1 1 1 1 1 0 1 1 1 0 0 1 1 1 1 0 0 1 0 1 1 1 0 1 0 1 0 1 1 1 1 1 1 1 1 1 1 0 1 1 0 1 1 1 0 1 1 1 1 1 1 0 1 1 1 1 2 1 0 1 0 1 1 1 0 1 1 1 1 1 1 1 1 1 1 0 1 0 0 0 1 0 0 1 1 1 0 1 1 1 1 1 1 1 1 1 1 1 0 0 1 1 1 1 1 1 1 1 1 1 
1 1 1 1 0 1 1 1 0 0 1 0 1 1 1 1 0 0 1 1 1 1 1 0 0 1 1 0 0 1 1 1 0 0 0 1 1 0 0 1 1 0 1 0 1 1 0 1 1 0 1 1 1 1 1 1 0 1 0 1 1 0 0 1 1 0 1 1 1 1 0 1 1 1 1 1 1 1 1 1 1 1 1 1 1 1 0 1 0 1 0 0 1 1 0 1 1 0 0 1 1 1 1 1 0 1 1 1 0 0 1 1 1 1 0 0 1 0 1 1 1 0 1 0 1 0 1 1 1 1 1 1 1 1 1 1 0 1 1 0 1 1 1 0 1 1 1 1 1 1 0 1 1 1 1 2 1 0 1 0 1 1 1 0 1 1 1 1 1 1 1 1 0 1 0 1 0 0 0 1 0 0 1 1 1 1 1 1 1 1 1 1 1 1 1 1 1 0 0 1 1 1 1 1 1 1 1 1 1 

** Open/close/exp size (steps): 1/1/1 (2)
** Open/close/exp size (steps): 4/4/4 (5)
** Open/close/exp size (steps): 3/8/3 (9)
Unable to resolve collision between groups 0 and 1.
Merging groups 0 and 1.
Searching solution for merged group 0+1.
Open/close/exp size (steps): 22012/21705/22012 (177013)
Open/close/exp size (steps): 30159/57128/30159 (212436)
Open/close/exp size (steps): 69424/99636/69424 (254944)
Open/close/exp size (steps): 36097/150646/36097 (305954)
Open/close/exp size (steps): 110750/211858/110750 (367166)
Open/close/exp size (steps): 49857/285313/49857 (440621)
Open/close/exp size (steps): 66041/373459/66041 (528767)
Aborted (core dumped)
