================================================================
reLOC 0.13-odaiba : Multirobot Solver
(C) Copyright 2016 Pavel Surynek
----------------------------------------------------------------
Reading graph...
Reading graph... FINISHED
Reading initial arrangement...
Reading initial arrangement... FINISHED.
Reading goal arrangement...
Reading goal arrangement... FINISHED.
Building instance...
Building instance... FINISHED.
Open/close/exp size (steps): 2/1/2 (2)
Open/close/exp size (steps): 13/4/13 (5)
Open/close/exp size (steps): 24/8/24 (9)
Open/close/exp size (steps): 8/2/8 (14)
Open/close/exp size (steps): 15/4/15 (20)
Open/close/exp size (steps): 28/12/28 (28)
Open/close/exp size (steps): 1/0/1 (38)
Open/close/exp size (steps): 7/2/7 (50)
Open/close/exp size (steps): 20/8/20 (65)
Open/close/exp size (steps): 1/0/1 (83)
Open/close/exp size (steps): 33/14/33 (105)
Open/close/exp size (steps): 13/4/13 (132)
Open/close/exp size (steps): 1/0/1 (165)
Open/close/exp size (steps): 47/20/47 (205)
Open/close/exp size (steps): 17/4/17 (253)
Open/close/exp size (steps): 43/19/43 (311)
Open/close/exp size (steps): 7/2/7 (381)
0 0 0 0 0 0 0 0 0 0 0 0 0 0 0 0 0 0 0 0 0 0 0 0 1 0 0 0 0 0 0 0 0 0 0 0 0 0 0 0 0 0 0 0 0 0 0 0 0 0 0 0 0 
0 0 0 0 0 0 0 0 0 0 0 0 0 0 0 0 0 0 0 0 0 0 0 1 0 0 0 0 0 0 0 0 0 0 0 0 0 0 0 0 0 0 0 0 0 0 0 0 0 0 0 0 0 
0 0 0 0 0 0 0 0 0 0 0 0 0 0 0 0 0 0 0 0 0 0 1 0 0 0 0 0 0 0 0 0 0 0 0 0 0 0 0 0 0 0 0 0 0 0 0 0 0 0 0 0 0 
0 0 0 0 0 0 0 0 0 0 0 0 0 0 0 0 0 0 0 0 0 0 0 0 0 0 0 0 0 0 1 0 0 0 0 0 0 0 0 0 0 0 0 0 0 0 0 0 0 0 0 0 0 
0 0 0 0 0 0 0 0 0 0 0 0 0 0 0 0 0 0 0 0 0 0 0 0 0 0 0 0 0 0 0 0 0 0 0 0 1 0 0 0 0 0 0 0 0 0 0 0 0 0 0 0 0 
0 0 0 0 0 0 0 0 0 0 0 0 0 0 0 0 0 0 0 0 0 0 0 0 0 0 0 0 0 0 0 0 0 0 0 0 0 0 0 0 0 0 0 1 0 0 0 0 0 0 0 0 0 
0 0 0 0 0 0 0 0 0 0 0 0 0 0 0 0 0 0 0 0 0 0 0 0 0 0 0 0 0 0 0 0 0 0 0 0 0 0 0 0 0 0 0 0 0 0 0 0 0 0 1 0 0 

0 0 0 0 0 0 0 0 0 0 0 0 0 0 0 0 0 0 0 0 0 0 0 0 1 0 0 0 0 0 0 0 0 0 0 0 0 0 0 0 0 0 0 0 0 0 0 0 0 0 0 0 0 
0 0 0 0 0 0 0 0 0 0 0 0 0 0 0 0 0 0 0 0 0 0 0 1 0 0 0 0 0 0 0 0 0 0 0 0 0 0 0 0 0 0 0 0 0 0 0 0 0 0 0 0 0 
0 0 0 0 0 0 0 0 0 0 0 0 0 0 0 0 0 0 0 0 0 0 1 0 0 0 0 0 0 0 0 0 0 0 0 0 0 0 0 0 0 0 0 0 0 0 0 0 0 0 0 0 0 
0 0 0 0 0 0 0 0 0 0 0 0 0 0 0 0 0 0 0 0 0 0 0 0 0 0 0 0 0 0 1 0 0 0 0 0 0 0 0 0 0 0 0 0 0 0 0 0 0 0 0 0 0 
0 0 0 0 0 0 0 0 0 0 0 0 0 0 0 0 0 0 0 0 0 0 0 0 0 0 0 0 0 0 0 0 0 0 0 0 1 0 0 0 0 0 0 0 0 0 0 0 0 0 0 0 0 
0 0 0 0 0 0 0 0 0 0 0 0 0 0 0 0 0 0 0 0 0 0 0 0 0 0 0 0 0 0 0 0 0 0 0 0 0 0 0 0 0 0 0 1 0 0 0 0 0 0 0 0 0 
0 0 0 0 0 0 0 0 0 0 0 0 0 0 0 0 0 0 0 0 0 0 0 0 0 0 0 0 0 0 0 0 0 0 0 0 0 0 0 0 0 0 0 0 0 0 0 0 0 0 1 0 0 
0 0 0 0 0 0 0 0 0 0 0 0 0 0 0 0 0 0 0 0 0 0 0 0 0 0 0 0 0 0 0 0 0 0 0 0 0 0 0 0 0 0 0 0 0 0 0 0 0 0 1 0 0 

Groups 0 and 2 collide.
Solution of group 0
Mulirobot solution: (|moves| = 6, paralellism = 1.000) [
    Step 0: 1#24->23 
    Step 1: 1#23->22 
    Step 2: 1#22->30 
    Step 3: 1#30->36 
    Step 4: 1#36->43 
    Step 5: 1#43->50 
]
Solution of group 2
Mulirobot solution: (|moves| = 7, paralellism = 1.000) [
    Step 0: 1#31->23 
    Step 1: 1#23->17 
    Step 2: 1#17->12 
    Step 3: 1#12->11 
    Step 4: 1#11->10 
    Step 5: 1#10->9 
    Step 6: 1#9->8 
]
Occupation table complementary for group 0
0 1 1 1 1 1 0 1 1 0 0 1 0 1 0 1 0 0 1 1 1 1 1 1 0 1 1 1 1 0 1 1 0 1 1 1 1 1 1 1 1 1 0 0 0 1 1 1 1 0 1 1 0 
0 0 1 0 0 0 0 1 1 1 1 0 1 0 1 0 1 0 1 0 0 0 1 1 0 1 1 1 1 0 1 1 1 1 1 0 0 1 0 0 0 1 1 1 1 0 1 1 0 0 0 0 0 
0 1 0 0 0 0 0 1 0 1 1 1 0 0 1 0 1 1 0 1 0 1 0 1 0 1 1 1 1 0 0 1 0 0 1 0 1 1 0 0 1 1 0 1 0 0 1 0 0 0 0 0 0 
1 1 0 0 0 0 0 0 1 0 1 1 1 0 0 0 1 1 1 1 1 0 0 1 0 0 1 1 1 0 0 1 0 1 1 1 0 0 0 0 0 1 0 0 1 0 1 0 1 0 0 0 0 
1 0 1 0 0 0 0 1 0 1 0 1 0 1 0 0 1 1 0 1 1 1 1 1 0 0 1 1 1 0 1 1 0 0 1 1 0 0 0 0 1 0 1 0 0 1 1 0 0 1 0 0 0 
1 0 0 1 0 0 0 0 1 0 1 0 0 1 1 0 1 1 0 1 1 1 1 0 0 0 0 1 1 1 1 1 0 1 1 1 0 0 0 0 0 0 0 1 0 1 1 1 0 1 0 0 0 
1 0 0 1 0 0 0 1 0 1 0 0 1 1 1 1 1 1 1 0 1 1 1 1 0 0 0 1 1 1 1 1 0 1 1 1 1 0 0 0 1 0 0 1 0 1 1 1 0 1 0 0 0 
1 0 0 1 0 0 0 0 1 0 0 0 1 1 1 1 1 1 1 0 1 1 0 1 1 0 0 1 1 0 1 1 0 1 1 1 1 0 0 0 1 1 0 1 0 1 1 1 0 1 0 0 0 
1 0 0 1 0 0 0 0 1 0 0 1 1 1 1 1 1 1 1 1 1 1 1 1 1 1 1 1 1 0 1 1 0 1 1 1 1 0 0 0 1 1 0 1 1 1 1 1 0 1 0 0 0 
1 0 0 1 0 0 0 0 1 0 1 0 1 1 1 1 1 1 1 1 1 1 1 1 1 1 0 1 1 0 1 1 1 1 1 1 0 1 0 0 1 1 0 1 1 1 1 1 0 1 1 0 0 
1 0 0 1 0 0 0 0 1 1 0 0 1 1 1 1 1 1 1 1 1 1 1 1 1 1 0 1 1 0 1 1 1 1 1 1 0 0 1 0 1 1 0 1 1 1 1 1 0 1 1 1 0 
1 0 0 1 0 0 0 0 1 1 0 0 1 1 1 1 1 1 1 1 1 1 1 1 1 1 0 1 1 0 1 1 1 1 1 1 0 0 1 0 1 1 0 1 1 1 1 1 0 1 0 1 1 

** Open/close/exp size (steps): 1/1/1 (2)
Occupation table complementary for group 2
0 1 1 1 1 1 0 1 1 0 0 1 0 1 0 1 0 0 1 1 1 1 1 1 1 1 1 1 1 0 1 0 0 1 1 1 1 1 1 1 1 1 0 0 0 1 1 1 1 0 1 1 0 
0 0 1 0 0 0 0 1 1 1 1 0 1 0 1 0 1 0 1 0 0 0 1 1 0 1 1 1 1 0 1 1 1 1 1 0 0 1 0 0 0 1 1 1 1 0 1 1 0 0 0 0 0 
0 1 0 0 0 0 0 1 0 1 1 1 0 0 1 0 1 0 0 1 0 1 1 1 0 1 1 1 1 0 0 1 0 0 1 0 1 1 0 0 1 1 0 1 0 0 1 0 0 0 0 0 0 
1 1 0 0 0 0 0 0 1 0 1 1 0 0 0 0 1 1 1 1 1 0 0 1 0 0 1 1 1 0 1 1 0 1 1 1 0 0 0 0 0 1 0 0 1 0 1 0 1 0 0 0 0 
1 0 1 0 0 0 0 1 0 1 0 1 0 1 0 0 1 1 0 1 1 1 1 1 0 0 1 1 1 0 1 1 0 0 1 1 1 0 0 0 1 0 1 0 0 1 1 0 0 1 0 0 0 
1 0 0 1 0 0 0 0 1 0 0 0 0 1 1 0 1 1 0 1 1 1 1 0 0 0 0 1 1 1 1 1 0 1 1 1 0 0 0 0 0 0 0 1 0 1 1 1 0 1 0 0 0 
1 0 0 1 0 0 0 1 0 0 0 0 1 1 1 1 1 1 1 0 1 1 1 1 0 0 0 1 1 1 1 1 0 1 1 1 1 0 0 0 1 0 0 1 0 1 1 1 0 1 1 0 0 
1 0 0 1 0 0 0 0 0 0 0 0 1 1 1 1 1 1 1 0 1 1 0 1 1 0 0 1 1 0 1 1 0 1 1 1 1 0 0 0 1 1 0 1 0 1 1 1 0 1 1 0 0 
1 0 0 1 0 0 0 0 0 0 0 1 1 1 1 1 1 1 1 1 1 1 1 1 1 1 1 1 1 0 1 1 0 1 1 1 1 0 0 0 1 1 0 1 1 1 1 1 0 1 1 0 0 
1 0 0 1 0 0 0 0 0 0 1 0 1 1 1 1 1 1 1 1 1 1 1 1 1 1 0 1 1 0 1 1 1 1 1 1 0 1 0 0 1 1 0 1 1 1 1 1 0 1 1 0 0 
1 0 0 1 0 0 0 0 0 1 0 0 1 1 1 1 1 1 1 1 1 1 1 1 1 1 0 1 1 0 1 1 1 1 1 1 0 0 1 0 1 1 0 1 1 1 1 1 0 1 1 1 0 
1 0 0 1 0 0 0 0 0 1 0 0 1 1 1 1 1 1 1 1 1 1 1 1 1 1 0 1 1 0 1 1 1 1 1 1 0 0 1 0 1 1 0 1 1 1 1 1 0 1 1 1 1 

Unable to resolve collision between groups 0 and 2.
Merging groups 0 and 2.
Searching solution for merged group 0+2.
Open/close/exp size (steps): 76/32/76 (465)
Open/close/exp size (steps): 235/133/235 (566)
Open/close/exp size (steps): 398/255/398 (688)
Open/close/exp size (steps): 604/402/604 (835)
Open/close/exp size (steps): 613/579/613 (1012)
Open/close/exp size (steps): 771/792/771 (1225)
Open/close/exp size (steps): 979/1048/979 (1481)
0 0 0 0 0 0 0 0 0 0 0 0 0 0 0 0 0 0 0 0 0 0 0 0 1 0 0 0 0 0 0 2 0 0 0 0 0 0 0 0 0 0 0 0 0 0 0 0 0 0 0 0 0 
0 0 0 0 0 0 0 0 0 0 0 0 0 0 0 0 0 0 0 0 0 0 0 1 0 0 0 0 0 0 2 0 0 0 0 0 0 0 0 0 0 0 0 0 0 0 0 0 0 0 0 0 0 
0 0 0 0 0 0 0 0 0 0 0 0 0 0 0 0 0 0 0 0 0 0 2 0 0 0 0 0 0 0 0 1 0 0 0 0 0 0 0 0 0 0 0 0 0 0 0 0 0 0 0 0 0 
0 0 0 0 0 0 0 0 0 0 0 0 0 0 0 0 2 0 0 0 0 0 0 0 0 0 0 0 0 0 1 0 0 0 0 0 0 0 0 0 0 0 0 0 0 0 0 0 0 0 0 0 0 
0 0 0 0 0 0 0 0 0 0 0 2 0 0 0 0 0 0 0 0 0 0 0 0 0 0 0 0 0 0 0 0 0 0 0 0 1 0 0 0 0 0 0 0 0 0 0 0 0 0 0 0 0 
0 0 0 0 0 0 0 0 0 0 2 0 0 0 0 0 0 0 0 0 0 0 0 0 0 0 0 0 0 0 0 0 0 0 0 0 0 0 0 0 0 0 0 1 0 0 0 0 0 0 0 0 0 
0 0 0 0 0 0 0 0 0 2 0 0 0 0 0 0 0 0 0 0 0 0 0 0 0 0 0 0 0 0 0 0 0 0 0 0 0 0 0 0 0 0 0 0 0 0 0 0 0 0 1 0 0 
0 0 0 0 0 0 0 0 2 0 0 0 0 0 0 0 0 0 0 0 0 0 0 0 0 0 0 0 0 0 0 0 0 0 0 0 0 0 0 0 0 0 0 0 0 0 0 0 0 0 1 0 0 

0 0 0 0 0 0 0 0 0 0 0 0 0 0 0 0 0 0 0 0 0 0 0 0 1 0 0 0 0 0 0 2 0 0 0 0 0 0 0 0 0 0 0 0 0 0 0 0 0 0 0 0 0 
0 0 0 0 0 0 0 0 0 0 0 0 0 0 0 0 0 0 0 0 0 0 0 1 0 0 0 0 0 0 2 0 0 0 0 0 0 0 0 0 0 0 0 0 0 0 0 0 0 0 0 0 0 
0 0 0 0 0 0 0 0 0 0 0 0 0 0 0 0 0 0 0 0 0 0 2 0 0 0 0 0 0 0 0 1 0 0 0 0 0 0 0 0 0 0 0 0 0 0 0 0 0 0 0 0 0 
0 0 0 0 0 0 0 0 0 0 0 0 0 0 0 0 2 0 0 0 0 0 0 0 0 0 0 0 0 0 1 0 0 0 0 0 0 0 0 0 0 0 0 0 0 0 0 0 0 0 0 0 0 
0 0 0 0 0 0 0 0 0 0 0 2 0 0 0 0 0 0 0 0 0 0 0 0 0 0 0 0 0 0 0 0 0 0 0 0 1 0 0 0 0 0 0 0 0 0 0 0 0 0 0 0 0 
0 0 0 0 0 0 0 0 0 0 2 0 0 0 0 0 0 0 0 0 0 0 0 0 0 0 0 0 0 0 0 0 0 0 0 0 0 0 0 0 0 0 0 1 0 0 0 0 0 0 0 0 0 
0 0 0 0 0 0 0 0 0 2 0 0 0 0 0 0 0 0 0 0 0 0 0 0 0 0 0 0 0 0 0 0 0 0 0 0 0 0 0 0 0 0 0 0 0 0 0 0 0 0 1 0 0 
0 0 0 0 0 0 0 0 2 0 0 0 0 0 0 0 0 0 0 0 0 0 0 0 0 0 0 0 0 0 0 0 0 0 0 0 0 0 0 0 0 0 0 0 0 0 0 0 0 0 1 0 0 
0 0 0 0 0 0 0 0 2 0 0 0 0 0 0 0 0 0 0 0 0 0 0 0 0 0 0 0 0 0 0 0 0 0 0 0 0 0 0 0 0 0 0 0 0 0 0 0 0 0 1 0 0 

0 0 0 0 0 0 0 0 0 0 0 0 0 0 0 0 0 0 0 0 0 0 0 0 1 0 0 0 0 0 0 2 0 0 0 0 0 0 0 0 0 0 0 0 0 0 0 0 0 0 0 0 0 
0 0 0 0 0 0 0 0 0 0 0 0 0 0 0 0 0 0 0 0 0 0 0 1 0 0 0 0 0 0 2 0 0 0 0 0 0 0 0 0 0 0 0 0 0 0 0 0 0 0 0 0 0 
0 0 0 0 0 0 0 0 0 0 0 0 0 0 0 0 0 0 0 0 0 0 2 0 0 0 0 0 0 0 0 1 0 0 0 0 0 0 0 0 0 0 0 0 0 0 0 0 0 0 0 0 0 
0 0 0 0 0 0 0 0 0 0 0 0 0 0 0 0 2 0 0 0 0 0 0 0 0 0 0 0 0 0 1 0 0 0 0 0 0 0 0 0 0 0 0 0 0 0 0 0 0 0 0 0 0 
0 0 0 0 0 0 0 0 0 0 0 2 0 0 0 0 0 0 0 0 0 0 0 0 0 0 0 0 0 0 0 0 0 0 0 0 1 0 0 0 0 0 0 0 0 0 0 0 0 0 0 0 0 
0 0 0 0 0 0 0 0 0 0 2 0 0 0 0 0 0 0 0 0 0 0 0 0 0 0 0 0 0 0 0 0 0 0 0 0 0 0 0 0 0 0 0 1 0 0 0 0 0 0 0 0 0 
0 0 0 0 0 0 0 0 0 2 0 0 0 0 0 0 0 0 0 0 0 0 0 0 0 0 0 0 0 0 0 0 0 0 0 0 0 0 0 0 0 0 0 0 0 0 0 0 0 0 1 0 0 
0 0 0 0 0 0 0 0 2 0 0 0 0 0 0 0 0 0 0 0 0 0 0 0 0 0 0 0 0 0 0 0 0 0 0 0 0 0 0 0 0 0 0 0 0 0 0 0 0 0 1 0 0 

0 0 0 0 0 0 0 0 0 0 0 0 0 0 0 0 0 0 0 0 0 0 0 0 1 0 0 0 0 0 0 2 0 0 0 0 0 0 0 0 0 0 0 0 0 0 0 0 0 0 0 0 0 
0 0 0 0 0 0 0 0 0 0 0 0 0 0 0 0 0 0 0 0 0 0 0 1 0 0 0 0 0 0 2 0 0 0 0 0 0 0 0 0 0 0 0 0 0 0 0 0 0 0 0 0 0 
0 0 0 0 0 0 0 0 0 0 0 0 0 0 0 0 0 0 0 0 0 0 2 0 0 0 0 0 0 0 0 1 0 0 0 0 0 0 0 0 0 0 0 0 0 0 0 0 0 0 0 0 0 
0 0 0 0 0 0 0 0 0 0 0 0 0 0 0 0 2 0 0 0 0 0 0 0 0 0 0 0 0 0 1 0 0 0 0 0 0 0 0 0 0 0 0 0 0 0 0 0 0 0 0 0 0 
0 0 0 0 0 0 0 0 0 0 0 2 0 0 0 0 0 0 0 0 0 0 0 0 0 0 0 0 0 0 0 0 0 0 0 0 1 0 0 0 0 0 0 0 0 0 0 0 0 0 0 0 0 
0 0 0 0 0 0 0 0 0 0 2 0 0 0 0 0 0 0 0 0 0 0 0 0 0 0 0 0 0 0 0 0 0 0 0 0 0 0 0 0 0 0 0 1 0 0 0 0 0 0 0 0 0 
0 0 0 0 0 0 0 0 0 2 0 0 0 0 0 0 0 0 0 0 0 0 0 0 0 0 0 0 0 0 0 0 0 0 0 0 0 0 0 0 0 0 0 0 0 0 0 0 0 0 1 0 0 
0 0 0 0 0 0 0 0 2 0 0 0 0 0 0 0 0 0 0 0 0 0 0 0 0 0 0 0 0 0 0 0 0 0 0 0 0 0 0 0 0 0 0 0 0 0 0 0 0 0 1 0 0 

Groups 0 and 4 collide.
Solution of group 0
Mulirobot solution: (|moves| = 13, paralellism = 1.857) [
    Step 0: 1#24->23 2#31->30 
    Step 1: 1#23->31 2#30->22 
    Step 2: 1#31->30 2#22->16 
    Step 3: 1#30->36 2#16->11 
    Step 4: 1#36->43 2#11->10 
    Step 5: 1#43->50 2#10->9 
    Step 6: 2#9->8 
]
Solution of group 4
Mulirobot solution: (|moves| = 2, paralellism = 1.000) [
    Step 0: 1#21->22 
    Step 1: 1#22->16 
]
Occupation table complementary for group 0
0 1 1 1 1 1 0 1 1 0 0 1 0 1 0 1 0 0 1 1 1 1 1 1 0 1 1 1 1 0 1 0 0 1 1 1 1 1 1 1 1 1 0 0 0 1 1 1 1 0 1 1 0 
0 0 1 0 0 0 0 1 1 1 1 0 1 0 1 0 1 0 1 0 0 0 1 0 0 1 1 1 1 0 1 1 1 1 1 0 0 1 0 0 0 1 1 1 1 0 1 1 0 0 0 0 0 
0 1 0 0 0 0 0 1 0 1 1 1 0 0 1 0 1 0 0 1 0 1 0 1 0 1 1 1 1 0 0 1 0 0 1 0 1 1 0 0 1 1 0 1 0 0 1 0 0 0 0 0 0 
1 1 0 0 0 0 0 0 1 0 1 1 0 0 0 0 1 1 1 1 1 0 0 1 0 0 1 1 1 0 0 1 0 1 1 1 0 0 0 0 0 1 0 0 1 0 1 0 1 0 0 0 0 
1 0 1 0 0 0 0 1 0 1 0 1 0 1 0 0 1 1 0 1 1 1 1 1 0 0 1 1 1 0 1 1 0 0 1 1 0 0 0 0 1 0 1 0 0 1 1 0 0 1 0 0 0 
1 0 0 1 0 0 0 0 1 0 0 0 0 1 1 0 1 1 0 1 1 1 1 0 0 0 0 1 1 1 1 1 0 1 1 1 0 0 0 0 0 0 0 1 0 1 1 1 0 1 0 0 0 
1 0 0 1 0 0 0 1 0 0 0 0 1 1 1 1 1 1 1 0 1 1 1 1 0 0 0 1 1 1 1 1 0 1 1 1 1 0 0 0 1 0 0 1 0 1 1 1 0 1 0 0 0 
1 0 0 1 0 0 0 0 0 0 0 0 1 1 1 1 1 1 1 0 1 1 0 1 1 0 0 1 1 0 1 1 0 1 1 1 1 0 0 0 1 1 0 1 0 1 1 1 0 1 0 0 0 
1 0 0 1 0 0 0 0 0 0 0 1 1 1 1 1 1 1 1 1 1 1 1 1 1 1 1 1 1 0 1 1 0 1 1 1 1 0 0 0 1 1 0 1 1 1 1 1 0 1 0 0 0 
1 0 0 1 0 0 0 0 0 0 1 0 1 1 1 1 1 1 1 1 1 1 1 1 1 1 0 1 1 0 1 1 1 1 1 1 0 1 0 0 1 1 0 1 1 1 1 1 0 1 1 0 0 
1 0 0 1 0 0 0 0 0 1 0 0 1 1 1 1 1 1 1 1 1 1 1 1 1 1 0 1 1 0 1 1 1 1 1 1 0 0 1 0 1 1 0 1 1 1 1 1 0 1 1 1 0 
1 0 0 1 0 0 0 0 0 1 0 0 1 1 1 1 1 1 1 1 1 1 1 1 1 1 0 1 1 0 1 1 1 1 1 1 0 0 1 0 1 1 0 1 1 1 1 1 0 1 0 1 1 

Occupation table complementary for group 4
0 1 1 1 1 1 0 1 1 0 0 1 0 1 0 1 0 0 1 1 1 0 1 1 1 1 1 1 1 0 1 2 0 1 1 1 1 1 1 1 1 1 0 0 0 1 1 1 1 0 1 1 0 
0 0 1 0 0 0 0 1 1 1 1 0 1 0 1 0 1 0 1 0 0 0 1 1 0 1 1 1 1 0 1 1 1 1 1 0 0 1 0 0 0 1 1 1 1 0 1 1 0 0 0 0 0 
0 1 0 0 0 0 0 1 0 1 1 1 0 0 1 0 0 0 0 1 0 1 2 1 0 1 1 1 1 0 0 1 0 0 1 0 1 1 0 0 1 1 0 1 0 0 1 0 0 0 0 0 0 
1 1 0 0 0 0 0 0 1 0 1 1 0 0 0 0 1 1 1 1 1 0 0 1 0 0 1 1 1 0 1 1 0 1 1 1 0 0 0 0 0 1 0 0 1 0 1 0 1 0 0 0 0 
1 0 1 0 0 0 0 1 0 1 0 1 0 1 0 0 1 1 0 1 1 1 1 1 0 0 1 1 1 0 1 1 0 0 1 1 1 0 0 0 1 0 1 0 0 1 1 0 0 1 0 0 0 
1 0 0 1 0 0 0 0 1 0 2 0 0 1 1 0 1 1 0 1 1 1 1 0 0 0 0 1 1 1 1 1 0 1 1 1 0 0 0 0 0 0 0 1 0 1 1 1 0 1 0 0 0 
1 0 0 1 0 0 0 1 0 2 0 0 1 1 1 1 0 1 1 0 1 1 1 1 0 0 0 1 1 1 1 1 0 1 1 1 1 0 0 0 1 0 0 1 0 1 1 1 0 1 1 0 0 
1 0 0 1 0 0 0 0 2 0 0 0 1 1 1 1 1 1 1 0 1 1 0 1 1 0 0 1 1 0 1 1 0 1 1 1 1 0 0 0 1 1 0 1 0 1 1 1 0 1 1 0 0 
1 0 0 1 0 0 0 0 2 0 0 1 1 1 1 1 0 1 1 1 1 1 1 1 1 1 1 1 1 0 1 1 0 1 1 1 1 0 0 0 1 1 0 1 1 1 1 1 0 1 1 0 0 
1 0 0 1 0 0 0 0 2 0 1 0 1 1 1 1 0 1 1 1 1 1 1 1 1 1 0 1 1 0 1 1 1 1 1 1 0 1 0 0 1 1 0 1 1 1 1 1 0 1 1 0 0 
1 0 0 1 0 0 0 0 2 1 0 0 1 1 1 1 0 1 1 1 1 1 1 1 1 1 0 1 1 0 1 1 1 1 1 1 0 0 1 0 1 1 0 1 1 1 1 1 0 1 1 1 0 
1 0 0 1 0 0 0 0 2 1 0 0 1 1 1 1 0 1 1 1 1 1 1 1 1 1 0 1 1 0 1 1 1 1 1 1 0 0 1 0 1 1 0 1 1 1 1 1 0 1 1 1 1 

** Open/close/exp size (steps): 1/2/1 (5)
Unable to resolve collision between groups 0 and 4.
Merging groups 0 and 4.
Searching solution for merged group 0+4.
Open/close/exp size (steps): 393/220/393 (1789)
Open/close/exp size (steps): 1268/590/1268 (2159)
Open/close/exp size (steps): 1598/1034/1598 (2603)
Open/close/exp size (steps): 1996/1567/1996 (3136)
Open/close/exp size (steps): 1961/2207/1961 (3776)
Open/close/exp size (steps): 3224/2975/3224 (4544)
Open/close/exp size (steps): 4679/3897/4679 (5466)
Open/close/exp size (steps): 7276/5004/7276 (6573)
Open/close/exp size (steps): 6639/6333/6639 (7902)
Open/close/exp size (steps): 10333/7928/10333 (9497)
Open/close/exp size (steps): 10097/9842/10097 (11411)
Open/close/exp size (steps): 9315/12139/9315 (13708)
Open/close/exp size (steps): 13618/14896/13618 (16465)
Open/close/exp size (steps): 16786/18205/16786 (19774)
Open/close/exp size (steps): 20941/22176/20941 (23745)
Open/close/exp size (steps): 30093/26942/30093 (28511)
Open/close/exp size (steps): 25171/32662/25171 (34231)
Open/close/exp size (steps): 34324/39526/34324 (41095)
Open/close/exp size (steps): 30614/47763/30614 (49332)
Open/close/exp size (steps): 26444/57648/26444 (59217)
Open/close/exp size (steps): 39177/69510/39177 (71079)
Open/close/exp size (steps): 54263/83745/54263 (85314)
Open/close/exp size (steps): 66616/100827/66616 (102396)
Open/close/exp size (steps): 62711/121326/62711 (122895)
Open/close/exp size (steps): 68722/145925/68722 (147494)
Open/close/exp size (steps): 69482/175444/69482 (177013)
Open/close/exp size (steps): 78875/210867/78875 (212436)
0 0 0 0 0 0 0 0 0 0 0 0 0 0 0 0 0 0 0 0 0 3 0 0 1 0 0 0 0 0 0 2 0 0 0 0 0 0 0 0 0 0 0 0 0 0 0 0 0 0 0 0 0 
0 0 0 0 0 0 0 0 0 0 0 0 0 0 0 0 0 0 0 0 0 3 0 1 0 0 0 0 0 0 2 0 0 0 0 0 0 0 0 0 0 0 0 0 0 0 0 0 0 0 0 0 0 
0 0 0 0 0 0 0 0 0 0 0 0 0 0 0 0 0 0 0 0 0 3 2 0 0 0 0 0 0 0 0 1 0 0 0 0 0 0 0 0 0 0 0 0 0 0 0 0 0 0 0 0 0 
0 0 0 0 0 0 0 0 0 0 0 0 0 0 0 0 2 0 0 0 0 3 0 0 0 0 0 0 0 0 1 0 0 0 0 0 0 0 0 0 0 0 0 0 0 0 0 0 0 0 0 0 0 
0 0 0 0 0 0 0 0 0 0 0 2 0 0 0 0 0 0 0 0 0 0 3 0 0 0 0 0 0 0 0 0 0 0 0 0 1 0 0 0 0 0 0 0 0 0 0 0 0 0 0 0 0 
0 0 0 0 0 0 0 0 0 0 2 0 0 0 0 0 3 0 0 0 0 0 0 0 0 0 0 0 0 0 0 0 0 0 0 0 0 0 0 0 0 0 0 1 0 0 0 0 0 0 0 0 0 
0 0 0 0 0 0 0 0 0 2 0 0 0 0 0 0 3 0 0 0 0 0 0 0 0 0 0 0 0 0 0 0 0 0 0 0 0 0 0 0 0 0 0 1 0 0 0 0 0 0 0 0 0 
0 0 0 0 0 0 0 0 2 0 0 0 0 0 0 0 3 0 0 0 0 0 0 0 0 0 0 0 0 0 0 0 0 0 0 0 0 0 0 0 0 0 0 0 0 0 0 0 0 0 1 0 0 

0 0 0 0 0 0 0 0 0 0 0 0 0 0 0 0 0 0 0 0 0 3 0 0 1 0 0 0 0 0 0 2 0 0 0 0 0 0 0 0 0 0 0 0 0 0 0 0 0 0 0 0 0 
0 0 0 0 0 0 0 0 0 0 0 0 0 0 0 0 0 0 0 0 0 3 0 1 0 0 0 0 0 0 2 0 0 0 0 0 0 0 0 0 0 0 0 0 0 0 0 0 0 0 0 0 0 
0 0 0 0 0 0 0 0 0 0 0 0 0 0 0 0 0 0 0 0 0 3 2 0 0 0 0 0 0 0 0 1 0 0 0 0 0 0 0 0 0 0 0 0 0 0 0 0 0 0 0 0 0 
0 0 0 0 0 0 0 0 0 0 0 0 0 0 0 0 2 0 0 0 0 3 0 0 0 0 0 0 0 0 1 0 0 0 0 0 0 0 0 0 0 0 0 0 0 0 0 0 0 0 0 0 0 
0 0 0 0 0 0 0 0 0 0 0 2 0 0 0 0 0 0 0 0 0 0 3 0 0 0 0 0 0 0 0 0 0 0 0 0 1 0 0 0 0 0 0 0 0 0 0 0 0 0 0 0 0 
0 0 0 0 0 0 0 0 0 0 2 0 0 0 0 0 3 0 0 0 0 0 0 0 0 0 0 0 0 0 0 0 0 0 0 0 0 0 0 0 0 0 0 1 0 0 0 0 0 0 0 0 0 
0 0 0 0 0 0 0 0 0 2 0 0 0 0 0 0 3 0 0 0 0 0 0 0 0 0 0 0 0 0 0 0 0 0 0 0 0 0 0 0 0 0 0 1 0 0 0 0 0 0 0 0 0 
0 0 0 0 0 0 0 0 2 0 0 0 0 0 0 0 3 0 0 0 0 0 0 0 0 0 0 0 0 0 0 0 0 0 0 0 0 0 0 0 0 0 0 0 0 0 0 0 0 0 1 0 0 
0 0 0 0 0 0 0 0 2 0 0 0 0 0 0 0 3 0 0 0 0 0 0 0 0 0 0 0 0 0 0 0 0 0 0 0 0 0 0 0 0 0 0 0 0 0 0 0 0 0 1 0 0 

0 0 0 0 0 0 0 0 0 0 0 0 0 0 0 0 0 0 0 0 0 3 0 0 1 0 0 0 0 0 0 2 0 0 0 0 0 0 0 0 0 0 0 0 0 0 0 0 0 0 0 0 0 
0 0 0 0 0 0 0 0 0 0 0 0 0 0 0 0 0 0 0 0 0 3 0 1 0 0 0 0 0 0 2 0 0 0 0 0 0 0 0 0 0 0 0 0 0 0 0 0 0 0 0 0 0 
0 0 0 0 0 0 0 0 0 0 0 0 0 0 0 0 0 0 0 0 0 3 2 0 0 0 0 0 0 0 0 1 0 0 0 0 0 0 0 0 0 0 0 0 0 0 0 0 0 0 0 0 0 
0 0 0 0 0 0 0 0 0 0 0 0 0 0 0 0 2 0 0 0 0 3 0 0 0 0 0 0 0 0 1 0 0 0 0 0 0 0 0 0 0 0 0 0 0 0 0 0 0 0 0 0 0 
0 0 0 0 0 0 0 0 0 0 0 2 0 0 0 0 0 0 0 0 0 0 3 0 0 0 0 0 0 0 0 0 0 0 0 0 1 0 0 0 0 0 0 0 0 0 0 0 0 0 0 0 0 
0 0 0 0 0 0 0 0 0 0 2 0 0 0 0 0 3 0 0 0 0 0 0 0 0 0 0 0 0 0 0 0 0 0 0 0 0 0 0 0 0 0 0 1 0 0 0 0 0 0 0 0 0 
0 0 0 0 0 0 0 0 0 2 0 0 0 0 0 0 3 0 0 0 0 0 0 0 0 0 0 0 0 0 0 0 0 0 0 0 0 0 0 0 0 0 0 1 0 0 0 0 0 0 0 0 0 
0 0 0 0 0 0 0 0 2 0 0 0 0 0 0 0 3 0 0 0 0 0 0 0 0 0 0 0 0 0 0 0 0 0 0 0 0 0 0 0 0 0 0 0 0 0 0 0 0 0 1 0 0 

0 0 0 0 0 0 0 0 0 0 0 0 0 0 0 0 0 0 0 0 0 3 0 0 1 0 0 0 0 0 0 2 0 0 0 0 0 0 0 0 0 0 0 0 0 0 0 0 0 0 0 0 0 
0 0 0 0 0 0 0 0 0 0 0 0 0 0 0 0 0 0 0 0 0 3 0 1 0 0 0 0 0 0 2 0 0 0 0 0 0 0 0 0 0 0 0 0 0 0 0 0 0 0 0 0 0 
0 0 0 0 0 0 0 0 0 0 0 0 0 0 0 0 0 0 0 0 0 3 2 0 0 0 0 0 0 0 0 1 0 0 0 0 0 0 0 0 0 0 0 0 0 0 0 0 0 0 0 0 0 
0 0 0 0 0 0 0 0 0 0 0 0 0 0 0 0 2 0 0 0 0 3 0 0 0 0 0 0 0 0 1 0 0 0 0 0 0 0 0 0 0 0 0 0 0 0 0 0 0 0 0 0 0 
0 0 0 0 0 0 0 0 0 0 0 2 0 0 0 0 0 0 0 0 0 0 3 0 0 0 0 0 0 0 0 0 0 0 0 0 1 0 0 0 0 0 0 0 0 0 0 0 0 0 0 0 0 
0 0 0 0 0 0 0 0 0 0 2 0 0 0 0 0 3 0 0 0 0 0 0 0 0 0 0 0 0 0 0 0 0 0 0 0 0 0 0 0 0 0 0 1 0 0 0 0 0 0 0 0 0 
0 0 0 0 0 0 0 0 0 2 0 0 0 0 0 0 3 0 0 0 0 0 0 0 0 0 0 0 0 0 0 0 0 0 0 0 0 0 0 0 0 0 0 1 0 0 0 0 0 0 0 0 0 
0 0 0 0 0 0 0 0 2 0 0 0 0 0 0 0 3 0 0 0 0 0 0 0 0 0 0 0 0 0 0 0 0 0 0 0 0 0 0 0 0 0 0 0 0 0 0 0 0 0 1 0 0 

Groups 0 and 4 collide.
Solution of group 0
Mulirobot solution: (|moves| = 15, paralellism = 2.143) [
    Step 0: 1#24->23 2#31->30 
    Step 1: 1#23->31 2#30->22 
    Step 2: 1#31->30 2#22->16 
    Step 3: 1#30->36 2#16->11 3#21->22 
    Step 4: 1#36->43 2#11->10 3#22->16 
    Step 5: 2#10->9 
    Step 6: 1#43->50 2#9->8 
]
Solution of group 4
Mulirobot solution: (|moves| = 7, paralellism = 1.000) [
    Step 0: 1#33->27 
    Step 1: 1#27->28 
    Step 2: 1#28->20 
    Step 3: 1#20->21 
    Step 4: 1#21->22 
    Step 5: 1#22->23 
    Step 6: 1#23->24 
]
Occupation table complementary for group 0
0 1 1 1 1 1 0 1 1 0 0 1 0 1 0 1 0 0 1 1 1 0 1 1 0 1 1 1 1 0 1 0 0 1 1 1 1 1 1 1 1 1 0 0 0 1 1 1 1 0 1 1 0 
0 0 1 0 0 0 0 1 1 1 1 0 1 0 1 0 1 0 1 0 0 0 1 0 0 1 1 1 1 0 1 1 1 1 1 0 0 1 0 0 0 1 1 1 1 0 1 1 0 0 0 0 0 
0 1 0 0 0 0 0 1 0 1 1 1 0 0 1 0 0 0 0 1 0 1 0 1 0 1 1 1 1 0 0 1 0 0 1 0 1 1 0 0 1 1 0 1 0 0 1 0 0 0 0 0 0 
1 1 0 0 0 0 0 0 1 0 1 1 0 0 0 0 1 1 1 1 1 0 0 1 0 0 1 1 1 0 0 1 0 1 1 1 0 0 0 0 0 1 0 0 1 0 1 0 1 0 0 0 0 
1 0 1 0 0 0 0 1 0 1 0 1 0 1 0 0 1 1 0 1 1 1 1 1 0 0 1 1 1 0 1 1 0 0 1 1 0 0 0 0 1 0 1 0 0 1 1 0 0 1 0 0 0 
1 0 0 1 0 0 0 0 1 0 0 0 0 1 1 0 1 1 0 1 1 1 1 0 0 0 0 1 1 1 1 1 0 1 1 1 0 0 0 0 0 0 0 1 0 1 1 1 0 1 0 0 0 
1 0 0 1 0 0 0 1 0 0 0 0 1 1 1 1 0 1 1 0 1 1 1 1 0 0 0 1 1 1 1 1 0 1 1 1 1 0 0 0 1 0 0 1 0 1 1 1 0 1 0 0 0 
1 0 0 1 0 0 0 0 0 0 0 0 1 1 1 1 1 1 1 0 1 1 0 1 1 0 0 1 1 0 1 1 0 1 1 1 1 0 0 0 1 1 0 1 0 1 1 1 0 1 0 0 0 
1 0 0 1 0 0 0 0 0 0 0 1 1 1 1 1 0 1 1 1 1 1 1 1 1 1 1 1 1 0 1 1 0 1 1 1 1 0 0 0 1 1 0 1 1 1 1 1 0 1 0 0 0 
1 0 0 1 0 0 0 0 0 0 1 0 1 1 1 1 0 1 1 1 1 1 1 1 1 1 0 1 1 0 1 1 1 1 1 1 0 1 0 0 1 1 0 1 1 1 1 1 0 1 1 0 0 
1 0 0 1 0 0 0 0 0 1 0 0 1 1 1 1 0 1 1 1 1 1 1 1 1 1 0 1 1 0 1 1 1 1 1 1 0 0 1 0 1 1 0 1 1 1 1 1 0 1 1 1 0 
1 0 0 1 0 0 0 0 0 1 0 0 1 1 1 1 0 1 1 1 1 1 1 1 1 1 0 1 1 0 1 1 1 1 1 1 0 0 1 0 1 1 0 1 1 1 1 1 0 1 0 1 1 

Occupation table complementary for group 4
0 1 1 1 1 1 0 1 1 0 0 1 0 1 0 1 0 0 1 1 1 3 1 1 1 1 1 1 1 0 1 2 0 0 1 1 1 1 1 1 1 1 0 0 0 1 1 1 1 0 1 1 0 
0 0 1 0 0 0 0 1 1 1 1 0 1 0 1 0 1 0 1 0 0 3 1 1 0 1 1 1 1 0 1 1 1 1 1 0 0 1 0 0 0 1 1 1 1 0 1 1 0 0 0 0 0 
0 1 0 0 0 0 0 1 0 1 1 1 0 0 1 0 0 0 0 1 0 1 2 1 0 1 1 1 1 0 0 1 0 0 1 0 1 1 0 0 1 1 0 1 0 0 1 0 0 0 0 0 0 
1 1 0 0 0 0 0 0 1 0 1 1 0 0 0 0 1 1 1 1 1 3 0 1 0 0 1 1 1 0 1 1 0 1 1 1 0 0 0 0 0 1 0 0 1 0 1 0 1 0 0 terminate called after throwing an instance of 'St9bad_alloc'
  what():  std::bad_alloc
0 0 
1 0 1 0 0 0 0 1 0 1 0 1 0 1 0 0 1 1 0 1 1 1 1 1 0 0 1 1 1 0 1 1 0 0 1 1 1 0 0 0 1 0 1 0 0 1 1 0 0 1 0 0 0 
1 0 0 1 0 0 0 0 1 0 2 0 0 1 1 0 1 1 0 1 1 1 1 0 0 0 0 1 1 1 1 1 0 1 1 1 0 0 0 0 0 0 0 1 0 1 1 1 0 1 0 0 0 
1 0 0 1 0 0 0 1 0 2 0 0 1 1 1 1 3 1 1 0 1 1 1 1 0 0 0 1 1 1 1 1 0 1 1 1 1 0 0 0 1 0 0 1 0 1 1 1 0 1 0 0 0 
1 0 0 1 0 0 0 0 2 0 0 0 1 1 1 1 1 1 1 0 1 1 0 1 0 0 0 1 1 0 1 1 0 1 1 1 1 0 0 0 1 1 0 1 0 1 1 1 0 1 1 0 0 
1 0 0 1 0 0 0 0 2 0 0 1 1 1 1 1 3 1 1 1 1 1 1 1 0 1 1 1 1 0 1 1 0 1 1 1 1 0 0 0 1 1 0 1 1 1 1 1 0 1 1 0 0 
1 0 0 1 0 0 0 0 2 0 1 0 1 1 1 1 3 1 1 1 1 1 1 1 0 1 0 1 1 0 1 1 1 1 1 1 0 1 0 0 1 1 0 1 1 1 1 1 0 1 1 0 0 
1 0 0 1 0 0 0 0 2 1 0 0 1 1 1 1 3 1 1 1 1 1 1 1 0 1 0 1 1 0 1 1 1 1 1 1 0 0 1 0 1 1 0 1 1 1 1 1 0 1 1 1 0 
1 0 0 1 0 0 0 0 2 1 0 0 1 1 1 1 3 1 1 1 1 1 1 1 0 1 0 1 1 0 1 1 1 1 1 1 0 0 1 0 1 1 0 1 1 1 1 1 0 1 1 1 1 

Unable to resolve collision between groups 0 and 4.
Merging groups 0 and 4.
Searching solution for merged group 0+4.
Open/close/exp size (steps): 21958/18737/21958 (254944)
Open/close/exp size (steps): 65063/69747/65063 (305954)
Open/close/exp size (steps): 114593/130959/114593 (367166)
Open/close/exp size (steps): 170145/204414/170145 (440621)
Open/close/exp size (steps): 166347/292560/166347 (528767)
Open/close/exp size (steps): 458012/398336/458012 (634543)
Aborted (core dumped)
