================================================================
reLOC 0.13-odaiba : Multirobot Solver
(C) Copyright 2016 Pavel Surynek
----------------------------------------------------------------
Reading graph...
Reading graph... FINISHED
Reading initial arrangement...
Reading initial arrangement... FINISHED.
Reading goal arrangement...
Reading goal arrangement... FINISHED.
Building instance...
Building instance... FINISHED.
Open/close/exp size (steps): 5/1/5 (2)
Open/close/exp size (steps): 6/2/6 (5)
Open/close/exp size (steps): 15/6/15 (9)
Open/close/exp size (steps): 24/11/24 (14)
Open/close/exp size (steps): 4/1/4 (20)
Open/close/exp size (steps): 21/5/21 (28)
Open/close/exp size (steps): 42/15/42 (38)
Open/close/exp size (steps): 62/27/62 (50)
Open/close/exp size (steps): 21/5/21 (65)
Open/close/exp size (steps): 7/2/7 (83)
Open/close/exp size (steps): 18/5/18 (105)
Open/close/exp size (steps): 8/2/8 (132)
Open/close/exp size (steps): 8/2/8 (165)
Open/close/exp size (steps): 8/2/8 (205)
Open/close/exp size (steps): 6/2/6 (253)
Open/close/exp size (steps): 35/14/35 (311)
Open/close/exp size (steps): 76/37/76 (381)
Open/close/exp size (steps): 88/44/88 (465)
0 0 0 0 0 0 0 0 0 0 0 0 0 0 0 0 0 0 0 0 0 1 0 0 0 0 0 0 0 0 0 0 0 0 0 0 0 0 0 0 0 0 0 0 0 0 0 0 0 0 0 0 0 0 0 0 0 
0 0 0 0 0 0 0 0 0 0 0 0 0 0 0 1 0 0 0 0 0 0 0 0 0 0 0 0 0 0 0 0 0 0 0 0 0 0 0 0 0 0 0 0 0 0 0 0 0 0 0 0 0 0 0 0 0 
0 0 0 0 0 0 0 0 0 0 0 0 0 0 1 0 0 0 0 0 0 0 0 0 0 0 0 0 0 0 0 0 0 0 0 0 0 0 0 0 0 0 0 0 0 0 0 0 0 0 0 0 0 0 0 0 0 
0 0 0 0 0 0 0 0 0 0 0 0 0 0 1 0 0 0 0 0 0 0 0 0 0 0 0 0 0 0 0 0 0 0 0 0 0 0 0 0 0 0 0 0 0 0 0 0 0 0 0 0 0 0 0 0 0 
0 0 0 0 0 0 0 0 0 0 0 0 0 0 1 0 0 0 0 0 0 0 0 0 0 0 0 0 0 0 0 0 0 0 0 0 0 0 0 0 0 0 0 0 0 0 0 0 0 0 0 0 0 0 0 0 0 
0 0 0 0 0 0 0 0 0 0 0 0 0 0 1 0 0 0 0 0 0 0 0 0 0 0 0 0 0 0 0 0 0 0 0 0 0 0 0 0 0 0 0 0 0 0 0 0 0 0 0 0 0 0 0 0 0 
0 0 0 0 0 0 0 0 0 0 0 0 0 0 1 0 0 0 0 0 0 0 0 0 0 0 0 0 0 0 0 0 0 0 0 0 0 0 0 0 0 0 0 0 0 0 0 0 0 0 0 0 0 0 0 0 0 
0 0 0 0 0 0 0 0 0 0 0 0 0 0 1 0 0 0 0 0 0 0 0 0 0 0 0 0 0 0 0 0 0 0 0 0 0 0 0 0 0 0 0 0 0 0 0 0 0 0 0 0 0 0 0 0 0 

0 0 0 0 0 0 0 0 0 0 0 0 0 0 0 0 0 0 0 0 0 1 0 0 0 0 0 0 0 0 0 0 0 0 0 0 0 0 0 0 0 0 0 0 0 0 0 0 0 0 0 0 0 0 0 0 0 
0 0 0 0 0 0 0 0 0 0 0 0 0 0 0 1 0 0 0 0 0 0 0 0 0 0 0 0 0 0 0 0 0 0 0 0 0 0 0 0 0 0 0 0 0 0 0 0 0 0 0 0 0 0 0 0 0 
0 0 0 0 0 0 0 0 0 0 0 0 0 0 1 0 0 0 0 0 0 0 0 0 0 0 0 0 0 0 0 0 0 0 0 0 0 0 0 0 0 0 0 0 0 0 0 0 0 0 0 0 0 0 0 0 0 
0 0 0 0 0 0 0 0 0 0 0 0 0 0 1 0 0 0 0 0 0 0 0 0 0 0 0 0 0 0 0 0 0 0 0 0 0 0 0 0 0 0 0 0 0 0 0 0 0 0 0 0 0 0 0 0 0 

0 0 0 0 0 0 0 0 0 0 0 0 0 0 0 0 0 0 0 0 0 1 0 0 0 0 0 0 0 0 0 0 0 0 0 0 0 0 0 0 0 0 0 0 0 0 0 0 0 0 0 0 0 0 0 0 0 
0 0 0 0 0 0 0 0 0 0 0 0 0 0 0 1 0 0 0 0 0 0 0 0 0 0 0 0 0 0 0 0 0 0 0 0 0 0 0 0 0 0 0 0 0 0 0 0 0 0 0 0 0 0 0 0 0 
0 0 0 0 0 0 0 0 0 0 0 0 0 0 1 0 0 0 0 0 0 0 0 0 0 0 0 0 0 0 0 0 0 0 0 0 0 0 0 0 0 0 0 0 0 0 0 0 0 0 0 0 0 0 0 0 0 
0 0 0 0 0 0 0 0 0 0 0 0 0 0 1 0 0 0 0 0 0 0 0 0 0 0 0 0 0 0 0 0 0 0 0 0 0 0 0 0 0 0 0 0 0 0 0 0 0 0 0 0 0 0 0 0 0 
0 0 0 0 0 0 0 0 0 0 0 0 0 0 1 0 0 0 0 0 0 0 0 0 0 0 0 0 0 0 0 0 0 0 0 0 0 0 0 0 0 0 0 0 0 0 0 0 0 0 0 0 0 0 0 0 0 
0 0 0 0 0 0 0 0 0 0 0 0 0 0 1 0 0 0 0 0 0 0 0 0 0 0 0 0 0 0 0 0 0 0 0 0 0 0 0 0 0 0 0 0 0 0 0 0 0 0 0 0 0 0 0 0 0 
0 0 0 0 0 0 0 0 0 0 0 0 0 0 1 0 0 0 0 0 0 0 0 0 0 0 0 0 0 0 0 0 0 0 0 0 0 0 0 0 0 0 0 0 0 0 0 0 0 0 0 0 0 0 0 0 0 
0 0 0 0 0 0 0 0 0 0 0 0 0 0 1 0 0 0 0 0 0 0 0 0 0 0 0 0 0 0 0 0 0 0 0 0 0 0 0 0 0 0 0 0 0 0 0 0 0 0 0 0 0 0 0 0 0 
0 0 0 0 0 0 0 0 0 0 0 0 0 0 1 0 0 0 0 0 0 0 0 0 0 0 0 0 0 0 0 0 0 0 0 0 0 0 0 0 0 0 0 0 0 0 0 0 0 0 0 0 0 0 0 0 0 
0 0 0 0 0 0 0 0 0 0 0 0 0 0 1 0 0 0 0 0 0 0 0 0 0 0 0 0 0 0 0 0 0 0 0 0 0 0 0 0 0 0 0 0 0 0 0 0 0 0 0 0 0 0 0 0 0 

0 0 0 0 0 0 0 0 0 0 0 0 0 0 0 0 0 0 0 0 0 1 0 0 0 0 0 0 0 0 0 0 0 0 0 0 0 0 0 0 0 0 0 0 0 0 0 0 0 0 0 0 0 0 0 0 0 
0 0 0 0 0 0 0 0 0 0 0 0 0 0 0 1 0 0 0 0 0 0 0 0 0 0 0 0 0 0 0 0 0 0 0 0 0 0 0 0 0 0 0 0 0 0 0 0 0 0 0 0 0 0 0 0 0 
0 0 0 0 0 0 0 0 0 0 0 0 0 0 1 0 0 0 0 0 0 0 0 0 0 0 0 0 0 0 0 0 0 0 0 0 0 0 0 0 0 0 0 0 0 0 0 0 0 0 0 0 0 0 0 0 0 
0 0 0 0 0 0 0 0 0 0 0 0 0 0 1 0 0 0 0 0 0 0 0 0 0 0 0 0 0 0 0 0 0 0 0 0 0 0 0 0 0 0 0 0 0 0 0 0 0 0 0 0 0 0 0 0 0 
0 0 0 0 0 0 0 0 0 0 0 0 0 0 1 0 0 0 0 0 0 0 0 0 0 0 0 0 0 0 0 0 0 0 0 0 0 0 0 0 0 0 0 0 0 0 0 0 0 0 0 0 0 0 0 0 0 
0 0 0 0 0 0 0 0 0 0 0 0 0 0 1 0 0 0 0 0 0 0 0 0 0 0 0 0 0 0 0 0 0 0 0 0 0 0 0 0 0 0 0 0 0 0 0 0 0 0 0 0 0 0 0 0 0 
0 0 0 0 0 0 0 0 0 0 0 0 0 0 1 0 0 0 0 0 0 0 0 0 0 0 0 0 0 0 0 0 0 0 0 0 0 0 0 0 0 0 0 0 0 0 0 0 0 0 0 0 0 0 0 0 0 
0 0 0 0 0 0 0 0 0 0 0 0 0 0 1 0 0 0 0 0 0 0 0 0 0 0 0 0 0 0 0 0 0 0 0 0 0 0 0 0 0 0 0 0 0 0 0 0 0 0 0 0 0 0 0 0 0 

Groups 0 and 4 collide.
Solution of group 0
Mulirobot solution: (|moves| = 2, paralellism = 1.000) [
    Step 0: 1#21->15 
    Step 1: 1#15->14 
]
Solution of group 4
Mulirobot solution: (|moves| = 7, paralellism = 1.000) [
    Step 0: 1#8->15 
    Step 1: 1#15->21 
    Step 2: 1#21->29 
    Step 3: 1#29->30 
    Step 4: 1#30->36 
    Step 5: 1#36->37 
    Step 6: 1#37->38 
]
Occupation table complementary for group 0
1 1 1 0 1 0 0 1 1 0 0 1 1 1 0 1 1 1 1 1 1 0 1 1 1 0 0 0 1 1 0 1 1 1 1 0 1 0 1 1 1 0 0 1 0 1 1 1 1 0 1 0 1 0 1 0 1 
0 1 0 1 0 0 0 1 1 0 1 1 1 0 1 1 1 1 1 0 0 0 1 0 1 1 1 0 0 0 1 0 1 1 1 1 0 1 0 1 1 0 0 1 1 1 0 1 0 1 0 0 0 0 0 0 0 
1 0 1 0 0 0 0 1 0 1 1 1 0 0 1 1 0 1 1 1 1 1 0 1 0 1 1 0 0 0 0 1 0 1 1 0 1 0 0 1 0 0 1 0 1 1 0 1 1 0 0 0 1 0 0 0 0 
1 0 0 0 0 0 0 1 0 1 1 1 1 1 0 1 1 1 1 0 1 0 1 1 1 1 0 0 1 1 0 1 1 1 1 0 1 1 0 1 0 0 0 1 0 0 1 1 0 0 0 0 1 0 0 0 0 
0 1 0 0 0 0 0 0 0 1 0 1 1 1 1 1 1 0 1 0 0 0 1 1 1 1 0 0 1 0 1 1 1 1 1 1 0 0 1 0 1 0 0 0 0 0 1 1 0 0 1 0 1 0 0 0 0 
0 1 0 0 0 1 0 0 1 0 0 1 1 1 0 1 1 0 1 0 1 0 1 1 1 1 1 0 0 0 0 1 1 1 1 1 1 0 0 1 1 0 1 0 0 1 1 1 0 0 1 0 1 0 0 0 0 
0 1 0 0 1 1 0 0 1 0 1 0 1 1 0 1 1 1 1 0 0 1 1 1 1 0 1 0 1 0 1 1 1 1 1 0 0 1 0 0 1 0 1 1 1 0 1 1 0 0 1 0 1 0 0 0 0 
0 1 0 1 0 1 0 0 1 1 0 0 1 1 0 1 1 1 1 0 1 0 1 1 1 0 1 1 0 1 1 1 1 1 1 1 1 1 1 0 1 1 0 1 1 0 1 1 0 0 1 0 1 0 0 0 0 
0 1 1 0 0 1 0 0 1 0 1 0 1 1 0 1 1 1 1 0 1 0 1 1 1 0 1 1 0 1 1 1 1 1 1 0 1 1 1 0 1 1 1 0 1 0 1 1 0 0 1 1 1 0 0 0 0 
0 1 0 0 0 1 0 1 1 0 0 1 1 1 0 1 1 1 1 0 1 0 1 1 1 0 1 1 0 1 1 1 1 1 1 0 1 1 1 0 1 1 1 0 1 1 1 1 0 0 1 1 1 0 0 0 0 
1 1 0 0 0 1 0 1 1 0 0 1 1 1 0 1 1 1 1 0 1 0 1 1 1 0 1 1 0 1 1 1 1 1 1 0 1 1 1 0 1 1 1 0 1 0 1 1 0 0 1 1 1 0 0 0 0 
1 1 0 0 0 1 0 1 1 0 0 1 1 1 0 1 1 1 1 0 1 0 1 1 1 0 1 1 0 1 1 1 1 1 1 0 1 1 1 0 1 1 1 0 1 0 1 1 0 0 1 1 1 0 0 0 0 
1 1 0 0 0 1 0 1 1 0 0 1 1 1 0 1 1 1 1 0 1 0 1 1 1 0 1 1 0 1 1 1 1 1 1 0 1 1 1 0 1 1 1 0 1 0 1 1 1 0 1 1 1 0 0 0 0 
1 1 0 0 0 1 0 1 1 0 0 1 1 1 0 1 1 1 1 0 1 0 1 1 1 0 1 1 0 1 1 1 1 1 1 0 1 1 1 0 1 1 1 0 1 0 1 1 0 1 1 1 1 0 0 0 0 

Occupation table complementary for group 4
1 1 1 0 1 0 0 1 0 0 0 1 1 1 0 1 1 1 1 1 1 1 1 1 1 0 0 0 1 1 0 1 1 1 1 0 1 0 1 1 1 0 0 1 0 1 1 1 1 0 1 0 1 0 1 0 1 
0 1 0 1 0 0 0 1 1 0 1 1 1 0 1 1 1 1 1 0 0 0 1 0 1 1 1 0 0 0 1 0 1 1 1 1 0 1 0 1 1 0 0 1 1 1 0 1 0 1 0 0 0 0 0 0 0 
1 0 1 0 0 0 0 1 0 1 1 1 0 0 1 1 0 1 1 1 1 0 0 1 0 1 1 0 0 0 0 1 0 1 1 0 1 0 0 1 0 0 1 0 1 1 0 1 1 0 0 0 1 0 0 0 0 
1 0 0 0 0 0 0 1 0 1 1 1 1 1 1 1 1 1 1 0 1 0 1 1 1 1 0 0 1 0 0 1 1 1 1 0 1 1 0 1 0 0 0 1 0 0 1 1 0 0 0 0 1 0 0 0 0 
0 1 0 0 0 0 0 0 0 1 0 1 1 1 1 1 1 0 1 0 0 0 1 1 1 1 0 0 1 0 1 1 1 1 1 1 0 0 1 0 1 0 0 0 0 0 1 1 0 0 1 0 1 0 0 0 0 
0 1 0 0 0 1 0 0 1 0 0 1 1 1 1 1 1 0 1 0 1 0 1 1 1 1 1 0 0 0 0 1 1 1 1 1 0 0 0 1 1 0 1 0 0 1 1 1 0 0 1 0 1 0 0 0 0 
0 1 0 0 1 1 0 0 1 0 1 0 1 1 1 1 1 1 1 0 0 1 1 1 1 0 1 0 1 0 1 1 1 1 1 0 0 1 0 0 1 0 1 1 1 0 1 1 0 0 1 0 1 0 0 0 0 
0 1 0 1 0 1 0 0 1 1 0 0 1 1 1 1 1 1 1 0 1 0 1 1 1 0 1 1 0 1 1 1 1 1 1 1 1 1 0 0 1 1 0 1 1 0 1 1 0 0 1 0 1 0 0 0 0 
0 1 1 0 0 1 0 0 1 0 1 0 1 1 1 1 1 1 1 0 1 0 1 1 1 0 1 1 0 1 1 1 1 1 1 0 1 1 0 0 1 1 1 0 1 0 1 1 0 0 1 1 1 0 0 0 0 
0 1 0 0 0 1 0 1 1 0 0 1 1 1 1 1 1 1 1 0 1 0 1 1 1 0 1 1 0 1 1 1 1 1 1 0 1 1 0 0 1 1 1 0 1 1 1 1 0 0 1 1 1 0 0 0 0 
1 1 0 0 0 1 0 1 1 0 0 1 1 1 1 1 1 1 1 0 1 0 1 1 1 0 1 1 0 1 1 1 1 1 1 0 1 1 0 0 1 1 1 0 1 0 1 1 0 0 1 1 1 0 0 0 0 
1 1 0 0 0 1 0 1 1 0 0 1 1 1 1 1 1 1 1 0 1 0 1 1 1 0 1 1 0 1 1 1 1 1 1 0 1 1 0 0 1 1 1 0 1 0 1 1 0 0 1 1 1 0 0 0 0 
1 1 0 0 0 1 0 1 1 0 0 1 1 1 1 1 1 1 1 0 1 0 1 1 1 0 1 1 0 1 1 1 1 1 1 0 1 1 0 0 1 1 1 0 1 0 1 1 1 0 1 1 1 0 0 0 0 
1 1 0 0 0 1 0 1 1 0 0 1 1 1 1 1 1 1 1 0 1 0 1 1 1 0 1 1 0 1 1 1 1 1 1 0 1 1 0 0 1 1 1 0 1 0 1 1 0 1 1 1 1 0 0 0 0 

Unable to resolve collision between groups 0 and 4.
Merging groups 0 and 4.
Searching solution for merged group 0+4.
Open/close/exp size (steps): 121/73/121 (566)
Open/close/exp size (steps): 174/195/174 (688)
Open/close/exp size (steps): 402/342/402 (835)
Open/close/exp size (steps): 418/519/418 (1012)
Open/close/exp size (steps): 608/732/608 (1225)
Open/close/exp size (steps): 364/988/364 (1481)
Open/close/exp size (steps): 692/1296/692 (1789)
Open/close/exp size (steps): 415/1666/415 (2159)
Open/close/exp size (steps): 555/2110/555 (2603)
Open/close/exp size (steps): 1013/2643/1013 (3136)
Open/close/exp size (steps): 1200/3283/1200 (3776)
Open/close/exp size (steps): 766/4051/766 (4544)
0 0 0 0 0 0 0 0 2 0 0 0 0 0 0 0 0 0 0 0 0 1 0 0 0 0 0 0 0 0 0 0 0 0 0 0 0 0 0 0 0 0 0 0 0 0 0 0 0 0 0 0 0 0 0 0 0 
0 0 0 0 0 0 0 0 0 2 0 0 0 0 0 1 0 0 0 0 0 0 0 0 0 0 0 0 0 0 0 0 0 0 0 0 0 0 0 0 0 0 0 0 0 0 0 0 0 0 0 0 0 0 0 0 0 
0 0 0 0 0 0 0 0 0 0 0 0 0 0 1 0 2 0 0 0 0 0 0 0 0 0 0 0 0 0 0 0 0 0 0 0 0 0 0 0 0 0 0 0 0 0 0 0 0 0 0 0 0 0 0 0 0 
0 0 0 0 0 0 0 0 0 0 0 0 0 0 1 0 0 0 0 0 0 0 2 0 0 0 0 0 0 0 0 0 0 0 0 0 0 0 0 0 0 0 0 0 0 0 0 0 0 0 0 0 0 0 0 0 0 
0 0 0 0 0 0 0 0 0 0 0 0 0 0 1 0 0 0 0 0 0 0 0 0 0 0 0 0 0 0 2 0 0 0 0 0 0 0 0 0 0 0 0 0 0 0 0 0 0 0 0 0 0 0 0 0 0 
0 0 0 0 0 0 0 0 0 0 0 0 0 0 1 0 0 0 0 0 0 0 0 0 0 0 0 0 0 0 0 0 0 0 0 0 2 0 0 0 0 0 0 0 0 0 0 0 0 0 0 0 0 0 0 0 0 
0 0 0 0 0 0 0 0 0 0 0 0 0 0 1 0 0 0 0 0 0 0 0 0 0 0 0 0 0 0 0 0 0 0 0 0 0 2 0 0 0 0 0 0 0 0 0 0 0 0 0 0 0 0 0 0 0 
0 0 0 0 0 0 0 0 0 0 0 0 0 0 1 0 0 0 0 0 0 0 0 0 0 0 0 0 0 0 0 0 0 0 0 0 0 0 2 0 0 0 0 0 0 0 0 0 0 0 0 0 0 0 0 0 0 

0 0 0 0 0 0 0 0 2 0 0 0 0 0 0 0 0 0 0 0 0 1 0 0 0 0 0 0 0 0 0 0 0 0 0 0 0 0 0 0 0 0 0 0 0 0 0 0 0 0 0 0 0 0 0 0 0 
0 0 0 0 0 0 0 0 0 2 0 0 0 0 0 1 0 0 0 0 0 0 0 0 0 0 0 0 0 0 0 0 0 0 0 0 0 0 0 0 0 0 0 0 0 0 0 0 0 0 0 0 0 0 0 0 0 
0 0 0 0 0 0 0 0 0 0 0 0 0 0 1 0 2 0 0 0 0 0 0 0 0 0 0 0 0 0 0 0 0 0 0 0 0 0 0 0 0 0 0 0 0 0 0 0 0 0 0 0 0 0 0 0 0 
0 0 0 0 0 0 0 0 0 0 0 0 0 0 1 0 0 0 0 0 0 0 2 0 0 0 0 0 0 0 0 0 0 0 0 0 0 0 0 0 0 0 0 0 0 0 0 0 0 0 0 0 0 0 0 0 0 
0 0 0 0 0 0 0 0 0 0 0 0 0 0 1 0 0 0 0 0 0 0 0 0 0 0 0 0 0 0 2 0 0 0 0 0 0 0 0 0 0 0 0 0 0 0 0 0 0 0 0 0 0 0 0 0 0 
0 0 0 0 0 0 0 0 0 0 0 0 0 0 1 0 0 0 0 0 0 0 0 0 0 0 0 0 0 0 0 0 0 0 0 0 2 0 0 0 0 0 0 0 0 0 0 0 0 0 0 0 0 0 0 0 0 
0 0 0 0 0 0 0 0 0 0 0 0 0 0 1 0 0 0 0 0 0 0 0 0 0 0 0 0 0 0 0 0 0 0 0 0 0 2 0 0 0 0 0 0 0 0 0 0 0 0 0 0 0 0 0 0 0 
0 0 0 0 0 0 0 0 0 0 0 0 0 0 1 0 0 0 0 0 0 0 0 0 0 0 0 0 0 0 0 0 0 0 0 0 0 0 2 0 0 0 0 0 0 0 0 0 0 0 0 0 0 0 0 0 0 

0 0 0 0 0 0 0 0 2 0 0 0 0 0 0 0 0 0 0 0 0 1 0 0 0 0 0 0 0 0 0 0 0 0 0 0 0 0 0 0 0 0 0 0 0 0 0 0 0 0 0 0 0 0 0 0 0 
0 0 0 0 0 0 0 0 0 2 0 0 0 0 0 1 0 0 0 0 0 0 0 0 0 0 0 0 0 0 0 0 0 0 0 0 0 0 0 0 0 0 0 0 0 0 0 0 0 0 0 0 0 0 0 0 0 
0 0 0 0 0 0 0 0 0 0 0 0 0 0 1 0 2 0 0 0 0 0 0 0 0 0 0 0 0 0 0 0 0 0 0 0 0 0 0 0 0 0 0 0 0 0 0 0 0 0 0 0 0 0 0 0 0 
0 0 0 0 0 0 0 0 0 0 0 0 0 0 1 0 0 0 0 0 0 0 2 0 0 0 0 0 0 0 0 0 0 0 0 0 0 0 0 0 0 0 0 0 0 0 0 0 0 0 0 0 0 0 0 0 0 
0 0 0 0 0 0 0 0 0 0 0 0 0 0 1 0 0 0 0 0 0 0 0 0 0 0 0 0 0 0 2 0 0 0 0 0 0 0 0 0 0 0 0 0 0 0 0 0 0 0 0 0 0 0 0 0 0 
0 0 0 0 0 0 0 0 0 0 0 0 0 0 1 0 0 0 0 0 0 0 0 0 0 0 0 0 0 0 0 0 0 0 0 0 2 0 0 0 0 0 0 0 0 0 0 0 0 0 0 0 0 0 0 0 0 
0 0 0 0 0 0 0 0 0 0 0 0 0 0 1 0 0 0 0 0 0 0 0 0 0 0 0 0 0 0 0 0 0 0 0 0 0 2 0 0 0 0 0 0 0 0 0 0 0 0 0 0 0 0 0 0 0 
0 0 0 0 0 0 0 0 0 0 0 0 0 0 1 0 0 0 0 0 0 0 0 0 0 0 0 0 0 0 0 0 0 0 0 0 0 0 2 0 0 0 0 0 0 0 0 0 0 0 0 0 0 0 0 0 0 
0 0 0 0 0 0 0 0 0 0 0 0 0 0 1 0 0 0 0 0 0 0 0 0 0 0 0 0 0 0 0 0 0 0 0 0 0 0 2 0 0 0 0 0 0 0 0 0 0 0 0 0 0 0 0 0 0 
0 0 0 0 0 0 0 0 0 0 0 0 0 0 1 0 0 0 0 0 0 0 0 0 0 0 0 0 0 0 0 0 0 0 0 0 0 0 2 0 0 0 0 0 0 0 0 0 0 0 0 0 0 0 0 0 0 

0 0 0 0 0 0 0 0 2 0 0 0 0 0 0 0 0 0 0 0 0 1 0 0 0 0 0 0 0 0 0 0 0 0 0 0 0 0 0 0 0 0 0 0 0 0 0 0 0 0 0 0 0 0 0 0 0 
0 0 0 0 0 0 0 0 0 2 0 0 0 0 0 1 0 0 0 0 0 0 0 0 0 0 0 0 0 0 0 0 0 0 0 0 0 0 0 0 0 0 0 0 0 0 0 0 0 0 0 0 0 0 0 0 0 
0 0 0 0 0 0 0 0 0 0 0 0 0 0 1 0 2 0 0 0 0 0 0 0 0 0 0 0 0 0 0 0 0 0 0 0 0 0 0 0 0 0 0 0 0 0 0 0 0 0 0 0 0 0 0 0 0 
0 0 0 0 0 0 0 0 0 0 0 0 0 0 1 0 0 0 0 0 0 0 2 0 0 0 0 0 0 0 0 0 0 0 0 0 0 0 0 0 0 0 0 0 0 0 0 0 0 0 0 0 0 0 0 0 0 
0 0 0 0 0 0 0 0 0 0 0 0 0 0 1 0 0 0 0 0 0 0 0 0 0 0 0 0 0 0 2 0 0 0 0 0 0 0 0 0 0 0 0 0 0 0 0 0 0 0 0 0 0 0 0 0 0 
0 0 0 0 0 0 0 0 0 0 0 0 0 0 1 0 0 0 0 0 0 0 0 0 0 0 0 0 0 0 0 0 0 0 0 0 2 0 0 0 0 0 0 0 0 0 0 0 0 0 0 0 0 0 0 0 0 
0 0 0 0 0 0 0 0 0 0 0 0 0 0 1 0 0 0 0 0 0 0 0 0 0 0 0 0 0 0 0 0 0 0 0 0 0 2 0 0 0 0 0 0 0 0 0 0 0 0 0 0 0 0 0 0 0 
0 0 0 0 0 0 0 0 0 0 0 0 0 0 1 0 0 0 0 0 0 0 0 0 0 0 0 0 0 0 0 0 0 0 0 0 0 0 2 0 0 0 0 0 0 0 0 0 0 0 0 0 0 0 0 0 0 
0 0 0 0 0 0 0 0 0 0 0 0 0 0 1 0 0 0 0 0 0 0 0 0 0 0 0 0 0 0 0 0 0 0 0 0 0 0 2 0 0 0 0 0 0 0 0 0 0 0 0 0 0 0 0 0 0 
0 0 0 0 0 0 0 0 0 0 0 0 0 0 1 0 0 0 0 0 0 0 0 0 0 0 0 0 0 0 0 0 0 0 0 0 0 0 2 0 0 0 0 0 0 0 0 0 0 0 0 0 0 0 0 0 0 
0 0 0 0 0 0 0 0 0 0 0 0 0 0 1 0 0 0 0 0 0 0 0 0 0 0 0 0 0 0 0 0 0 0 0 0 0 0 2 0 0 0 0 0 0 0 0 0 0 0 0 0 0 0 0 0 0 
0 0 0 0 0 0 0 0 0 0 0 0 0 0 1 0 0 0 0 0 0 0 0 0 0 0 0 0 0 0 0 0 0 0 0 0 0 0 2 0 0 0 0 0 0 0 0 0 0 0 0 0 0 0 0 0 0 
0 0 0 0 0 0 0 0 0 0 0 0 0 0 1 0 0 0 0 0 0 0 0 0 0 0 0 0 0 0 0 0 0 0 0 0 0 0 2 0 0 0 0 0 0 0 0 0 0 0 0 0 0 0 0 0 0 
0 0 0 0 0 0 0 0 0 0 0 0 0 0 1 0 0 0 0 0 0 0 0 0 0 0 0 0 0 0 0 0 0 0 0 0 0 0 2 0 0 0 0 0 0 0 0 0 0 0 0 0 0 0 0 0 0 

Groups 0 and 4 collide.
Solution of group 0
Mulirobot solution: (|moves| = 9, paralellism = 1.286) [
    Step 0: 1#21->15 2#8->9 
    Step 1: 1#15->14 2#9->16 
    Step 2: 2#16->22 
    Step 3: 2#22->30 
    Step 4: 2#30->36 
    Step 5: 2#36->37 
    Step 6: 2#37->38 
]
Solution of group 4
Mulirobot solution: (|moves| = 13, paralellism = 1.000) [
    Step 0: 1#0->7 
    Step 1: 1#7->14 
    Step 2: 1#14->20 
    Step 3: 1#20->28 
    Step 4: 1#28->35 
    Step 5: 1#35->42 
    Step 6: 1#42->43 
    Step 7: 1#43->44 
    Step 8: 1#44->45 
    Step 9: 1#45->46 
    Step 10: 1#46->47 
    Step 11: 1#47->48 
    Step 12: 1#48->49 
]
Occupation table complementary for group 0
1 1 1 0 1 0 0 1 0 0 0 1 1 1 0 1 1 1 1 1 1 0 1 1 1 0 0 0 1 1 0 1 1 1 1 0 1 0 1 1 1 0 0 1 0 1 1 1 1 0 1 0 1 0 1 0 1 
0 1 0 1 0 0 0 1 1 0 1 1 1 0 1 0 1 1 1 0 0 0 1 0 1 1 1 0 0 0 1 0 1 1 1 1 0 1 0 1 1 0 0 1 1 1 0 1 0 1 0 0 0 0 0 0 0 
1 0 1 0 0 0 0 1 0 1 1 1 0 0 1 1 0 1 1 1 1 0 0 1 0 1 1 0 0 0 0 1 0 1 1 0 1 0 0 1 0 0 1 0 1 1 0 1 1 0 0 0 1 0 0 0 0 
1 0 0 0 0 0 0 1 0 1 1 1 1 1 0 1 1 1 1 0 1 0 1 1 1 1 0 0 1 0 0 1 1 1 1 0 1 1 0 1 0 0 0 1 0 0 1 1 0 0 0 0 1 0 0 0 0 
0 1 0 0 0 0 0 0 0 1 0 1 1 1 1 1 1 0 1 0 0 0 1 1 1 1 0 0 1 0 1 1 1 1 1 1 0 0 1 0 1 0 0 0 0 0 1 1 0 0 1 0 1 0 0 0 0 
0 1 0 0 0 1 0 0 1 0 0 1 1 1 0 1 1 0 1 0 1 0 1 1 1 1 1 0 0 0 0 1 1 1 1 1 0 0 0 1 1 0 1 0 0 1 1 1 0 0 1 0 1 0 0 0 0 
0 1 0 0 1 1 0 0 1 0 1 0 1 1 0 1 1 1 1 0 0 1 1 1 1 0 1 0 1 0 1 1 1 1 1 0 0 1 0 0 1 0 1 1 1 0 1 1 0 0 1 0 1 0 0 0 0 
0 1 0 1 0 1 0 0 1 1 0 0 1 1 0 1 1 1 1 0 1 0 1 1 1 0 1 1 0 1 1 1 1 1 1 1 1 1 0 0 1 1 0 1 1 0 1 1 0 0 1 0 1 0 0 0 0 
0 1 1 0 0 1 0 0 1 0 1 0 1 1 0 1 1 1 1 0 1 0 1 1 1 0 1 1 0 1 1 1 1 1 1 0 1 1 0 0 1 1 1 0 1 0 1 1 0 0 1 1 1 0 0 0 0 
0 1 0 0 0 1 0 1 1 0 0 1 1 1 0 1 1 1 1 0 1 0 1 1 1 0 1 1 0 1 1 1 1 1 1 0 1 1 0 0 1 1 1 0 1 1 1 1 0 0 1 1 1 0 0 0 0 
1 1 0 0 0 1 0 1 1 0 0 1 1 1 0 1 1 1 1 0 1 0 1 1 1 0 1 1 0 1 1 1 1 1 1 0 1 1 0 0 1 1 1 0 1 0 1 1 0 0 1 1 1 0 0 0 0 
1 1 0 0 0 1 0 1 1 0 0 1 1 1 0 1 1 1 1 0 1 0 1 1 1 0 1 1 0 1 1 1 1 1 1 0 1 1 0 0 1 1 1 0 1 0 1 1 0 0 1 1 1 0 0 0 0 
1 1 0 0 0 1 0 1 1 0 0 1 1 1 0 1 1 1 1 0 1 0 1 1 1 0 1 1 0 1 1 1 1 1 1 0 1 1 0 0 1 1 1 0 1 0 1 1 1 0 1 1 1 0 0 0 0 
1 1 0 0 0 1 0 1 1 0 0 1 1 1 0 1 1 1 1 0 1 0 1 1 1 0 1 1 0 1 1 1 1 1 1 0 1 1 0 0 1 1 1 0 1 0 1 1 0 1 1 1 1 0 0 0 0 

Occupation table complementary for group 4
0 1 1 0 1 0 0 1 2 0 0 1 1 1 0 1 1 1 1 1 1 1 1 1 1 0 0 0 1 1 0 1 1 1 1 0 1 0 1 1 1 0 0 1 0 1 1 1 1 0 1 0 1 0 1 0 1 
0 1 0 1 0 0 0 0 1 2 1 1 1 0 1 1 1 1 1 0 0 0 1 0 1 1 1 0 0 0 1 0 1 1 1 1 0 1 0 1 1 0 0 1 1 1 0 1 0 1 0 0 0 0 0 0 0 
1 0 1 0 0 0 0 1 0 1 1 1 0 0 1 1 2 1 1 1 1 0 0 1 0 1 1 0 0 0 0 1 0 1 1 0 1 0 0 1 0 0 1 0 1 1 0 1 1 0 0 0 1 0 0 0 0 
1 0 0 0 0 0 0 1 0 1 1 1 1 1 1 1 1 1 1 0 0 0 1 1 1 1 0 0 1 0 0 1 1 1 1 0 1 1terminate called after throwing an instance of 'St9bad_alloc'
  what():  std::bad_alloc
 0 1 0 0 0 1 0 0 1 1 0 0 0 0 1 0 0 0 0 
0 1 0 0 0 0 0 0 0 1 0 1 1 1 1 1 1 0 1 0 0 0 1 1 1 1 0 0 0 0 1 1 1 1 1 1 0 0 1 0 1 0 0 0 0 0 1 1 0 0 1 0 1 0 0 0 0 
0 1 0 0 0 1 0 0 1 0 0 1 1 1 1 1 1 0 1 0 1 0 1 1 1 1 1 0 0 0 0 1 1 1 1 0 2 0 0 1 1 0 1 0 0 1 1 1 0 0 1 0 1 0 0 0 0 
0 1 0 0 1 1 0 0 1 0 1 0 1 1 1 1 1 1 1 0 0 1 1 1 1 0 1 0 1 0 1 1 1 1 1 0 0 1 0 0 1 0 0 1 1 0 1 1 0 0 1 0 1 0 0 0 0 
0 1 0 1 0 1 0 0 1 1 0 0 1 1 1 1 1 1 1 0 1 0 1 1 1 0 1 1 0 1 1 1 1 1 1 1 1 1 2 0 1 1 0 0 1 0 1 1 0 0 1 0 1 0 0 0 0 
0 1 1 0 0 1 0 0 1 0 1 0 1 1 1 1 1 1 1 0 1 0 1 1 1 0 1 1 0 1 1 1 1 1 1 0 1 1 2 0 1 1 1 0 1 0 1 1 0 0 1 1 1 0 0 0 0 
0 1 0 0 0 1 0 1 1 0 0 1 1 1 1 1 1 1 1 0 1 0 1 1 1 0 1 1 0 1 1 1 1 1 1 0 1 1 2 0 1 1 1 0 1 0 1 1 0 0 1 1 1 0 0 0 0 
1 1 0 0 0 1 0 1 1 0 0 1 1 1 1 1 1 1 1 0 1 0 1 1 1 0 1 1 0 1 1 1 1 1 1 0 1 1 2 0 1 1 1 0 1 0 1 1 0 0 1 1 1 0 0 0 0 
1 1 0 0 0 1 0 1 1 0 0 1 1 1 1 1 1 1 1 0 1 0 1 1 1 0 1 1 0 1 1 1 1 1 1 0 1 1 2 0 1 1 1 0 1 0 1 1 0 0 1 1 1 0 0 0 0 
1 1 0 0 0 1 0 1 1 0 0 1 1 1 1 1 1 1 1 0 1 0 1 1 1 0 1 1 0 1 1 1 1 1 1 0 1 1 2 0 1 1 1 0 1 0 1 1 0 0 1 1 1 0 0 0 0 
1 1 0 0 0 1 0 1 1 0 0 1 1 1 1 1 1 1 1 0 1 0 1 1 1 0 1 1 0 1 1 1 1 1 1 0 1 1 2 0 1 1 1 0 1 0 1 1 0 0 1 1 1 0 0 0 0 

** Open/close/exp size (steps): 1/0/1 (2)
Unable to resolve collision between groups 0 and 4.
Merging groups 0 and 4.
Searching solution for merged group 0+4.
Open/close/exp size (steps): 400/443/400 (5466)
Open/close/exp size (steps): 842/1550/842 (6573)
Open/close/exp size (steps): 790/2879/790 (7902)
Open/close/exp size (steps): 4286/4474/4286 (9497)
Open/close/exp size (steps): 4372/6388/4372 (11411)
Open/close/exp size (steps): 2823/8685/2823 (13708)
Open/close/exp size (steps): 8325/11442/8325 (16465)
Open/close/exp size (steps): 5164/14751/5164 (19774)
Open/close/exp size (steps): 5064/18722/5064 (23745)
Open/close/exp size (steps): 16327/23488/16327 (28511)
Open/close/exp size (steps): 12940/29208/12940 (34231)
Open/close/exp size (steps): 6975/36072/6975 (41095)
Open/close/exp size (steps): 15956/44309/15956 (49332)
Open/close/exp size (steps): 6071/54194/6071 (59217)
Open/close/exp size (steps): 33184/66056/33184 (71079)
Open/close/exp size (steps): 31111/80291/31111 (85314)
Open/close/exp size (steps): 17238/97373/17238 (102396)
Open/close/exp size (steps): 49316/117872/49316 (122895)
Open/close/exp size (steps): 24807/142471/24807 (147494)
Open/close/exp size (steps): 50511/171990/50511 (177013)
Open/close/exp size (steps): 61251/207413/61251 (212436)
Open/close/exp size (steps): 22159/249921/22159 (254944)
Open/close/exp size (steps): 42032/300931/42032 (305954)
Open/close/exp size (steps): 53550/362143/53550 (367166)
Open/close/exp size (steps): 157384/435598/157384 (440621)
Open/close/exp size (steps): 139306/523744/139306 (528767)
Open/close/exp size (steps): 123506/629520/123506 (634543)
Open/close/exp size (steps): 182147/756452/182147 (761475)
Aborted (core dumped)
