================================================================
reLOC 0.13-odaiba : Multirobot Solver
(C) Copyright 2016 Pavel Surynek
----------------------------------------------------------------
Reading graph...
Reading graph... FINISHED
Reading initial arrangement...
Reading initial arrangement... FINISHED.
Reading goal arrangement...
Reading goal arrangement... FINISHED.
Building instance...
Building instance... FINISHED.
Open/close/exp size (steps): 5/1/5 (2)
Open/close/exp size (steps): 17/4/17 (5)
Open/close/exp size (steps): 28/8/28 (9)
Open/close/exp size (steps): 1/0/1 (14)
Open/close/exp size (steps): 20/6/20 (20)
Open/close/exp size (steps): 42/14/42 (28)
Open/close/exp size (steps): 51/24/51 (38)
Open/close/exp size (steps): 27/9/27 (50)
Open/close/exp size (steps): 56/24/56 (65)
Open/close/exp size (steps): 16/5/16 (83)
Open/close/exp size (steps): 3/1/3 (105)
Open/close/exp size (steps): 21/6/21 (132)
Open/close/exp size (steps): 29/10/29 (165)
Open/close/exp size (steps): 44/15/44 (205)
Open/close/exp size (steps): 41/16/41 (253)
Open/close/exp size (steps): 18/6/18 (311)
Open/close/exp size (steps): 14/5/14 (381)
Open/close/exp size (steps): 54/23/54 (465)
Open/close/exp size (steps): 32/11/32 (566)
0 0 0 0 0 0 0 0 0 0 0 0 0 0 0 0 0 0 0 0 0 0 0 0 0 0 0 0 0 0 0 0 0 0 0 0 0 0 0 1 0 0 0 0 0 0 0 0 0 0 0 0 0 0 0 0 
0 0 0 0 0 0 0 0 0 0 0 0 0 0 0 0 0 0 0 0 0 0 0 0 0 0 0 0 0 0 0 0 1 0 0 0 0 0 0 0 0 0 0 0 0 0 0 0 0 0 0 0 0 0 0 0 
0 0 0 0 0 0 0 0 0 0 0 0 0 0 0 0 0 0 0 0 0 0 0 0 0 1 0 0 0 0 0 0 0 0 0 0 0 0 0 0 0 0 0 0 0 0 0 0 0 0 0 0 0 0 0 0 
0 0 0 0 0 0 0 0 0 0 0 0 0 0 0 0 0 0 1 0 0 0 0 0 0 0 0 0 0 0 0 0 0 0 0 0 0 0 0 0 0 0 0 0 0 0 0 0 0 0 0 0 0 0 0 0 
0 0 0 0 0 0 0 0 0 0 0 0 1 0 0 0 0 0 0 0 0 0 0 0 0 0 0 0 0 0 0 0 0 0 0 0 0 0 0 0 0 0 0 0 0 0 0 0 0 0 0 0 0 0 0 0 
0 0 0 0 1 0 0 0 0 0 0 0 0 0 0 0 0 0 0 0 0 0 0 0 0 0 0 0 0 0 0 0 0 0 0 0 0 0 0 0 0 0 0 0 0 0 0 0 0 0 0 0 0 0 0 0 
0 0 0 1 0 0 0 0 0 0 0 0 0 0 0 0 0 0 0 0 0 0 0 0 0 0 0 0 0 0 0 0 0 0 0 0 0 0 0 0 0 0 0 0 0 0 0 0 0 0 0 0 0 0 0 0 
0 0 0 1 0 0 0 0 0 0 0 0 0 0 0 0 0 0 0 0 0 0 0 0 0 0 0 0 0 0 0 0 0 0 0 0 0 0 0 0 0 0 0 0 0 0 0 0 0 0 0 0 0 0 0 0 

Groups 0 and 1 collide.
Solution of group 0
Mulirobot solution: (|moves| = 6, paralellism = 1.000) [
    Step 0: 1#39->32 
    Step 1: 1#32->25 
    Step 2: 1#25->18 
    Step 3: 1#18->12 
    Step 4: 1#12->4 
    Step 5: 1#4->3 
]
Solution of group 1
Mulirobot solution: (|moves| = 7, paralellism = 1.000) [
    Step 0: 1#38->31 
    Step 1: 1#31->24 
    Step 2: 1#24->17 
    Step 3: 1#17->18 
    Step 4: 1#18->19 
    Step 5: 1#19->20 
    Step 6: 1#20->21 
]
Occupation table complementary for group 0
1 0 1 0 1 1 1 1 1 1 0 0 1 1 1 1 0 1 1 1 0 1 0 1 0 0 0 1 0 1 1 1 0 0 0 0 0 1 1 0 1 1 0 1 1 0 1 1 1 1 1 1 1 1 1 1 
0 0 0 0 1 1 1 0 1 1 1 1 1 0 0 1 1 0 1 0 1 1 1 1 1 1 0 0 0 0 0 1 0 1 1 0 1 0 1 0 1 1 0 1 1 1 1 1 1 1 0 0 0 0 0 0 
0 0 0 0 1 1 0 0 0 1 0 0 0 0 0 1 1 1 1 1 1 0 1 1 1 0 0 1 0 1 0 1 1 1 1 0 1 1 1 1 0 1 0 0 1 1 1 0 0 1 0 0 0 0 0 0 
0 0 0 1 1 1 0 0 0 0 0 1 0 0 0 1 1 1 1 1 0 0 1 1 1 1 1 0 0 1 1 1 1 1 1 1 1 0 1 1 0 0 1 0 1 0 1 0 0 1 0 0 0 0 0 0 
0 0 0 0 0 1 0 0 0 0 1 1 1 0 0 1 1 1 1 1 0 0 1 0 1 1 0 0 0 1 1 1 1 0 1 1 0 1 1 0 0 0 1 1 1 0 1 1 0 1 0 0 0 0 0 0 
0 0 0 0 0 1 0 0 0 1 0 0 0 0 0 1 1 1 1 1 0 0 1 0 0 1 0 0 0 1 0 1 0 0 1 1 0 1 1 1 0 0 1 0 0 1 1 1 0 1 1 0 0 0 0 0 
0 1 0 0 0 1 0 0 0 1 0 0 1 0 0 1 1 1 0 1 1 0 0 1 1 1 1 0 1 1 0 1 1 0 1 1 0 1 1 0 0 0 1 0 0 0 1 1 0 1 1 1 0 0 0 0 
0 1 1 0 0 1 0 0 0 1 0 1 1 1 0 1 1 1 0 1 1 1 1 0 1 1 1 0 1 1 1 1 1 1 1 1 0 1 1 0 0 0 1 0 0 0 1 1 0 1 1 0 1 1 0 0 
0 0 1 1 0 1 0 0 0 1 1 0 1 1 0 0 1 1 0 1 1 1 1 0 1 1 1 0 1 1 0 1 0 1 1 1 0 1 1 1 0 0 1 0 0 0 1 1 0 1 1 0 1 1 1 0 
0 0 1 0 1 1 0 0 0 1 1 0 1 1 0 0 1 1 0 1 1 1 1 0 1 1 1 1 1 1 0 1 0 1 1 1 1 1 1 1 0 0 1 0 0 1 1 1 0 1 1 0 1 1 1 0 
0 0 1 0 1 1 0 0 1 1 1 0 1 1 0 0 1 1 0 1 1 1 1 0 1 1 1 1 1 1 0 1 0 1 1 1 1 1 1 1 0 0 1 0 0 1 1 1 0 1 1 0 1 1 1 0 

Occupation table complementary for group 1
1 0 1 0 1 1 1 1 1 1 0 0 1 1 1 1 0 1 1 1 0 1 0 1 0 0 0 1 0 1 1 1 0 0 0 0 0 1 0 1 1 1 0 1 1 0 1 1 1 1 1 1 1 1 1 1 
0 0 0 0 1 1 1 0 1 1 1 1 1 0 0 1 1 0 1 0 1 1 1 1 1 1 0 0 0 0 0 0 1 1 1 0 1 0 1 0 1 1 0 1 1 1 1 1 1 1 0 0 0 0 0 0 
0 0 0 0 1 1 0 0 0 1 0 0 0 0 0 1 1 1 1 1 1 0 1 1 0 1 0 1 0 1 0 1 1 1 1 0 1 1 1 1 0 1 0 0 1 1 1 0 0 1 0 0 0 0 0 0 
0 0 0 1 1 1 0 0 0 0 0 1 0 0 0 1 1 1 1 1 0 0 1 1 1 1 1 0 0 1 1 1 1 1 1 1 1 0 1 1 0 0 1 0 1 0 1 0 0 1 0 0 0 0 0 0 
0 0 0 0 0 1 0 0 0 0 1 1 1 0 0 1 1 1 1 1 0 0 1 0 1 1 0 0 0 1 1 1 1 0 1 1 0 1 1 0 0 0 1 1 1 0 1 1 0 1 0 0 0 0 0 0 
0 0 0 0 1 1 0 0 0 1 0 0 0 0 0 1 1 1 1 1 0 0 1 0 0 1 0 0 0 1 0 1 0 0 1 1 0 1 1 1 0 0 1 0 0 1 1 1 0 1 1 0 0 0 0 0 
0 1 0 1 0 1 0 0 0 1 0 0 1 0 0 1 1 1 0 1 1 0 0 1 1 1 1 0 1 1 0 1 1 0 1 1 0 1 1 0 0 0 1 0 0 0 1 1 0 1 1 1 0 0 0 0 
0 1 1 1 0 1 0 0 0 1 0 1 1 1 0 1 1 1 0 1 1 0 1 0 1 1 1 0 1 1 1 1 1 1 1 1 0 1 1 0 0 0 1 0 0 0 1 1 0 1 1 0 1 1 0 0 
0 0 1 1 0 1 0 0 0 1 1 0 1 1 0 0 1 1 0 1 1 1 1 0 1 1 1 0 1 1 0 1 0 1 1 1 0 1 1 1 0 0 1 0 0 0 1 1 0 1 1 0 1 1 1 0 
0 0 1 1 1 1 0 0 0 1 1 0 1 1 0 0 1 1 0 1 1 0 1 0 1 1 1 1 1 1 0 1 0 1 1 1 1 1 1 1 0 0 1 0 0 1 1 1 0 1 1 0 1 1 1 0 
0 0 1 1 1 1 0 0 1 1 1 0 1 1 0 0 1 1 0 1 1 0 1 0 1 1 1 1 1 1 0 1 0 1 1 1 1 1 1 1 0 0 1 0 0 1 1 1 0 1 1 0 1 1 1 0 

Unable to resolve collision between groups 0 and 1.
Merging groups 0 and 1.
Searching solution for merged group 0+1.
Open/close/exp size (steps): 297/120/297 (688)
Open/close/exp size (steps): 454/267/454 (835)
Open/close/exp size (steps): 496/444/496 (1012)
Open/close/exp size (steps): 831/657/831 (1225)
Open/close/exp size (steps): 763/913/763 (1481)
Open/close/exp size (steps): 942/1221/942 (1789)
Open/close/exp size (steps): 1449/1591/1449 (2159)
Open/close/exp size (steps): 1471/2035/1471 (2603)
Open/close/exp size (steps): 1055/2568/1055 (3136)
Open/close/exp size (steps): 969/3208/969 (3776)
0 0 0 0 0 0 0 0 0 0 0 0 0 0 0 0 0 0 0 0 0 0 0 0 0 0 0 0 0 0 0 0 0 0 0 0 0 0 2 1 0 0 0 0 0 0 0 0 0 0 0 0 0 0 0 0 
0 0 0 0 0 0 0 0 0 0 0 0 0 0 0 0 0 0 0 0 0 0 0 0 0 0 0 0 0 0 0 2 1 0 0 0 0 0 0 0 0 0 0 0 0 0 0 0 0 0 0 0 0 0 0 0 
0 0 0 0 0 0 0 0 0 0 0 0 0 0 0 0 0 0 0 0 0 0 0 0 2 1 0 0 0 0 0 0 0 0 0 0 0 0 0 0 0 0 0 0 0 0 0 0 0 0 0 0 0 0 0 0 
0 0 0 0 0 0 0 0 0 0 0 0 0 0 0 0 0 2 0 0 0 0 0 0 0 1 0 0 0 0 0 0 0 0 0 0 0 0 0 0 0 0 0 0 0 0 0 0 0 0 0 0 0 0 0 0 
0 0 0 0 0 0 0 0 0 0 0 0 0 0 0 0 0 0 2 0 0 0 0 0 1 0 0 0 0 0 0 0 0 0 0 0 0 0 0 0 0 0 0 0 0 0 0 0 0 0 0 0 0 0 0 0 
0 0 0 0 0 0 0 0 0 0 0 0 0 0 0 0 0 1 0 2 0 0 0 0 0 0 0 0 0 0 0 0 0 0 0 0 0 0 0 0 0 0 0 0 0 0 0 0 0 0 0 0 0 0 0 0 
0 0 0 0 0 0 0 0 0 0 0 1 0 0 0 0 0 0 0 0 2 0 0 0 0 0 0 0 0 0 0 0 0 0 0 0 0 0 0 0 0 0 0 0 0 0 0 0 0 0 0 0 0 0 0 0 
0 0 0 1 0 0 0 0 0 0 0 0 0 0 0 0 0 0 0 0 0 2 0 0 0 0 0 0 0 0 0 0 0 0 0 0 0 0 0 0 0 0 0 0 0 0 0 0 0 0 0 0 0 0 0 0 

Groups 0 and 1 collide.
Solution of group 0
Mulirobot solution: (|moves| = 13, paralellism = 1.857) [
    Step 0: 1#39->32 2#38->31 
    Step 1: 1#32->25 2#31->24 
    Step 2: 2#24->17 
    Step 3: 1#25->24 2#17->18 
    Step 4: 1#24->17 2#18->19 
    Step 5: 1#17->11 2#19->20 
    Step 6: 1#11->3 2#20->21 
]
Solution of group 1
Mulirobot solution: (|moves| = 6, paralellism = 1.000) [
    Step 0: 1#41->34 
    Step 1: 1#34->33 
    Step 2: 1#33->26 
    Step 3: 1#26->19 
    Step 4: 1#19->18 
    Step 5: 1#18->12 
]
Occupation table complementary for group 0
1 0 1 0 1 1 1 1 1 1 0 0 1 1 1 1 0 1 1 1 0 1 0 1 0 0 0 1 0 1 1 1 0 0 0 0 0 1 0 0 1 1 0 1 1 0 1 1 1 1 1 1 1 1 1 1 
0 0 0 0 1 1 1 0 1 1 1 1 1 0 0 1 1 0 1 0 1 1 1 1 1 1 0 0 0 0 0 0 0 1 1 0 1 0 1 0 1 1 0 1 1 1 1 1 1 1 0 0 0 0 0 0 
0 0 0 0 1 1 0 0 0 1 0 0 0 0 0 1 1 1 1 1 1 0 1 1 0 0 0 1 0 1 0 1 1 1 1 0 1 1 1 1 0 1 0 0 1 1 1 0 0 1 0 0 0 0 0 0 
0 0 0 1 1 1 0 0 0 0 0 1 0 0 0 1 1 1 1 1 0 0 1 1 1 1 1 0 0 1 1 1 1 1 1 1 1 0 1 1 0 0 1 0 1 0 1 0 0 1 0 0 0 0 0 0 
0 0 0 0 0 1 0 0 0 0 1 1 1 0 0 1 1 1 1 1 0 0 1 0 1 1 0 0 0 1 1 1 1 0 1 1 0 1 1 0 0 0 1 1 1 0 1 1 0 1 0 0 0 0 0 0 
0 0 0 0 0 1 0 0 0 1 0 0 0 0 0 1 1 1 1 1 0 0 1 0 0 1 0 0 0 1 0 1 0 0 1 1 0 1 1 1 0 0 1 0 0 1 1 1 0 1 1 0 0 0 0 0 
0 1 0 0 0 1 0 0 0 1 0 0 1 0 0 1 1 1 0 1 1 0 0 1 1 1 1 0 1 1 0 1 1 0 1 1 0 1 1 0 0 0 1 0 0 0 1 1 0 1 1 1 0 0 0 0 
0 1 1 0 0 1 0 0 0 1 0 1 1 1 0 1 1 1 0 1 1 0 1 0 1 1 1 0 1 1 1 1 1 1 1 1 0 1 1 0 0 0 1 0 0 0 1 1 0 1 1 0 1 1 0 0 
0 0 1 1 0 1 0 0 0 1 1 0 1 1 0 0 1 1 0 1 1 1 1 0 1 1 1 0 1 1 0 1 0 1 1 1 0 1 1 1 0 0 1 0 0 0 1 1 0 1 1 0 1 1 1 0 
0 0 1 0 1 1 0 0 0 1 1 0 1 1 0 0 1 1 0 1 1 0 1 0 1 1 1 1 1 1 0 1 0 1 1 1 1 1 1 1 0 0 1 0 0 1 1 1 0 1 1 0 1 1 1 0 
0 0 1 0 1 1 0 0 1 1 1 0 1 1 0 0 1 1 0 1 1 0 1 0 1 1 1 1 1 1 0 1 0 1 1 1 1 1 1 1 0 0 1 0 0 1 1 1 0 1 1 0 1 1 1 0 

Occupation table complementary for group 1
1 0 1 0 1 1 1 1 1 1 0 0 1 1 1 1 0 1 1 1 0 1 0 1 0 0 0 1 0 1 1 1 0 0 0 0 0 1 2 1 1 0 0 1 1 0 1 1 1 1 1 1 1 1 1 1 
0 0 0 0 1 1 1 0 1 1 1 1 1 0 0 1 1 0 1 0 1 1 1 1 1 1 0 0 0 0 0 2 1 1 0 0 1 0 1 0 1 1 0 1 1 1 1 1 1 1 0 0 0 0 0 0 
0 0 0 0 1 1 0 0 0 1 0 0 0 0 0 1 1 1 1 1 1 0 1 1 2 1 0 1 0 1 0 1 1 1 1 0 1 1 1 1 0 1 0 0 1 1 1 0 0 1 0 0 0 0 0 0 
0 0 0 1 1 1 0 0 0 0 0 1 0 0 0 1 1 1 1 1 0 0 1 1 1 1 1 0 0 1 1 1 1 1 1 1 1 0 1 1 0 0 1 0 1 0 1 0 0 1 0 0 0 0 0 0 
0 0 0 0 0 1 0 0 0 0 1 1 1 0 0 1 1 1 1 1 0 0 1 0 1 1 0 0 0 1 1 1 1 0 1 1 0 1 1 0 0 0 1 1 1 0 1 1 0 1 0 0 0 0 0 0 
0 0 0 0 0 1 0 0 0 1 0 0 0 0 0 1 1 1 1 1 0 0 1 0 0 1 0 0 0 1 0 1 0 0 1 1 0 1 1 1 0 0 1 0 0 1 1 1 0 1 1 0 0 0 0 0 
0 1 0 0 0 1 0 0 0 1 0 1 1 0 0 1 1 1 0 1 1 0 0 1 1 1 1 0 1 1 0 1 1 0 1 1 0 1 1 0 0 0 1 0 0 0 1 1 0 1 1 1 0 0 0 0 
0 1 1 1 0 1 0 0 0 1 0 1 0 1 0 1 1 1 0 1 1 2 1 0 1 1 1 0 1 1 1 1 1 1 1 1 0 1 1 0 0 0 1 0 0 0 1 1 0 1 1 0 1 1 0 0 
0 0 1 1 0 1 0 0 0 1 1 0 0 1 0 0 1 1 0 1 1 1 1 0 1 1 1 0 1 1 0 1 0 1 1 1 0 1 1 1 0 0 1 0 0 0 1 1 0 1 1 0 1 1 1 0 
0 0 1 1 1 1 0 0 0 1 1 0 0 1 0 0 1 1 0 1 1 2 1 0 1 1 1 1 1 1 0 1 0 1 1 1 1 1 1 1 0 0 1 0 0 1 1 1 0 1 1 0 1 1 1 0 
0 0 1 1 1 1 0 0 1 1 1 0 0 1 0 0 1 1 0 1 1 2 1 0 1 1 1 1 1 1 0 1 0 1 1 1 1 1 1 1 0 0 1 0 0 1 1 1 0 1 1 0 1 1 1 0 

Unable to resolve collision between groups 0 and 1.
Merging groups 0 and 1.
Searching solution for merged group 0+1.
Open/close/exp size (steps): 1084/632/1084 (4544)
Open/close/exp size (steps): 3169/1554/3169 (5466)
Open/close/exp size (steps): 6744/2661/6744 (6573)
Open/close/exp size (steps): 6340/3990/6340 (7902)
Open/close/exp size (steps): 5640/5585/5640 (9497)
Open/close/exp size (steps): 4343/7499/4343 (11411)
Open/close/exp size (steps): 8482/9796/8482 (13708)
Open/close/exp size (steps): 17101/12553/17101 (16465)
Open/close/exp size (steps): 18436/15862/18436 (19774)
Open/close/exp size (steps): 15591/19833/15591 (23745)
Open/close/exp size (steps): 12437/24599/12437 (28511)
Open/close/exp size (steps): 10488/30319/10488 (34231)
Open/close/exp size (steps): 32178/37183/32178 (41095)
Open/close/exp size (steps): 39600/45420/39600 (49332)
Open/close/exp size (steps): 32718/55305/32718 (59217)
Open/close/exp size (steps): 23934/67167/23934 (71079)
Open/close/exp size (steps): 34352/81402/34352 (85314)
Open/close/exp size (steps): 47125/98484/47125 (102396)
Open/close/exp size (steps): 29643/118983/29643 (122895)
Open/close/exp size (steps): 62747/143582/62747 (147494)
Open/close/exp size (steps): 138173/173101/138173 (177013)
Open/close/exp size (steps): 118112/208524/118112 (212436)
Open/close/exp size (steps): 83640/251032/83640 (254944)
Open/close/exp size (steps): 80902/302042/80902 (305954)
Open/close/exp size (steps): 161550/363254/161550 (367166)
Open/close/exp size (steps): 186071/436709/186071 (440621)
Open/close/exp size (steps): 192792/524855/192792 (528767)
Open/close/exp size (steps): 293377/630631/293377 (634543)
0 0 0 0 0 0 0 0 0 0 0 0 0 0 0 0 0 0 0 0 0 0 0 0 0 0 0 0 0 0 0 0 0 0 0 0 0 0 2 1 0 3 0 0 0 0 0 0 0 0 0 0 0 0 0 0 
0 0 0 0 0 0 0 0 0 0 0 0 0 0 0 0 0 0 0 0 0 0 0 0 0 0 0 0 0 0 0 2 1 0 3 0 0 0 0 0 0 0 0 0 0 0 0 0 0 0 0 0 0 0 0 0 
0 0 0 0 0 0 0 0 0 0 0 0 0 0 0 0 0 0 0 0 0 0 0 0 2 1 0 0 0 0 0 0 0 3 0 0 0 0 0 0 0 0 0 0 0 0 0 0 0 0 0 0 0 0 0 0 
0 0 0 0 0 0 0 0 0 0 0 0 0 0 0 0 0 2 0 0 0 0 0 0 0 1 0 0 0 0 0 0 3 0 0 0 0 0 0 0 0 0 0 0 0 0 0 0 0 0 0 0 0 0 0 0 
0 0 0 0 0 0 0 0 0 0 0 0 0 0 0 0 0 0 2 0 0 0 0 0 1 0 0 0 0 0 0 0 3 0 0 0 0 0 0 0 0 0 0 0 0 0 0 0 0 0 0 0 0 0 0 0 
0 0 0 0 0 0 0 0 0 0 0 0 0 0 0 0 0 1 0 2 0 0 0 0 0 3 0 0 0 0 0 0 0 0 0 0 0 0 0 0 0 0 0 0 0 0 0 0 0 0 0 0 0 0 0 0 
0 0 0 0 0 0 0 0 0 0 0 1 0 0 0 0 0 0 3 0 2 0 0 0 0 0 0 0 0 0 0 0 0 0 0 0 0 0 0 0 0 0 0 0 0 0 0 0 0 0 0 0 0 0 0 0 
0 0 0 1 0 0 0 0 0 0 0 0 3 0 0 0 0 0 0 0 0 2terminate called after throwing an instance of 'std::bad_alloc'
  what():  std::bad_alloc
 0 0 0 0 0 0 0 0 0 0 0 0 0 0 0 0 0 0 0 0 0 0 0 0 0 0 0 0 0 0 0 0 0 0 

Groups 0 and 1 collide.
Solution of group 0
Mulirobot solution: (|moves| = 19, paralellism = 2.714) [
    Step 0: 1#39->32 2#38->31 3#41->34 
    Step 1: 1#32->25 2#31->24 3#34->33 
    Step 2: 2#24->17 3#33->32 
    Step 3: 1#25->24 2#17->18 
    Step 4: 1#24->17 2#18->19 3#32->25 
    Step 5: 1#17->11 2#19->20 3#25->18 
    Step 6: 1#11->3 2#20->21 3#18->12 
]
Solution of group 1
Mulirobot solution: (|moves| = 2, paralellism = 1.000) [
    Step 0: 1#19->18 
    Step 1: 1#18->17 
]
Occupation table complementary for group 0
1 0 1 0 1 1 1 1 1 1 0 0 1 1 1 1 0 1 1 1 0 1 0 1 0 0 0 1 0 1 1 1 0 0 0 0 0 1 0 0 1 0 0 1 1 0 1 1 1 1 1 1 1 1 1 1 
0 0 0 0 1 1 1 0 1 1 1 1 1 0 0 1 1 0 1 0 1 1 1 1 1 1 0 0 0 0 0 0 0 1 0 0 1 0 1 0 1 1 0 1 1 1 1 1 1 1 0 0 0 0 0 0 
0 0 0 0 1 1 0 0 0 1 0 0 0 0 0 1 1 1 1 1 1 0 1 1 0 0 0 1 0 1 0 1 1 1 1 0 1 1 1 1 0 1 0 0 1 1 1 0 0 1 0 0 0 0 0 0 
0 0 0 1 1 1 0 0 0 0 0 1 0 0 0 1 1 1 1 1 0 0 1 1 1 1 1 0 0 1 1 1 1 1 1 1 1 0 1 1 0 0 1 0 1 0 1 0 0 1 0 0 0 0 0 0 
0 0 0 0 0 1 0 0 0 0 1 1 1 0 0 1 1 1 1 1 0 0 1 0 1 1 0 0 0 1 1 1 1 0 1 1 0 1 1 0 0 0 1 1 1 0 1 1 0 1 0 0 0 0 0 0 
0 0 0 0 0 1 0 0 0 1 0 0 0 0 0 1 1 1 1 1 0 0 1 0 0 1 0 0 0 1 0 1 0 0 1 1 0 1 1 1 0 0 1 0 0 1 1 1 0 1 1 0 0 0 0 0 
0 1 0 0 0 1 0 0 0 1 0 0 1 0 0 1 1 1 0 1 1 0 0 1 1 1 1 0 1 1 0 1 1 0 1 1 0 1 1 0 0 0 1 0 0 0 1 1 0 1 1 1 0 0 0 0 
0 1 1 0 0 1 0 0 0 1 0 1 0 1 0 1 1 1 0 1 1 0 1 0 1 1 1 0 1 1 1 1 1 1 1 1 0 1 1 0 0 0 1 0 0 0 1 1 0 1 1 0 1 1 0 0 
0 0 1 1 0 1 0 0 0 1 1 0 0 1 0 0 1 1 0 1 1 1 1 0 1 1 1 0 1 1 0 1 0 1 1 1 0 1 1 1 0 0 1 0 0 0 1 1 0 1 1 0 1 1 1 0 
0 0 1 0 1 1 0 0 0 1 1 0 0 1 0 0 1 1 0 1 1 0 1 0 1 1 1 1 1 1 0 1 0 1 1 1 1 1 1 1 0 0 1 0 0 1 1 1 0 1 1 0 1 1 1 0 
0 0 1 0 1 1 0 0 1 1 1 0 0 1 0 0 1 1 0 1 1 0 1 0 1 1 1 1 1 1 0 1 0 1 1 1 1 1 1 1 0 0 1 0 0 1 1 1 0 1 1 0 1 1 1 0 

Occupation table complementary for group 1
1 0 1 0 1 1 1 1 1 1 0 0 1 1 1 1 0 1 1 0 0 1 0 1 0 0 0 1 0 1 1 1 0 0 0 0 0 1 2 1 1 3 0 1 1 0 1 1 1 1 1 1 1 1 1 1 
0 0 0 0 1 1 1 0 1 1 1 1 1 0 0 1 1 0 0 0 1 1 1 1 1 1 0 0 0 0 0 2 1 1 3 0 1 0 1 0 1 1 0 1 1 1 1 1 1 1 0 0 0 0 0 0 
0 0 0 0 1 1 0 0 0 1 0 0 0 0 0 1 1 1 1 1 1 0 1 1 2 1 0 1 0 1 0 1 1 1 1 0 1 1 1 1 0 1 0 0 1 1 1 0 0 1 0 0 0 0 0 0 
0 0 0 1 1 1 0 0 0 0 0 1 0 0 0 1 1 1 1 1 0 0 1 1 1 1 1 0 0 1 1 1 1 1 1 1 1 0 1 1 0 0 1 0 1 0 1 0 0 1 0 0 0 0 0 0 
0 0 0 0 0 1 0 0 0 0 1 1 1 0 0 1 1 1 1 1 0 0 1 0 1 1 0 0 0 1 1 1 1 0 1 1 0 1 1 0 0 0 1 1 1 0 1 1 0 1 0 0 0 0 0 0 
0 0 0 0 0 1 0 0 0 1 0 0 0 0 0 1 1 1 1 1 0 0 1 0 0 1 0 0 0 1 0 1 0 0 1 1 0 1 1 1 0 0 1 0 0 1 1 1 0 1 1 0 0 0 0 0 
0 1 0 0 0 1 0 0 0 1 0 1 1 0 0 1 1 0 3 1 1 0 0 1 1 1 1 0 1 1 0 1 1 0 1 1 0 1 1 0 0 0 1 0 0 0 1 1 0 1 1 1 0 0 0 0 
0 1 1 1 0 1 0 0 0 1 0 1 3 1 0 1 1 0 0 1 1 2 1 0 1 1 1 0 1 1 1 1 1 1 1 1 0 1 1 0 0 0 1 0 0 0 1 1 0 1 1 0 1 1 0 0 
0 0 1 1 0 1 0 0 0 1 1 0 3 1 0 0 1 0 0 1 1 1 1 0 1 1 1 0 1 1 0 1 0 1 1 1 0 1 1 1 0 0 1 0 0 0 1 1 0 1 1 0 1 1 1 0 
0 0 1 1 1 1 0 0 0 1 1 0 3 1 0 0 1 0 0 1 1 2 1 0 1 1 1 1 1 1 0 1 0 1 1 1 1 1 1 1 0 0 1 0 0 1 1 1 0 1 1 0 1 1 1 0 
0 0 1 1 1 1 0 0 1 1 1 0 3 1 0 0 1 0 0 1 1 2 1 0 1 1 1 1 1 1 0 1 0 1 1 1 1 1 1 1 0 0 1 0 0 1 1 1 0 1 1 0 1 1 1 0 

** Open/close/exp size (steps): 1/0/1 (2)
Unable to resolve collision between groups 0 and 1.
Merging groups 0 and 1.
Searching solution for merged group 0+1.
Open/close/exp size (steps): 178869/101103/178869 (761475)
Open/close/exp size (steps): 380495/253422/380495 (913794)
Open/close/exp size (steps): 470412/436205/470412 (1096577)
Aborted (core dumped)
