================================================================
reLOC 0.13-odaiba : Multirobot Solver
(C) Copyright 2016 Pavel Surynek
----------------------------------------------------------------
Reading graph...
Reading graph... FINISHED
Reading initial arrangement...
Reading initial arrangement... FINISHED.
Reading goal arrangement...
Reading goal arrangement... FINISHED.
Building instance...
Building instance... FINISHED.
Open/close/exp size (steps): 5/1/5 (2)
Open/close/exp size (steps): 16/4/16 (5)
Open/close/exp size (steps): 26/8/26 (9)
Open/close/exp size (steps): 36/13/36 (14)
Open/close/exp size (steps): 49/19/49 (20)
Open/close/exp size (steps): 66/27/66 (28)
Open/close/exp size (steps): 80/37/80 (38)
Open/close/exp size (steps): 12/3/12 (50)
Open/close/exp size (steps): 40/14/40 (65)
Open/close/exp size (steps): 72/32/72 (83)
Open/close/exp size (steps): 114/54/114 (105)
Open/close/exp size (steps): 163/81/163 (132)
Open/close/exp size (steps): 221/114/221 (165)
Open/close/exp size (steps): 285/154/285 (205)
Open/close/exp size (steps): 46/16/46 (253)
Open/close/exp size (steps): 146/74/146 (311)
Open/close/exp size (steps): 41/16/41 (381)
Open/close/exp size (steps): 40/18/40 (465)
Open/close/exp size (steps): 77/36/77 (566)
Open/close/exp size (steps): 114/63/114 (688)
Open/close/exp size (steps): 59/25/59 (835)
Open/close/exp size (steps): 15/4/15 (1012)
Open/close/exp size (steps): 32/14/32 (1225)
Open/close/exp size (steps): 42/13/42 (1481)
Open/close/exp size (steps): 82/42/82 (1789)
Open/close/exp size (steps): 198/107/198 (2159)
Open/close/exp size (steps): 36/14/36 (2603)
Open/close/exp size (steps): 134/69/134 (3136)
Open/close/exp size (steps): 85/39/85 (3776)
0 0 0 0 0 0 0 0 0 0 0 0 0 0 0 0 0 0 0 0 0 0 0 0 0 0 0 0 0 0 0 0 0 0 0 0 0 0 0 0 0 0 0 0 0 0 0 0 0 0 0 0 0 0 0 0 0 0 0 0 0 0 0 0 0 0 0 0 0 0 0 0 0 0 0 0 0 0 0 0 0 0 0 0 0 0 0 0 0 0 0 0 0 0 0 0 0 0 0 0 0 0 0 0 0 0 0 0 0 0 0 0 0 0 0 0 0 0 0 0 0 0 0 0 0 0 0 0 0 0 0 0 0 0 0 0 0 0 0 0 0 0 0 0 0 0 0 0 0 0 0 0 0 0 0 0 0 0 0 0 0 0 0 0 0 0 0 0 0 0 0 0 0 0 0 0 0 0 0 0 0 0 0 0 0 0 0 0 0 0 0 0 0 0 0 0 0 0 0 1 0 0 0 0 0 0 0 0 0 0 0 0 0 0 0 0 0 0 0 0 0 0 0 0 0 0 
0 0 0 0 0 0 0 0 0 0 0 0 0 0 0 0 0 0 0 0 0 0 0 0 0 0 0 0 0 0 0 0 0 0 0 0 0 0 0 0 0 0 0 0 0 0 0 0 0 0 0 0 0 0 0 0 0 0 0 0 0 0 0 0 0 0 0 0 0 0 0 0 0 0 0 0 0 0 0 0 0 0 0 0 0 0 0 0 0 0 0 0 0 0 0 0 0 0 0 0 0 0 0 0 0 0 0 0 0 0 0 0 0 0 0 0 0 0 0 0 0 0 0 0 0 0 0 0 0 0 0 0 0 0 0 0 0 0 0 0 0 0 0 0 0 0 0 0 0 0 0 0 0 0 0 0 0 0 0 0 0 0 0 0 0 0 0 0 0 0 0 0 0 0 0 0 0 0 0 0 0 0 0 0 1 0 0 0 0 0 0 0 0 0 0 0 0 0 0 0 0 0 0 0 0 0 0 0 0 0 0 0 0 0 0 0 0 0 0 0 0 0 0 0 0 0 
0 0 0 0 0 0 0 0 0 0 0 0 0 0 0 0 0 0 0 0 0 0 0 0 0 0 0 0 0 0 0 0 0 0 0 0 0 0 0 0 0 0 0 0 0 0 0 0 0 0 0 0 0 0 0 0 0 0 0 0 0 0 0 0 0 0 0 0 0 0 0 0 0 0 0 0 0 0 0 0 0 0 0 0 0 0 0 0 0 0 0 0 0 0 0 0 0 0 0 0 0 0 0 0 0 0 0 0 0 0 0 0 0 0 0 0 0 0 0 0 0 0 0 0 0 0 0 0 0 0 0 0 0 0 0 0 0 0 0 0 0 0 0 0 0 0 0 0 0 0 0 0 0 0 0 0 0 0 0 0 0 0 0 0 0 0 0 0 0 0 0 0 0 0 0 0 0 0 0 0 0 0 0 0 0 1 0 0 0 0 0 0 0 0 0 0 0 0 0 0 0 0 0 0 0 0 0 0 0 0 0 0 0 0 0 0 0 0 0 0 0 0 0 0 0 0 
0 0 0 0 0 0 0 0 0 0 0 0 0 0 0 0 0 0 0 0 0 0 0 0 0 0 0 0 0 0 0 0 0 0 0 0 0 0 0 0 0 0 0 0 0 0 0 0 0 0 0 0 0 0 0 0 0 0 0 0 0 0 0 0 0 0 0 0 0 0 0 0 0 0 0 0 0 0 0 0 0 0 0 0 0 0 0 0 0 0 0 0 0 0 0 0 0 0 0 0 0 0 0 0 0 0 0 0 0 0 0 0 0 0 0 0 0 0 0 0 0 0 0 0 0 0 0 0 0 0 0 0 0 0 0 0 0 0 0 0 0 0 0 0 0 0 0 0 0 0 0 0 0 0 0 0 0 0 0 0 0 0 0 0 0 0 0 0 0 0 0 0 1 0 0 0 0 0 0 0 0 0 0 0 0 0 0 0 0 0 0 0 0 0 0 0 0 0 0 0 0 0 0 0 0 0 0 0 0 0 0 0 0 0 0 0 0 0 0 0 0 0 0 0 0 0 
0 0 0 0 0 0 0 0 0 0 0 0 0 0 0 0 0 0 0 0 0 0 0 0 0 0 0 0 0 0 0 0 0 0 0 0 0 0 0 0 0 0 0 0 0 0 0 0 0 0 0 0 0 0 0 0 0 0 0 0 0 0 0 0 0 0 0 0 0 0 0 0 0 0 0 0 0 0 0 0 0 0 0 0 0 0 0 0 0 0 0 0 0 0 0 0 0 0 0 0 0 0 0 0 0 0 0 0 0 0 0 0 0 0 0 0 0 0 0 0 0 0 0 0 0 0 0 0 0 0 0 0 0 0 0 0 0 0 0 0 0 0 0 0 0 0 0 0 0 0 0 0 0 0 0 0 0 1 0 0 0 0 0 0 0 0 0 0 0 0 0 0 0 0 0 0 0 0 0 0 0 0 0 0 0 0 0 0 0 0 0 0 0 0 0 0 0 0 0 0 0 0 0 0 0 0 0 0 0 0 0 0 0 0 0 0 0 0 0 0 0 0 0 0 0 0 
0 0 0 0 0 0 0 0 0 0 0 0 0 0 0 0 0 0 0 0 0 0 0 0 0 0 0 0 0 0 0 0 0 0 0 0 0 0 0 0 0 0 0 0 0 0 0 0 0 0 0 0 0 0 0 0 0 0 0 0 0 0 0 0 0 0 0 0 0 0 0 0 0 0 0 0 0 0 0 0 0 0 0 0 0 0 0 0 0 0 0 0 0 0 0 0 0 0 0 0 0 0 0 0 0 0 0 0 0 0 0 0 0 0 0 0 0 0 0 0 0 0 0 0 0 0 0 0 0 0 0 0 0 0 0 0 0 0 0 0 0 0 0 1 0 0 0 0 0 0 0 0 0 0 0 0 0 0 0 0 0 0 0 0 0 0 0 0 0 0 0 0 0 0 0 0 0 0 0 0 0 0 0 0 0 0 0 0 0 0 0 0 0 0 0 0 0 0 0 0 0 0 0 0 0 0 0 0 0 0 0 0 0 0 0 0 0 0 0 0 0 0 0 0 0 0 
0 0 0 0 0 0 0 0 0 0 0 0 0 0 0 0 0 0 0 0 0 0 0 0 0 0 0 0 0 0 0 0 0 0 0 0 0 0 0 0 0 0 0 0 0 0 0 0 0 0 0 0 0 0 0 0 0 0 0 0 0 0 0 0 0 0 0 0 0 0 0 0 0 0 0 0 0 0 0 0 0 0 0 0 0 0 0 0 0 0 0 0 0 0 0 0 0 0 0 0 0 0 0 0 0 0 0 0 0 0 0 0 0 0 0 0 0 0 0 0 0 0 0 0 0 0 0 0 0 1 0 0 0 0 0 0 0 0 0 0 0 0 0 0 0 0 0 0 0 0 0 0 0 0 0 0 0 0 0 0 0 0 0 0 0 0 0 0 0 0 0 0 0 0 0 0 0 0 0 0 0 0 0 0 0 0 0 0 0 0 0 0 0 0 0 0 0 0 0 0 0 0 0 0 0 0 0 0 0 0 0 0 0 0 0 0 0 0 0 0 0 0 0 0 0 0 
0 0 0 0 0 0 0 0 0 0 0 0 0 0 0 0 0 0 0 0 0 0 0 0 0 0 0 0 0 0 0 0 0 0 0 0 0 0 0 0 0 0 0 0 0 0 0 0 0 0 0 0 0 0 0 0 0 0 0 0 0 0 0 0 0 0 0 0 0 0 0 0 0 0 0 0 0 0 0 0 0 0 0 0 0 0 0 0 0 0 0 0 0 0 0 0 0 0 0 0 0 0 0 0 0 0 0 0 0 0 0 0 0 0 1 0 0 0 0 0 0 0 0 0 0 0 0 0 0 0 0 0 0 0 0 0 0 0 0 0 0 0 0 0 0 0 0 0 0 0 0 0 0 0 0 0 0 0 0 0 0 0 0 0 0 0 0 0 0 0 0 0 0 0 0 0 0 0 0 0 0 0 0 0 0 0 0 0 0 0 0 0 0 0 0 0 0 0 0 0 0 0 0 0 0 0 0 0 0 0 0 0 0 0 0 0 0 0 0 0 0 0 0 0 0 0 
0 0 0 0 0 0 0 0 0 0 0 0 0 0 0 0 0 0 0 0 0 0 0 0 0 0 0 0 0 0 0 0 0 0 0 0 0 0 0 0 0 0 0 0 0 0 0 0 0 0 0 0 0 0 0 0 0 0 0 0 0 0 0 0 0 0 0 0 0 0 0 0 0 0 0 0 0 0 0 0 0 0 0 0 0 0 0 0 0 0 0 0 0 0 0 0 0 0 0 1 0 0 0 0 0 0 0 0 0 0 0 0 0 0 0 0 0 0 0 0 0 0 0 0 0 0 0 0 0 0 0 0 0 0 0 0 0 0 0 0 0 0 0 0 0 0 0 0 0 0 0 0 0 0 0 0 0 0 0 0 0 0 0 0 0 0 0 0 0 0 0 0 0 0 0 0 0 0 0 0 0 0 0 0 0 0 0 0 0 0 0 0 0 0 0 0 0 0 0 0 0 0 0 0 0 0 0 0 0 0 0 0 0 0 0 0 0 0 0 0 0 0 0 0 0 0 
0 0 0 0 0 0 0 0 0 0 0 0 0 0 0 0 0 0 0 0 0 0 0 0 0 0 0 0 0 0 0 0 0 0 0 0 0 0 0 0 0 0 0 0 0 0 0 0 0 0 0 0 0 0 0 0 0 0 0 0 0 0 0 0 0 0 0 0 0 0 0 0 0 0 0 0 0 0 0 0 0 0 0 0 0 0 0 0 0 0 0 0 0 0 0 0 0 0 0 0 1 0 0 0 0 0 0 0 0 0 0 0 0 0 0 0 0 0 0 0 0 0 0 0 0 0 0 0 0 0 0 0 0 0 0 0 0 0 0 0 0 0 0 0 0 0 0 0 0 0 0 0 0 0 0 0 0 0 0 0 0 0 0 0 0 0 0 0 0 0 0 0 0 0 0 0 0 0 0 0 0 0 0 0 0 0 0 0 0 0 0 0 0 0 0 0 0 0 0 0 0 0 0 0 0 0 0 0 0 0 0 0 0 0 0 0 0 0 0 0 0 0 0 0 0 0 
0 0 0 0 0 0 0 0 0 0 0 0 0 0 0 0 0 0 0 0 0 0 0 0 0 0 0 0 0 0 0 0 0 0 0 0 0 0 0 0 0 0 0 0 0 0 0 0 0 0 0 0 0 0 0 0 0 0 0 0 0 0 0 0 0 0 0 0 0 0 0 0 0 0 0 0 0 0 0 0 0 0 0 0 0 0 1 0 0 0 0 0 0 0 0 0 0 0 0 0 0 0 0 0 0 0 0 0 0 0 0 0 0 0 0 0 0 0 0 0 0 0 0 0 0 0 0 0 0 0 0 0 0 0 0 0 0 0 0 0 0 0 0 0 0 0 0 0 0 0 0 0 0 0 0 0 0 0 0 0 0 0 0 0 0 0 0 0 0 0 0 0 0 0 0 0 0 0 0 0 0 0 0 0 0 0 0 0 0 0 0 0 0 0 0 0 0 0 0 0 0 0 0 0 0 0 0 0 0 0 0 0 0 0 0 0 0 0 0 0 0 0 0 0 0 0 
0 0 0 0 0 0 0 0 0 0 0 0 0 0 0 0 0 0 0 0 0 0 0 0 0 0 0 0 0 0 0 0 0 0 0 0 0 0 0 0 0 0 0 0 0 0 0 0 0 0 0 0 0 0 0 0 0 0 0 0 0 0 0 0 0 0 0 0 0 0 0 0 0 0 0 0 0 0 0 0 0 0 0 0 0 0 0 1 0 0 0 0 0 0 0 0 0 0 0 0 0 0 0 0 0 0 0 0 0 0 0 0 0 0 0 0 0 0 0 0 0 0 0 0 0 0 0 0 0 0 0 0 0 0 0 0 0 0 0 0 0 0 0 0 0 0 0 0 0 0 0 0 0 0 0 0 0 0 0 0 0 0 0 0 0 0 0 0 0 0 0 0 0 0 0 0 0 0 0 0 0 0 0 0 0 0 0 0 0 0 0 0 0 0 0 0 0 0 0 0 0 0 0 0 0 0 0 0 0 0 0 0 0 0 0 0 0 0 0 0 0 0 0 0 0 0 
0 0 0 0 0 0 0 0 0 0 0 0 0 0 0 0 0 0 0 0 0 0 0 0 0 0 0 0 0 0 0 0 0 0 0 0 0 0 0 0 0 0 0 0 0 0 0 0 0 0 0 0 0 0 0 0 0 0 0 0 0 0 0 0 0 0 0 0 0 0 0 0 0 1 0 0 0 0 0 0 0 0 0 0 0 0 0 0 0 0 0 0 0 0 0 0 0 0 0 0 0 0 0 0 0 0 0 0 0 0 0 0 0 0 0 0 0 0 0 0 0 0 0 0 0 0 0 0 0 0 0 0 0 0 0 0 0 0 0 0 0 0 0 0 0 0 0 0 0 0 0 0 0 0 0 0 0 0 0 0 0 0 0 0 0 0 0 0 0 0 0 0 0 0 0 0 0 0 0 0 0 0 0 0 0 0 0 0 0 0 0 0 0 0 0 0 0 0 0 0 0 0 0 0 0 0 0 0 0 0 0 0 0 0 0 0 0 0 0 0 0 0 0 0 0 0 
0 0 0 0 0 0 0 0 0 0 0 0 0 0 0 0 0 0 0 0 0 0 0 0 0 0 0 0 0 0 0 0 0 0 0 0 0 0 0 0 0 0 0 0 0 0 0 0 0 0 0 0 0 0 0 0 0 0 0 1 0 0 0 0 0 0 0 0 0 0 0 0 0 0 0 0 0 0 0 0 0 0 0 0 0 0 0 0 0 0 0 0 0 0 0 0 0 0 0 0 0 0 0 0 0 0 0 0 0 0 0 0 0 0 0 0 0 0 0 0 0 0 0 0 0 0 0 0 0 0 0 0 0 0 0 0 0 0 0 0 0 0 0 0 0 0 0 0 0 0 0 0 0 0 0 0 0 0 0 0 0 0 0 0 0 0 0 0 0 0 0 0 0 0 0 0 0 0 0 0 0 0 0 0 0 0 0 0 0 0 0 0 0 0 0 0 0 0 0 0 0 0 0 0 0 0 0 0 0 0 0 0 0 0 0 0 0 0 0 0 0 0 0 0 0 0 
0 0 0 0 0 0 0 0 0 0 0 0 0 0 0 0 0 0 0 0 0 0 0 0 0 0 0 0 0 0 0 0 0 0 0 0 0 0 0 0 0 0 0 0 0 0 0 0 0 0 0 0 0 0 0 0 0 0 0 0 1 0 0 0 0 0 0 0 0 0 0 0 0 0 0 0 0 0 0 0 0 0 0 0 0 0 0 0 0 0 0 0 0 0 0 0 0 0 0 0 0 0 0 0 0 0 0 0 0 0 0 0 0 0 0 0 0 0 0 0 0 0 0 0 0 0 0 0 0 0 0 0 0 0 0 0 0 0 0 0 0 0 0 0 0 0 0 0 0 0 0 0 0 0 0 0 0 0 0 0 0 0 0 0 0 0 0 0 0 0 0 0 0 0 0 0 0 0 0 0 0 0 0 0 0 0 0 0 0 0 0 0 0 0 0 0 0 0 0 0 0 0 0 0 0 0 0 0 0 0 0 0 0 0 0 0 0 0 0 0 0 0 0 0 0 0 

0 0 0 0 0 0 0 0 0 0 0 0 0 0 0 0 0 0 0 0 0 0 0 0 0 0 0 0 0 0 0 0 0 0 0 0 0 0 0 0 0 0 0 0 0 0 0 0 0 0 0 0 0 0 0 0 0 0 0 0 0 0 0 0 0 0 0 0 0 0 0 0 0 0 0 0 0 0 0 0 0 0 0 0 0 0 0 0 0 0 0 0 0 0 0 0 0 0 0 0 0 0 0 0 0 0 0 0 0 0 0 0 0 0 0 0 0 0 0 0 0 0 0 0 0 0 0 0 0 0 0 0 0 0 0 0 0 0 0 0 0 0 0 0 0 0 0 0 0 0 0 0 0 0 0 0 0 0 0 0 0 0 0 0 0 0 0 0 0 0 0 0 0 0 0 0 0 0 0 0 0 0 0 0 0 0 0 0 0 0 0 0 0 0 0 0 0 0 0 1 0 0 0 0 0 0 0 0 0 0 0 0 0 0 0 0 0 0 0 0 0 0 0 0 0 0 
0 0 0 0 0 0 0 0 0 0 0 0 0 0 0 0 0 0 0 0 0 0 0 0 0 0 0 0 0 0 0 0 0 0 0 0 0 0 0 0 0 0 0 0 0 0 0 0 0 0 0 0 0 0 0 0 0 0 0 0 0 0 0 0 0 0 0 0 0 0 0 0 0 0 0 0 0 0 0 0 0 0 0 0 0 0 0 0 0 0 0 0 0 0 0 0 0 0 0 0 0 0 0 0 0 0 0 0 0 0 0 0 0 0 0 0 0 0 0 0 0 0 0 0 0 0 0 0 0 0 0 0 0 0 0 0 0 0 0 0 0 0 0 0 0 0 0 0 0 0 0 0 0 0 0 0 0 0 0 0 0 0 0 0 0 0 0 0 0 0 0 0 0 0 0 0 0 0 0 0 0 0 0 0 1 0 0 0 0 0 0 0 0 0 0 0 0 0 0 0 0 0 0 0 0 0 0 0 0 0 0 0 0 0 0 0 0 0 0 0 0 0 0 0 0 0 
0 0 0 0 0 0 0 0 0 0 0 0 0 0 0 0 0 0 0 0 0 0 0 0 0 0 0 0 0 0 0 0 0 0 0 0 0 0 0 0 0 0 0 0 0 0 0 0 0 0 0 0 0 0 0 0 0 0 0 0 0 0 0 0 0 0 0 0 0 0 0 0 0 0 0 0 0 0 0 0 0 0 0 0 0 0 0 0 0 0 0 0 0 0 0 0 0 0 0 0 0 0 0 0 0 0 0 0 0 0 0 0 0 0 0 0 0 0 0 0 0 0 0 0 0 0 0 0 0 0 0 0 0 0 0 0 0 0 0 0 0 0 0 0 0 0 0 0 0 0 0 0 0 0 0 0 0 0 0 0 0 0 0 0 0 0 0 0 0 0 0 0 0 0 0 0 0 0 0 0 0 0 0 0 0 1 0 0 0 0 0 0 0 0 0 0 0 0 0 0 0 0 0 0 0 0 0 0 0 0 0 0 0 0 0 0 0 0 0 0 0 0 0 0 0 0 
0 0 0 0 0 0 0 0 0 0 0 0 0 0 0 0 0 0 0 0 0 0 0 0 0 0 0 0 0 0 0 0 0 0 0 0 0 0 0 0 0 0 0 0 0 0 0 0 0 0 0 0 0 0 0 0 0 0 0 0 0 0 0 0 0 0 0 0 0 0 0 0 0 0 0 0 0 0 0 0 0 0 0 0 0 0 0 0 0 0 0 0 0 0 0 0 0 0 0 0 0 0 0 0 0 0 0 0 0 0 0 0 0 0 0 0 0 0 0 0 0 0 0 0 0 0 0 0 0 0 0 0 0 0 0 0 0 0 0 0 0 0 0 0 0 0 0 0 0 0 0 0 0 0 0 0 0 0 0 0 0 0 0 0 0 0 0 0 0 0 0 0 1 0 0 0 0 0 0 0 0 0 0 0 0 0 0 0 0 0 0 0 0 0 0 0 0 0 0 0 0 0 0 0 0 0 0 0 0 0 0 0 0 0 0 0 0 0 0 0 0 0 0 0 0 0 
0 0 0 0 0 0 0 0 0 0 0 0 0 0 0 0 0 0 0 0 0 0 0 0 0 0 0 0 0 0 0 0 0 0 0 0 0 0 0 0 0 0 0 0 0 0 0 0 0 0 0 0 0 0 0 0 0 0 0 0 0 0 0 0 0 0 0 0 0 0 0 0 0 0 0 0 0 0 0 0 0 0 0 0 0 0 0 0 0 0 0 0 0 0 0 0 0 0 0 0 0 0 0 0 0 0 0 0 0 0 0 0 0 0 0 0 0 0 0 0 0 0 0 0 0 0 0 0 0 0 0 0 0 0 0 0 0 0 0 0 0 0 0 0 0 0 0 0 0 0 0 0 0 0 0 0 0 1 0 0 0 0 0 0 0 0 0 0 0 0 0 0 0 0 0 0 0 0 0 0 0 0 0 0 0 0 0 0 0 0 0 0 0 0 0 0 0 0 0 0 0 0 0 0 0 0 0 0 0 0 0 0 0 0 0 0 0 0 0 0 0 0 0 0 0 0 
0 0 0 0 0 0 0 0 0 0 0 0 0 0 0 0 0 0 0 0 0 0 0 0 0 0 0 0 0 0 0 0 0 0 0 0 0 0 0 0 0 0 0 0 0 0 0 0 0 0 0 0 0 0 0 0 0 0 0 0 0 0 0 0 0 0 0 0 0 0 0 0 0 0 0 0 0 0 0 0 0 0 0 0 0 0 0 0 0 0 0 0 0 0 0 0 0 0 0 0 0 0 0 0 0 0 0 0 0 0 0 0 0 0 0 0 0 0 0 0 0 0 0 0 0 0 0 0 0 0 0 0 0 0 0 0 0 0 0 0 0 0 0 1 0 0 0 0 0 0 0 0 0 0 0 0 0 0 0 0 0 0 0 0 0 0 0 0 0 0 0 0 0 0 0 0 0 0 0 0 0 0 0 0 0 0 0 0 0 0 0 0 0 0 0 0 0 0 0 0 0 0 0 0 0 0 0 0 0 0 0 0 0 0 0 0 0 0 0 0 0 0 0 0 0 0 
0 0 0 0 0 0 0 0 0 0 0 0 0 0 0 0 0 0 0 0 0 0 0 0 0 0 0 0 0 0 0 0 0 0 0 0 0 0 0 0 0 0 0 0 0 0 0 0 0 0 0 0 0 0 0 0 0 0 0 0 0 0 0 0 0 0 0 0 0 0 0 0 0 0 0 0 0 0 0 0 0 0 0 0 0 0 0 0 0 0 0 0 0 0 0 0 0 0 0 0 0 0 0 0 0 0 0 0 0 0 0 0 0 0 0 0 0 0 0 0 0 0 0 0 0 0 0 0 0 1 0 0 0 0 0 0 0 0 0 0 0 0 0 0 0 0 0 0 0 0 0 0 0 0 0 0 0 0 0 0 0 0 0 0 0 0 0 0 0 0 0 0 0 0 0 0 0 0 0 0 0 0 0 0 0 0 0 0 0 0 0 0 0 0 0 0 0 0 0 0 0 0 0 0 0 0 0 0 0 0 0 0 0 0 0 0 0 0 0 0 0 0 0 0 0 0 
0 0 0 0 0 0 0 0 0 0 0 0 0 0 0 0 0 0 0 0 0 0 0 0 0 0 0 0 0 0 0 0 0 0 0 0 0 0 0 0 0 0 0 0 0 0 0 0 0 0 0 0 0 0 0 0 0 0 0 0 0 0 0 0 0 0 0 0 0 0 0 0 0 0 0 0 0 0 0 0 0 0 0 0 0 0 0 0 0 0 0 0 0 0 0 0 0 0 0 0 0 0 0 0 0 0 0 0 0 0 0 0 0 0 1 0 0 0 0 0 0 0 0 0 0 0 0 0 0 0 0 0 0 0 0 0 0 0 0 0 0 0 0 0 0 0 0 0 0 0 0 0 0 0 0 0 0 0 0 0 0 0 0 0 0 0 0 0 0 0 0 0 0 0 0 0 0 0 0 0 0 0 0 0 0 0 0 0 0 0 0 0 0 0 0 0 0 0 0 0 0 0 0 0 0 0 0 0 0 0 0 0 0 0 0 0 0 0 0 0 0 0 0 0 0 0 
0 0 0 0 0 0 0 0 0 0 0 0 0 0 0 0 0 0 0 0 0 0 0 0 0 0 0 0 0 0 0 0 0 0 0 0 0 0 0 0 0 0 0 0 0 0 0 0 0 0 0 0 0 0 0 0 0 0 0 0 0 0 0 0 0 0 0 0 0 0 0 0 0 0 0 0 0 0 0 0 0 0 0 0 0 0 0 0 0 0 0 0 0 0 0 0 0 0 0 1 0 0 0 0 0 0 0 0 0 0 0 0 0 0 0 0 0 0 0 0 0 0 0 0 0 0 0 0 0 0 0 0 0 0 0 0 0 0 0 0 0 0 0 0 0 0 0 0 0 0 0 0 0 0 0 0 0 0 0 0 0 0 0 0 0 0 0 0 0 0 0 0 0 0 0 0 0 0 0 0 0 0 0 0 0 0 0 0 0 0 0 0 0 0 0 0 0 0 0 0 0 0 0 0 0 0 0 0 0 0 0 0 0 0 0 0 0 0 0 0 0 0 0 0 0 0 
0 0 0 0 0 0 0 0 0 0 0 0 0 0 0 0 0 0 0 0 0 0 0 0 0 0 0 0 0 0 0 0 0 0 0 0 0 0 0 0 0 0 0 0 0 0 0 0 0 0 0 0 0 0 0 0 0 0 0 0 0 0 0 0 0 0 0 0 0 0 0 0 0 0 0 0 0 0 0 0 0 0 0 0 0 0 0 0 0 0 0 0 0 0 0 0 0 0 0 0 1 0 0 0 0 0 0 0 0 0 0 0 0 0 0 0 0 0 0 0 0 0 0 0 0 0 0 0 0 0 0 0 0 0 0 0 0 0 0 0 0 0 0 0 0 0 0 0 0 0 0 0 0 0 0 0 0 0 0 0 0 0 0 0 0 0 0 0 0 0 0 0 0 0 0 0 0 0 0 0 0 0 0 0 0 0 0 0 0 0 0 0 0 0 0 0 0 0 0 0 0 0 0 0 0 0 0 0 0 0 0 0 0 0 0 0 0 0 0 0 0 0 0 0 0 0 
0 0 0 0 0 0 0 0 0 0 0 0 0 0 0 0 0 0 0 0 0 0 0 0 0 0 0 0 0 0 0 0 0 0 0 0 0 0 0 0 0 0 0 0 0 0 0 0 0 0 0 0 0 0 0 0 0 0 0 0 0 0 0 0 0 0 0 0 0 0 0 0 0 0 0 0 0 0 0 0 0 0 0 0 0 0 1 0 0 0 0 0 0 0 0 0 0 0 0 0 0 0 0 0 0 0 0 0 0 0 0 0 0 0 0 0 0 0 0 0 0 0 0 0 0 0 0 0 0 0 0 0 0 0 0 0 0 0 0 0 0 0 0 0 0 0 0 0 0 0 0 0 0 0 0 0 0 0 0 0 0 0 0 0 0 0 0 0 0 0 0 0 0 0 0 0 0 0 0 0 0 0 0 0 0 0 0 0 0 0 0 0 0 0 0 0 0 0 0 0 0 0 0 0 0 0 0 0 0 0 0 0 0 0 0 0 0 0 0 0 0 0 0 0 0 0 
0 0 0 0 0 0 0 0 0 0 0 0 0 0 0 0 0 0 0 0 0 0 0 0 0 0 0 0 0 0 0 0 0 0 0 0 0 0 0 0 0 0 0 0 0 0 0 0 0 0 0 0 0 0 0 0 0 0 0 0 0 0 0 0 0 0 0 0 0 0 0 0 0 0 0 0 0 0 0 0 0 0 0 0 0 0 0 1 0 0 0 0 0 0 0 0 0 0 0 0 0 0 0 0 0 0 0 0 0 0 0 0 0 0 0 0 0 0 0 0 0 0 0 0 0 0 0 0 0 0 0 0 0 0 0 0 0 0 0 0 0 0 0 0 0 0 0 0 0 0 0 0 0 0 0 0 0 0 0 0 0 0 0 0 0 0 0 0 0 0 0 0 0 0 0 0 0 0 0 0 0 0 0 0 0 0 0 0 0 0 0 0 0 0 0 0 0 0 0 0 0 0 0 0 0 0 0 0 0 0 0 0 0 0 0 0 0 0 0 0 0 0 0 0 0 0 
0 0 0 0 0 0 0 0 0 0 0 0 0 0 0 0 0 0 0 0 0 0 0 0 0 0 0 0 0 0 0 0 0 0 0 0 0 0 0 0 0 0 0 0 0 0 0 0 0 0 0 0 0 0 0 0 0 0 0 0 0 0 0 0 0 0 0 0 0 0 0 0 0 1 0 0 0 0 0 0 0 0 0 0 0 0 0 0 0 0 0 0 0 0 0 0 0 0 0 0 0 0 0 0 0 0 0 0 0 0 0 0 0 0 0 0 0 0 0 0 0 0 0 0 0 0 0 0 0 0 0 0 0 0 0 0 0 0 0 0 0 0 0 0 0 0 0 0 0 0 0 0 0 0 0 0 0 0 0 0 0 0 0 0 0 0 0 0 0 0 0 0 0 0 0 0 0 0 0 0 0 0 0 0 0 0 0 0 0 0 0 0 0 0 0 0 0 0 0 0 0 0 0 0 0 0 0 0 0 0 0 0 0 0 0 0 0 0 0 0 0 0 0 0 0 0 
0 0 0 0 0 0 0 0 0 0 0 0 0 0 0 0 0 0 0 0 0 0 0 0 0 0 0 0 0 0 0 0 0 0 0 0 0 0 0 0 0 0 0 0 0 0 0 0 0 0 0 0 0 0 0 0 0 0 0 1 0 0 0 0 0 0 0 0 0 0 0 0 0 0 0 0 0 0 0 0 0 0 0 0 0 0 0 0 0 0 0 0 0 0 0 0 0 0 0 0 0 0 0 0 0 0 0 0 0 0 0 0 0 0 0 0 0 0 0 0 0 0 0 0 0 0 0 0 0 0 0 0 0 0 0 0 0 0 0 0 0 0 0 0 0 0 0 0 0 0 0 0 0 0 0 0 0 0 0 0 0 0 0 0 0 0 0 0 0 0 0 0 0 0 0 0 0 0 0 0 0 0 0 0 0 0 0 0 0 0 0 0 0 0 0 0 0 0 0 0 0 0 0 0 0 0 0 0 0 0 0 0 0 0 0 0 0 0 0 0 0 0 0 0 0 0 
0 0 0 0 0 0 0 0 0 0 0 0 0 0 0 0 0 0 0 0 0 0 0 0 0 0 0 0 0 0 0 0 0 0 0 0 0 0 0 0 0 0 0 0 0 0 0 0 0 0 0 0 0 0 0 0 0 0 0 0 1 0 0 0 0 0 0 0 0 0 0 0 0 0 0 0 0 0 0 0 0 0 0 0 0 0 0 0 0 0 0 0 0 0 0 0 0 0 0 0 0 0 0 0 0 0 0 0 0 0 0 0 0 0 0 0 0 0 0 0 0 0 0 0 0 0 0 0 0 0 0 0 0 0 0 0 0 0 0 0 0 0 0 0 0 0 0 0 0 0 0 0 0 0 0 0 0 0 0 0 0 0 0 0 0 0 0 0 0 0 0 0 0 0 0 0 0 0 0 0 0 0 0 0 0 0 0 0 0 0 0 0 0 0 0 0 0 0 0 0 0 0 0 0 0 0 0 0 0 0 0 0 0 0 0 0 0 0 0 0 0 0 0 0 0 0 
0 0 0 0 0 0 0 0 0 0 0 0 0 0 0 0 0 0 0 0 0 0 0 0 0 0 0 0 0 0 0 0 0 0 0 0 0 0 0 0 0 0 0 0 0 0 0 0 0 0 0 0 0 0 0 0 0 0 0 0 1 0 0 0 0 0 0 0 0 0 0 0 0 0 0 0 0 0 0 0 0 0 0 0 0 0 0 0 0 0 0 0 0 0 0 0 0 0 0 0 0 0 0 0 0 0 0 0 0 0 0 0 0 0 0 0 0 0 0 0 0 0 0 0 0 0 0 0 0 0 0 0 0 0 0 0 0 0 0 0 0 0 0 0 0 0 0 0 0 0 0 0 0 0 0 0 0 0 0 0 0 0 0 0 0 0 0 0 0 0 0 0 0 0 0 0 0 0 0 0 0 0 0 0 0 0 0 0 0 0 0 0 0 0 0 0 0 0 0 0 0 0 0 0 0 0 0 0 0 0 0 0 0 0 0 0 0 0 0 0 0 0 0 0 0 0 
0 0 0 0 0 0 0 0 0 0 0 0 0 0 0 0 0 0 0 0 0 0 0 0 0 0 0 0 0 0 0 0 0 0 0 0 0 0 0 0 0 0 0 0 0 0 0 0 0 0 0 0 0 0 0 0 0 0 0 0 1 0 0 0 0 0 0 0 0 0 0 0 0 0 0 0 0 0 0 0 0 0 0 0 0 0 0 0 0 0 0 0 0 0 0 0 0 0 0 0 0 0 0 0 0 0 0 0 0 0 0 0 0 0 0 0 0 0 0 0 0 0 0 0 0 0 0 0 0 0 0 0 0 0 0 0 0 0 0 0 0 0 0 0 0 0 0 0 0 0 0 0 0 0 0 0 0 0 0 0 0 0 0 0 0 0 0 0 0 0 0 0 0 0 0 0 0 0 0 0 0 0 0 0 0 0 0 0 0 0 0 0 0 0 0 0 0 0 0 0 0 0 0 0 0 0 0 0 0 0 0 0 0 0 0 0 0 0 0 0 0 0 0 0 0 0 
0 0 0 0 0 0 0 0 0 0 0 0 0 0 0 0 0 0 0 0 0 0 0 0 0 0 0 0 0 0 0 0 0 0 0 0 0 0 0 0 0 0 0 0 0 0 0 0 0 0 0 0 0 0 0 0 0 0 0 0 1 0 0 0 0 0 0 0 0 0 0 0 0 0 0 0 0 0 0 0 0 0 0 0 0 0 0 0 0 0 0 0 0 0 0 0 0 0 0 0 0 0 0 0 0 0 0 0 0 0 0 0 0 0 0 0 0 0 0 0 0 0 0 0 0 0 0 0 0 0 0 0 0 0 0 0 0 0 0 0 0 0 0 0 0 0 0 0 0 0 0 0 0 0 0 0 0 0 0 0 0 0 0 0 0 0 0 0 0 0 0 0 0 0 0 0 0 0 0 0 0 0 0 0 0 0 0 0 0 0 0 0 0 0 0 0 0 0 0 0 0 0 0 0 0 0 0 0 0 0 0 0 0 0 0 0 0 0 0 0 0 0 0 0 0 0 
0 0 0 0 0 0 0 0 0 0 0 0 0 0 0 0 0 0 0 0 0 0 0 0 0 0 0 0 0 0 0 0 0 0 0 0 0 0 0 0 0 0 0 0 0 0 0 0 0 0 0 0 0 0 0 0 0 0 0 0 1 0 0 0 0 0 0 0 0 0 0 0 0 0 0 0 0 0 0 0 0 0 0 0 0 0 0 0 0 0 0 0 0 0 0 0 0 0 0 0 0 0 0 0 0 0 0 0 0 0 0 0 0 0 0 0 0 0 0 0 0 0 0 0 0 0 0 0 0 0 0 0 0 0 0 0 0 0 0 0 0 0 0 0 0 0 0 0 0 0 0 0 0 0 0 0 0 0 0 0 0 0 0 0 0 0 0 0 0 0 0 0 0 0 0 0 0 0 0 0 0 0 0 0 0 0 0 0 0 0 0 0 0 0 0 0 0 0 0 0 0 0 0 0 0 0 0 0 0 0 0 0 0 0 0 0 0 0 0 0 0 0 0 0 0 0 
0 0 0 0 0 0 0 0 0 0 0 0 0 0 0 0 0 0 0 0 0 0 0 0 0 0 0 0 0 0 0 0 0 0 0 0 0 0 0 0 0 0 0 0 0 0 0 0 0 0 0 0 0 0 0 0 0 0 0 0 1 0 0 0 0 0 0 0 0 0 0 0 0 0 0 0 0 0 0 0 0 0 0 0 0 0 0 0 0 0 0 0 0 0 0 0 0 0 0 0 0 0 0 0 0 0 0 0 0 0 0 0 0 0 0 0 0 0 0 0 0 0 0 0 0 0 0 0 0 0 0 0 0 0 0 0 0 0 0 0 0 0 0 0 0 0 0 0 0 0 0 0 0 0 0 0 0 0 0 0 0 0 0 0 0 0 0 0 0 0 0 0 0 0 0 0 0 0 0 0 0 0 0 0 0 0 0 0 0 0 0 0 0 0 0 0 0 0 0 0 0 0 0 0 0 0 0 0 0 0 0 0 0 0 0 0 0 0 0 0 0 0 0 0 0 0 
0 0 0 0 0 0 0 0 0 0 0 0 0 0 0 0 0 0 0 0 0 0 0 0 0 0 0 0 0 0 0 0 0 0 0 0 0 0 0 0 0 0 0 0 0 0 0 0 0 0 0 0 0 0 0 0 0 0 0 0 1 0 0 0 0 0 0 0 0 0 0 0 0 0 0 0 0 0 0 0 0 0 0 0 0 0 0 0 0 0 0 0 0 0 0 0 0 0 0 0 0 0 0 0 0 0 0 0 0 0 0 0 0 0 0 0 0 0 0 0 0 0 0 0 0 0 0 0 0 0 0 0 0 0 0 0 0 0 0 0 0 0 0 0 0 0 0 0 0 0 0 0 0 0 0 0 0 0 0 0 0 0 0 0 0 0 0 0 0 0 0 0 0 0 0 0 0 0 0 0 0 0 0 0 0 0 0 0 0 0 0 0 0 0 0 0 0 0 0 0 0 0 0 0 0 0 0 0 0 0 0 0 0 0 0 0 0 0 0 0 0 0 0 0 0 0 
0 0 0 0 0 0 0 0 0 0 0 0 0 0 0 0 0 0 0 0 0 0 0 0 0 0 0 0 0 0 0 0 0 0 0 0 0 0 0 0 0 0 0 0 0 0 0 0 0 0 0 0 0 0 0 0 0 0 0 0 1 0 0 0 0 0 0 0 0 0 0 0 0 0 0 0 0 0 0 0 0 0 0 0 0 0 0 0 0 0 0 0 0 0 0 0 0 0 0 0 0 0 0 0 0 0 0 0 0 0 0 0 0 0 0 0 0 0 0 0 0 0 0 0 0 0 0 0 0 0 0 0 0 0 0 0 0 0 0 0 0 0 0 0 0 0 0 0 0 0 0 0 0 0 0 0 0 0 0 0 0 0 0 0 0 0 0 0 0 0 0 0 0 0 0 0 0 0 0 0 0 0 0 0 0 0 0 0 0 0 0 0 0 0 0 0 0 0 0 0 0 0 0 0 0 0 0 0 0 0 0 0 0 0 0 0 0 0 0 0 0 0 0 0 0 0 
0 0 0 0 0 0 0 0 0 0 0 0 0 0 0 0 0 0 0 0 0 0 0 0 0 0 0 0 0 0 0 0 0 0 0 0 0 0 0 0 0 0 0 0 0 0 0 0 0 0 0 0 0 0 0 0 0 0 0 0 1 0 0 0 0 0 0 0 0 0 0 0 0 0 0 0 0 0 0 0 0 0 0 0 0 0 0 0 0 0 0 0 0 0 0 0 0 0 0 0 0 0 0 0 0 0 0 0 0 0 0 0 0 0 0 0 0 0 0 0 0 0 0 0 0 0 0 0 0 0 0 0 0 0 0 0 0 0 0 0 0 0 0 0 0 0 0 0 0 0 0 0 0 0 0 0 0 0 0 0 0 0 0 0 0 0 0 0 0 0 0 0 0 0 0 0 0 0 0 0 0 0 0 0 0 0 0 0 0 0 0 0 0 0 0 0 0 0 0 0 0 0 0 0 0 0 0 0 0 0 0 0 0 0 0 0 0 0 0 0 0 0 0 0 0 0 
0 0 0 0 0 0 0 0 0 0 0 0 0 0 0 0 0 0 0 0 0 0 0 0 0 0 0 0 0 0 0 0 0 0 0 0 0 0 0 0 0 0 0 0 0 0 0 0 0 0 0 0 0 0 0 0 0 0 0 0 1 0 0 0 0 0 0 0 0 0 0 0 0 0 0 0 0 0 0 0 0 0 0 0 0 0 0 0 0 0 0 0 0 0 0 0 0 0 0 0 0 0 0 0 0 0 0 0 0 0 0 0 0 0 0 0 0 0 0 0 0 0 0 0 0 0 0 0 0 0 0 0 0 0 0 0 0 0 0 0 0 0 0 0 0 0 0 0 0 0 0 0 0 0 0 0 0 0 0 0 0 0 0 0 0 0 0 0 0 0 0 0 0 0 0 0 0 0 0 0 0 0 0 0 0 0 0 0 0 0 0 0 0 0 0 0 0 0 0 0 0 0 0 0 0 0 0 0 0 0 0 0 0 0 0 0 0 0 0 0 0 0 0 0 0 0 
0 0 0 0 0 0 0 0 0 0 0 0 0 0 0 0 0 0 0 0 0 0 0 0 0 0 0 0 0 0 0 0 0 0 0 0 0 0 0 0 0 0 0 0 0 0 0 0 0 0 0 0 0 0 0 0 0 0 0 0 1 0 0 0 0 0 0 0 0 0 0 0 0 0 0 0 0 0 0 0 0 0 0 0 0 0 0 0 0 0 0 0 0 0 0 0 0 0 0 0 0 0 0 0 0 0 0 0 0 0 0 0 0 0 0 0 0 0 0 0 0 0 0 0 0 0 0 0 0 0 0 0 0 0 0 0 0 0 0 0 0 0 0 0 0 0 0 0 0 0 0 0 0 0 0 0 0 0 0 0 0 0 0 0 0 0 0 0 0 0 0 0 0 0 0 0 0 0 0 0 0 0 0 0 0 0 0 0 0 0 0 0 0 0 0 0 0 0 0 0 0 0 0 0 0 0 0 0 0 0 0 0 0 0 0 0 0 0 0 0 0 0 0 0 0 0 

Groups 0 and 2 collide.
Solution of group 0
Mulirobot solution: (|moves| = 14, paralellism = 1.000) [
    Step 0: 1#199->184 
    Step 1: 1#184->185 
    Step 2: 1#185->172 
    Step 3: 1#172->157 
    Step 4: 1#157->143 
    Step 5: 1#143->129 
    Step 6: 1#129->114 
    Step 7: 1#114->99 
    Step 8: 1#99->100 
    Step 9: 1#100->86 
    Step 10: 1#86->87 
    Step 11: 1#87->73 
    Step 12: 1#73->59 
    Step 13: 1#59->60 
]
Solution of group 2
Mulirobot solution: (|moves| = 24, paralellism = 1.000) [
    Step 0: 1#26->25 
    Step 1: 1#25->24 
    Step 2: 1#24->38 
    Step 3: 1#38->37 
    Step 4: 1#37->48 
    Step 5: 1#48->63 
    Step 6: 1#63->62 
    Step 7: 1#62->61 
    Step 8: 1#61->76 
    Step 9: 1#76->75 
    Step 10: 1#75->74 
    Step 11: 1#74->73 
    Step 12: 1#73->87 
    Step 13: 1#87->86 
    Step 14: 1#86->100 
    Step 15: 1#100->99 
    Step 16: 1#99->114 
    Step 17: 1#114->129 
    Step 18: 1#129->143 
    Step 19: 1#143->157 
    Step 20: 1#157->172 
    Step 21: 1#172->185 
    Step 22: 1#185->184 
    Step 23: 1#184->199 
]
Occupation table complementary for group 0
1 1 1 1 1 1 1 0 1 1 0 0 0 0 0 1 0 0 0 0 1 0 0 1 1 1 1 1 1 1 0 0 1 1 1 0 1 0 0 0 0 0 1 1 1 1 1 1 1 0 0 1 0 1 0 0 1 0 1 1 0 0 0 1 1 0 0 0 1 1 1 1 0 1 1 0 1 1 1 1 1 0 0 0 1 1 1 0 0 1 0 1 0 1 0 1 1 1 1 1 0 0 1 1 0 1 0 1 1 0 1 1 0 1 1 1 1 0 1 0 1 0 0 1 1 0 1 1 1 1 0 0 1 1 1 1 1 0 0 0 1 1 0 1 0 0 1 0 1 0 1 0 1 0 0 1 0 0 1 1 1 0 0 0 1 1 0 1 0 1 0 1 1 1 0 1 1 1 1 1 0 1 1 0 1 0 0 0 0 1 1 1 1 0 1 1 0 1 1 0 1 1 0 1 0 0 1 0 0 1 1 1 0 1 0 1 1 0 0 1 0 0 0 0 0 0 
0 1 1 1 1 1 0 0 0 1 1 0 0 0 0 1 1 0 0 1 0 0 1 0 0 1 1 0 1 1 0 1 0 1 0 1 0 0 1 0 0 1 0 0 0 1 0 1 0 0 1 0 0 1 0 1 1 0 1 1 1 1 0 1 0 0 0 0 1 0 1 0 0 1 1 0 1 0 1 1 0 1 0 0 1 0 0 1 1 0 0 0 0 1 0 1 1 1 1 0 1 1 0 0 0 1 0 0 0 0 0 1 1 1 1 0 0 1 0 1 1 1 1 1 0 1 1 0 1 1 0 1 1 0 1 0 0 0 0 0 0 0 0 0 1 0 0 0 0 1 1 1 0 0 1 0 0 1 1 1 1 1 1 1 1 0 1 0 1 1 1 0 0 0 0 0 0 1 1 1 0 0 0 1 0 1 1 0 1 0 0 1 0 0 1 0 1 0 0 1 0 1 1 0 1 1 0 0 1 1 1 0 0 0 1 0 0 0 0 0 0 0 0 0 0 0 
0 1 1 1 1 0 0 0 0 0 1 1 0 1 0 0 1 0 1 0 0 0 0 0 1 0 0 0 1 1 0 0 0 0 1 0 1 1 0 1 0 1 0 1 0 1 0 0 0 1 0 0 0 0 1 0 1 1 0 1 0 1 1 1 0 0 0 0 0 1 1 0 0 1 1 1 0 1 1 1 1 0 0 1 1 1 1 0 0 1 1 1 0 0 1 0 1 1 1 1 1 0 1 0 1 1 1 0 0 0 0 1 0 0 0 1 1 0 0 0 0 0 1 0 0 0 1 1 0 1 1 0 0 1 0 1 1 1 0 0 0 0 0 1 0 1 1 1 1 1 1 1 0 0 1 0 0 1 1 0 0 1 1 1 1 1 0 1 0 1 0 1 1 0 0 1 0 0 1 0 0 0 1 0 1 0 1 1 0 0 1 0 0 1 0 0 0 0 0 0 1 0 0 0 0 1 0 0 1 1 1 0 0 0 0 1 0 0 0 0 0 0 0 0 0 0 
0 0 0 1 0 0 0 0 0 0 0 1 1 0 0 0 1 1 1 0 0 0 1 0 1 0 0 0 0 1 0 1 0 0 0 1 0 0 1 0 0 1 0 0 0 1 0 1 1 0 0 1 0 0 1 1 1 1 1 1 0 1 1 1 0 0 0 0 1 0 1 0 0 1 1 1 1 1 0 1 0 0 0 0 1 1 0 1 0 1 1 1 0 0 1 1 1 1 1 1 1 1 0 1 0 0 1 0 0 0 0 0 0 0 0 1 1 0 0 0 0 1 0 0 0 0 0 1 1 0 0 0 1 1 1 1 1 1 0 0 1 0 0 1 0 0 0 1 1 1 0 1 0 0 1 0 1 1 0 1 1 1 0 1 1 0 1 0 0 1 0 0 1 1 1 0 0 1 0 0 1 0 1 1 0 1 0 0 1 0 0 0 0 0 0 0 0 0 0 0 0 1 0 0 0 1 0 1 1 1 0 0 0 0 0 0 1 0 0 0 0 0 0 0 0 0 
0 0 0 0 0 0 0 0 1 0 0 1 1 0 0 0 0 0 1 0 0 0 0 0 0 0 0 0 0 1 1 1 0 1 0 0 1 1 1 0 0 1 0 1 0 0 0 0 1 0 0 0 0 1 1 1 1 1 1 1 1 1 1 1 0 0 1 0 0 0 0 0 0 1 1 1 1 1 1 1 0 0 0 1 1 0 1 1 0 1 0 0 0 0 1 0 0 1 1 1 1 0 1 0 0 0 1 0 0 0 1 0 0 0 1 0 0 1 1 0 1 1 1 0 0 1 0 0 1 1 0 0 0 1 0 1 1 0 0 0 0 0 0 0 0 0 1 1 1 1 1 1 0 0 1 0 1 1 1 1 1 0 1 1 0 1 0 0 0 0 0 0 1 0 1 0 0 0 0 0 0 0 0 0 1 0 0 0 1 0 0 0 0 1 0 0 1 0 0 0 0 0 1 0 0 1 0 0 1 0 0 0 0 0 0 0 0 1 0 0 0 1 0 0 0 0 
0 0 0 0 0 0 0 1 0 0 1 0 0 1 0 0 0 0 0 0 0 0 1 0 0 0 0 0 1 0 0 1 0 1 0 0 0 0 0 0 0 1 1 1 0 0 0 1 1 1 0 0 0 0 1 0 1 1 1 1 0 0 1 1 0 0 0 0 0 1 0 0 0 1 1 1 1 1 1 1 0 1 0 0 1 0 1 1 1 1 0 1 0 0 1 1 0 1 0 1 1 1 1 0 0 1 1 1 0 0 1 0 1 0 0 0 0 1 1 0 1 1 0 0 0 1 0 0 0 1 0 0 1 1 0 1 1 0 0 0 1 0 0 1 1 1 0 0 1 1 1 0 0 0 1 0 1 1 0 1 0 1 1 1 1 1 0 0 0 0 0 0 1 1 0 1 0 0 0 0 1 0 0 0 0 1 0 0 1 0 0 0 0 0 0 0 1 0 0 0 0 0 0 1 0 1 0 1 0 0 0 0 0 0 0 0 0 0 1 0 0 1 0 0 0 0 
0 0 0 0 0 0 0 1 1 1 0 0 0 1 0 0 0 0 0 0 0 0 0 0 0 0 0 0 1 0 0 0 0 1 0 0 1 0 0 0 0 0 0 1 0 0 0 0 1 0 1 0 0 0 1 1 1 1 1 0 1 1 0 1 1 0 0 0 0 1 1 0 0 1 1 1 1 0 1 1 0 0 0 0 1 0 1 1 1 1 1 1 1 1 1 1 1 1 1 1 1 1 0 1 0 1 0 0 0 0 1 0 0 1 0 1 1 1 1 1 1 0 0 0 0 1 1 1 0 0 1 1 0 0 1 0 1 0 0 0 1 0 0 1 0 0 0 1 1 1 1 1 0 0 1 0 1 1 1 0 0 1 1 1 1 1 0 0 0 0 0 0 1 0 1 1 0 0 0 0 1 0 0 0 0 1 1 0 1 0 0 0 0 0 0 0 1 0 0 0 0 0 0 0 1 1 1 0 0 0 0 0 0 0 0 0 0 0 0 1 0 1 0 0 0 0 
0 0 0 0 0 0 0 1 1 1 0 0 0 1 0 0 0 0 0 0 0 0 0 0 0 0 0 0 1 0 0 0 0 1 0 0 1 1 0 0 0 0 0 0 1 0 0 1 1 0 0 1 0 1 0 0 1 1 1 1 0 0 1 1 0 0 0 0 0 1 1 1 0 1 1 1 1 1 1 1 1 0 0 1 1 0 1 1 1 1 0 0 0 0 1 0 1 1 0 1 0 1 1 1 1 0 0 0 1 0 1 0 0 0 1 1 1 0 1 1 0 0 0 0 0 1 0 1 1 0 1 1 0 1 0 0 1 1 0 0 0 0 0 0 1 0 0 0 0 1 1 0 0 0 1 0 1 1 0 0 1 1 0 1 1 0 0 0 0 0 0 0 1 1 0 1 0 0 0 0 0 0 0 0 0 1 0 1 1 0 0 0 0 1 0 0 1 0 0 0 1 0 0 0 0 1 0 0 0 0 0 0 0 0 0 0 0 0 0 0 1 1 0 0 0 0 
0 0 0 0 0 0 0 1 0 0 1 0 0 1 0 0 0 0 0 0 0 0 1 0 0 0 0 0 1 0 0 0 0 1 0 0 1 0 1 1 0 0 0 0 1 1 0 0 1 1 0 0 0 0 0 0 1 1 1 1 0 1 0 1 0 1 0 0 1 1 0 0 1 1 1 1 1 1 1 1 1 0 0 0 1 1 1 1 1 1 0 0 1 0 1 1 1 1 1 1 1 1 1 1 0 0 0 0 0 0 0 1 0 0 1 1 1 0 1 1 0 0 0 1 0 1 0 0 1 1 1 1 1 1 0 1 0 0 1 0 0 0 0 0 1 0 0 0 0 1 1 1 0 0 1 0 1 0 0 0 1 0 1 1 1 0 0 0 0 1 0 0 1 1 0 1 1 0 0 0 0 0 0 0 0 1 1 1 1 0 0 0 0 0 0 0 1 0 0 0 0 0 0 0 1 1 1 0 1 0 0 0 0 0 1 0 0 0 0 0 0 1 0 0 0 0 
0 0 0 0 0 0 0 1 0 0 0 1 0 1 0 0 0 0 0 0 0 0 0 0 1 0 0 0 1 0 0 0 0 1 0 1 1 1 0 1 0 0 0 1 1 0 0 0 1 0 1 0 0 1 0 0 0 1 1 1 1 0 0 1 0 0 0 0 0 1 1 0 1 1 1 1 1 0 0 1 0 0 0 1 1 0 1 1 1 1 0 0 1 0 1 0 1 1 0 1 0 1 1 1 0 0 0 1 0 0 0 0 0 1 0 1 0 1 0 1 0 0 0 0 0 1 1 0 1 1 1 1 0 1 1 0 1 1 1 0 0 0 0 1 1 0 0 1 0 1 1 1 0 0 1 0 1 0 0 1 0 1 0 1 1 1 0 0 0 0 0 0 1 1 1 1 1 0 0 0 0 0 1 0 0 1 0 1 1 1 0 0 0 0 0 0 1 0 0 0 0 1 0 0 1 1 0 1 1 0 0 0 0 0 0 1 0 0 0 0 0 1 1 0 0 0 
0 0 0 0 0 0 0 1 0 0 0 1 0 1 0 0 0 0 0 0 0 0 0 0 1 0 0 0 1 0 0 1 0 1 1 1 1 0 1 1 0 0 0 0 1 0 0 0 0 1 1 1 0 0 1 1 1 1 1 1 0 1 0 1 0 0 0 0 1 1 0 0 1 1 1 1 1 0 0 1 1 0 0 1 1 0 1 1 1 1 0 0 0 0 1 0 1 1 0 1 0 1 1 1 0 0 0 1 1 0 0 0 1 1 0 1 1 1 0 1 0 1 0 0 0 1 0 1 0 0 1 1 0 1 1 0 0 1 1 1 0 1 0 1 1 1 0 0 0 1 1 1 0 0 1 0 1 1 1 0 0 1 0 1 1 0 1 0 0 0 0 0 1 0 1 1 1 0 0 0 0 0 0 0 0 1 0 1 1 0 1 0 0 0 0 0 1 0 0 0 1 0 0 1 1 1 0 0 1 0 0 0 0 0 0 1 1 0 0 0 0 1 0 1 0 0 
0 0 0 0 0 0 0 1 0 0 0 0 1 1 0 0 0 0 0 0 0 1 0 0 1 1 0 0 1 0 0 0 1 1 1 1 1 0 0 1 0 0 1 0 1 1 0 0 0 1 1 0 1 1 0 1 0 1 1 1 1 0 1 1 0 0 0 0 0 1 0 0 1 1 1 1 1 1 0 1 0 0 0 1 1 0 1 1 1 1 0 0 1 0 1 0 1 1 0 1 1 1 0 1 0 0 1 1 1 0 0 1 0 1 0 1 1 1 0 1 1 0 1 0 0 1 1 1 1 0 1 1 1 1 1 1 0 1 1 1 0 0 0 0 1 0 0 0 0 1 1 1 0 0 1 1 1 1 1 1 0 0 1 1 1 0 0 1 0 0 0 0 1 1 1 1 1 0 0 0 0 0 0 0 0 1 0 1 1 1 1 0 0 0 0 0 1 0 0 0 0 0 0 1 1 1 0 0 1 1 0 0 1 0 1 1 1 0 0 0 0 1 0 1 0 0 
0 0 0 0 0 0 0 1 0 0 0 0 0 1 0 0 0 0 0 0 0 1 0 0 0 1 0 0 1 0 0 0 1 1 1 0 1 0 0 1 0 1 0 0 1 1 0 0 0 1 1 0 1 0 1 0 1 1 1 1 1 0 0 1 0 0 0 0 0 1 0 0 1 1 1 1 1 1 1 1 0 0 0 1 1 0 1 1 1 1 0 1 0 1 1 0 1 1 0 1 1 1 0 1 0 0 0 1 1 0 0 1 0 1 0 1 1 1 0 1 0 0 0 0 0 1 1 1 0 1 1 1 0 1 1 0 0 1 1 1 0 0 0 0 1 0 1 0 1 1 1 1 0 0 1 0 1 0 1 1 1 0 1 1 1 0 0 1 0 0 1 0 1 0 1 1 1 1 0 0 0 0 0 0 0 1 1 1 1 0 1 0 0 0 0 0 1 0 0 0 0 0 0 1 1 1 0 0 1 1 1 0 1 0 1 1 1 0 0 0 0 1 0 1 0 0 
0 0 0 0 0 0 0 1 0 0 0 0 0 1 1 0 0 0 0 0 0 1 1 0 0 1 1 0 1 0 0 0 1 1 1 0 1 0 0 1 0 1 0 0 1 1 0 0 0 1 1 0 1 1 0 0 1 1 1 1 0 1 0 1 1 0 0 0 0 1 0 0 1 0 1 1 0 0 1 1 0 0 0 1 1 0 1 1 1 1 0 0 0 1 1 0 1 1 1 1 1 1 0 1 0 0 0 1 1 0 0 1 0 1 0 1 1 1 1 1 0 0 0 0 0 1 1 1 0 0 1 1 0 1 1 0 0 1 1 1 0 0 0 1 1 0 0 0 0 1 1 1 0 0 1 0 1 0 0 1 1 1 1 1 1 0 0 1 0 0 0 1 1 0 1 1 1 0 1 0 0 0 0 0 0 1 1 1 1 0 1 0 0 0 1 0 1 0 0 0 0 0 0 1 1 1 0 0 1 1 0 0 1 0 1 1 1 0 1 0 0 1 0 1 0 0 
0 0 0 0 0 0 0 1 1 0 0 0 0 1 1 0 0 0 0 0 0 1 0 0 0 1 1 0 1 1 0 0 1 1 1 1 1 0 0 1 0 1 0 1 1 1 0 0 0 1 1 0 1 0 0 0 0 1 1 1 0 0 1 1 1 1 0 0 1 1 0 0 1 0 1 1 0 0 0 1 1 0 0 1 1 0 1 1 1 1 0 0 0 1 1 0 1 1 1 1 0 1 0 1 0 0 0 1 1 0 0 1 0 1 0 1 1 1 0 1 0 0 0 0 0 1 1 1 0 0 1 1 0 1 1 0 0 1 1 1 0 0 0 0 1 1 0 0 0 1 1 1 0 0 1 0 1 1 0 0 1 0 1 1 1 0 1 1 0 0 0 0 1 0 1 1 1 0 0 1 0 0 0 1 0 1 1 1 1 0 1 0 0 0 0 1 1 0 0 0 0 0 0 1 1 1 0 0 1 1 0 0 1 0 1 1 1 0 1 0 0 1 0 1 0 0 
0 0 0 0 0 0 0 1 0 1 0 0 0 1 1 0 1 0 0 0 0 1 0 0 0 1 1 0 1 0 0 1 1 1 1 0 1 0 0 1 0 1 0 0 1 1 0 0 0 1 1 0 1 0 0 0 1 1 1 1 0 0 1 1 1 0 1 0 1 1 0 0 1 0 1 1 0 0 0 1 1 1 0 1 1 1 1 1 1 1 0 0 0 1 1 0 1 1 1 1 1 1 0 1 0 0 0 1 1 0 0 1 0 1 0 1 1 1 0 1 0 0 0 0 0 1 1 1 0 0 1 1 1 1 1 0 0 1 1 1 0 0 0 0 1 1 0 0 0 1 1 1 0 0 1 0 1 1 0 0 1 1 1 1 1 0 0 1 0 0 0 0 1 0 1 1 1 0 0 1 0 0 0 0 0 1 1 1 1 0 1 0 0 0 0 1 1 0 1 0 0 0 0 1 1 1 0 0 1 1 0 0 1 0 1 1 1 0 1 0 0 1 0 1 0 0 
0 1 0 0 0 0 0 1 0 0 1 0 0 1 1 0 0 0 0 0 0 1 1 0 0 1 1 0 1 0 1 1 1 1 1 1 1 0 0 1 0 1 0 1 1 1 0 0 1 1 1 0 1 0 0 1 1 1 1 1 0 1 0 1 1 0 1 0 1 1 1 0 1 0 1 1 0 0 0 1 0 1 0 1 1 1 1 1 1 1 0 0 1 1 1 0 1 1 0 1 0 1 0 1 0 0 0 1 1 0 0 1 0 1 0 1 1 1 0 1 0 0 0 0 0 1 1 1 0 0 1 1 0 1 1 0 0 1 1 1 0 0 0 0 1 1 0 0 0 1 1 1 0 0 1 0 1 1 0 0 1 0 1 1 1 0 0 1 1 0 0 0 1 0 1 1 1 0 0 1 0 0 0 0 0 1 1 1 1 0 1 0 0 0 0 1 1 0 0 1 0 0 0 1 1 1 0 0 1 1 0 0 1 0 1 1 1 0 1 0 0 1 0 1 0 0 
1 0 0 0 0 0 0 1 0 0 0 1 0 1 1 0 0 0 0 0 0 1 0 1 0 1 1 0 1 0 1 1 1 1 1 0 1 0 0 1 0 1 0 0 1 1 1 0 1 1 1 0 1 0 0 1 1 1 1 1 0 1 0 1 1 0 1 0 1 1 1 0 1 0 1 1 0 0 0 1 0 1 0 1 1 1 1 1 1 1 0 0 0 1 1 0 1 1 0 1 0 1 0 1 0 0 0 1 1 0 0 1 1 1 1 1 1 1 0 1 0 0 1 0 0 1 1 1 0 0 1 1 0 1 1 0 0 1 1 1 0 0 0 0 1 1 0 0 0 1 1 1 0 0 1 0 1 1 0 1 1 0 1 1 1 1 0 1 0 0 0 0 1 0 1 1 1 0 0 1 0 1 0 0 0 1 1 1 1 0 1 0 0 0 0 1 1 0 0 0 1 0 0 1 1 1 0 0 1 1 0 0 1 0 1 1 1 1 1 0 0 1 0 1 0 0 
1 0 0 0 0 0 0 1 0 0 0 0 0 1 1 0 0 0 1 0 0 1 0 1 1 1 1 0 1 0 1 1 1 1 1 0 1 0 0 1 0 1 0 1 1 1 1 0 1 1 1 0 1 0 1 1 0 1 1 1 0 1 0 1 1 0 1 0 1 1 1 0 1 0 1 1 0 0 0 1 0 1 0 1 1 1 1 1 1 1 0 0 0 1 1 0 1 1 0 1 0 1 0 1 0 0 0 1 1 0 0 1 0 1 0 1 1 1 0 1 0 0 0 1 0 1 1 1 0 1 1 1 0 1 1 1 0 1 1 1 0 0 0 0 1 1 0 0 0 1 1 1 0 0 1 0 1 1 0 1 1 0 1 1 1 0 1 1 0 0 0 0 1 0 1 1 1 0 0 1 0 0 0 0 0 1 1 1 1 0 1 0 0 0 0 1 1 0 0 0 0 1 0 1 1 1 0 0 1 1 0 0 1 0 1 1 1 1 1 0 0 1 0 1 0 0 
1 0 0 0 0 0 0 1 0 0 0 0 0 1 1 0 0 1 0 1 0 1 0 1 1 1 1 0 1 0 1 1 1 1 1 1 1 0 0 1 0 1 0 0 1 1 1 0 1 1 1 0 1 1 0 1 0 1 1 1 0 1 0 1 1 0 1 0 1 1 1 0 1 0 1 1 0 0 0 1 0 1 0 1 1 1 1 1 1 1 0 0 0 1 1 0 1 1 0 1 0 1 0 1 0 0 0 1 1 1 0 1 1 1 0 1 1 1 0 1 0 0 0 1 0 1 1 1 0 0 1 1 0 1 1 0 1 1 1 1 0 0 1 1 1 1 0 0 0 1 1 1 0 0 1 0 1 1 0 1 1 0 1 1 1 1 1 1 0 0 0 0 1 0 1 1 1 0 0 1 0 0 0 0 0 1 1 1 1 0 1 0 0 0 1 1 1 0 0 0 0 1 0 1 1 1 0 0 1 1 0 0 1 0 1 1 1 1 1 0 0 1 0 1 0 0 
1 0 0 0 0 0 0 1 0 0 0 0 0 1 1 0 0 1 1 0 1 1 0 1 1 1 1 0 1 0 1 1 1 1 1 0 1 0 0 1 0 1 0 0 1 1 1 0 1 1 1 0 1 1 0 1 0 1 1 1 0 1 0 1 1 0 1 0 1 1 1 0 1 0 1 1 0 0 0 1 0 1 0 1 1 1 1 1 1 1 0 0 0 1 1 0 1 1 0 1 0 1 0 1 0 0 0 1 1 1 0 1 1 1 0 1 1 1 0 1 0 0 0 1 0 1 1 1 0 0 1 1 0 1 1 0 1 1 1 1 0 0 1 0 1 1 0 0 0 1 1 1 0 0 1 0 1 1 0 1 1 0 1 1 1 1 1 1 0 0 0 0 1 0 1 1 1 0 0 1 0 0 0 0 0 1 1 1 1 0 1 0 0 0 1 1 1 0 0 0 0 1 0 1 1 1 0 0 1 1 0 0 1 0 1 1 1 1 1 0 0 1 0 1 0 0 
1 0 0 0 0 0 0 1 0 0 0 0 0 1 1 0 0 1 0 0 1 1 1 1 1 1 1 0 1 0 1 1 1 1 1 0 1 0 0 1 0 1 0 0 1 1 1 0 1 1 1 0 1 1 0 1 0 1 1 1 0 1 0 1 1 0 1 0 1 1 1 0 1 0 1 1 0 0 0 1 0 1 0 1 1 1 1 1 1 1 0 0 0 1 1 0 1 1 0 1 0 1 0 1 0 0 0 1 1 1 0 1 1 1 0 1 1 1 0 1 0 0 0 1 0 1 1 1 0 0 1 1 0 1 1 0 1 1 1 1 0 0 1 0 1 1 0 0 0 1 1 1 0 0 1 0 1 1 0 1 1 0 1 1 1 1 1 1 0 0 0 0 1 0 1 1 1 0 0 1 0 0 0 0 0 1 1 1 1 0 1 0 0 0 1 1 1 0 0 0 0 1 0 1 1 1 0 0 1 1 0 0 1 0 1 1 1 1 1 0 0 1 0 1 0 0 
1 0 0 0 0 0 0 1 1 0 0 0 0 1 1 0 1 1 0 0 1 1 0 1 1 1 1 0 1 0 1 1 1 1 1 0 1 0 0 1 0 1 0 0 1 1 1 0 1 1 1 0 1 1 0 1 0 1 1 1 0 1 0 1 1 0 1 0 1 1 1 0 1 0 1 1 0 0 0 1 0 1 0 1 1 1 1 1 1 1 0 0 0 1 1 0 1 1 0 1 0 1 0 1 0 0 0 1 1 1 0 1 1 1 0 1 1 1 0 1 0 0 0 1 0 1 1 1 0 0 1 1 0 1 1 0 1 1 1 1 0 0 1 0 1 1 0 0 0 1 1 1 0 0 1 0 1 1 0 1 1 0 1 1 1 1 1 1 0 0 0 0 1 0 1 1 1 0 0 1 0 0 0 0 0 1 1 1 1 0 1 0 0 0 1 1 1 0 0 0 0 1 0 1 1 1 0 0 1 1 0 0 1 0 1 1 1 1 1 0 0 1 0 1 0 0 
1 0 0 0 0 0 0 1 1 0 0 0 0 1 1 0 1 1 0 0 1 1 0 1 1 1 1 0 1 0 1 1 1 1 1 0 1 0 0 1 0 1 0 0 1 1 1 0 1 1 1 0 1 1 0 1 0 1 1 1 0 1 0 1 1 0 1 0 1 1 1 0 1 0 1 1 0 0 0 1 0 1 0 1 1 1 1 1 1 1 0 0 0 1 1 0 1 1 0 1 0 1 0 1 0 0 0 1 1 1 0 1 1 1 0 1 1 1 0 1 0 0 0 1 0 1 1 1 0 0 1 1 0 1 1 0 1 1 1 1 0 0 1 0 1 1 0 0 0 1 1 1 0 0 1 0 1 1 0 1 1 0 1 1 1 1 1 1 0 0 0 0 1 0 1 1 1 0 0 1 0 0 0 0 1 1 1 1 1 0 1 0 0 0 1 1 1 0 0 0 0 1 0 1 1 1 0 0 1 1 0 0 1 0 1 1 1 1 1 0 0 1 0 1 0 0 
1 0 0 0 0 0 0 1 1 0 0 0 0 1 1 0 1 1 0 0 1 1 0 1 1 1 1 0 1 0 1 1 1 1 1 0 1 0 0 1 0 1 0 0 1 1 1 0 1 1 1 0 1 1 0 1 0 1 1 1 0 1 0 1 1 0 1 0 1 1 1 0 1 0 1 1 0 0 0 1 0 1 0 1 1 1 1 1 1 1 0 0 0 1 1 0 1 1 0 1 0 1 0 1 0 0 0 1 1 1 0 1 1 1 0 1 1 1 0 1 0 0 0 1 0 1 1 1 0 0 1 1 0 1 1 0 1 1 1 1 0 0 1 0 1 1 0 0 0 1 1 1 0 0 1 0 1 1 0 1 1 0 1 1 1 1 1 1 0 0 0 0 1 0 1 1 1 0 0 1 0 0 0 0 0 1 1 1 1 0 1 0 0 0 1 1 1 0 0 1 0 1 0 1 1 1 0 0 1 1 0 0 1 0 1 1 1 1 1 0 0 1 0 1 0 0 

Occupation table complementary for group 2
1 1 1 1 1 1 1 0 1 1 0 0 0 0 0 1 0 0 0 0 1 0 0 1 1 1 0 1 1 1 0 0 1 1 1 0 1 0 0 0 0 0 1 1 1 1 1 1 1 0 0 1 0 1 0 0 1 0 1 1 0 0 0 1 1 0 0 0 1 1 1 1 0 1 1 0 1 1 1 1 1 0 0 0 1 1 1 0 0 1 0 1 0 1 0 1 1 1 1 1 0 0 1 1 0 1 0 1 1 0 1 1 0 1 1 1 1 0 1 0 1 0 0 1 1 0 1 1 1 1 0 0 1 1 1 1 1 0 0 0 1 1 0 1 0 0 1 0 1 0 1 0 1 0 0 1 0 0 1 1 1 0 0 0 1 1 0 1 0 1 0 1 1 1 0 1 1 1 1 1 0 1 1 0 1 0 0 0 0 1 1 1 1 0 1 1 0 1 1 1 1 1 0 1 0 0 1 0 0 1 1 1 0 1 0 1 1 0 0 1 0 0 0 0 0 0 
0 1 1 1 1 1 0 0 0 1 1 0 0 0 0 1 1 0 0 1 0 0 1 0 0 0 1 0 1 1 0 1 0 1 0 1 0 0 1 0 0 1 0 0 0 1 0 1 0 0 1 0 0 1 0 1 1 0 1 1 1 1 0 1 0 0 0 0 1 0 1 0 0 1 1 0 1 0 1 1 0 1 0 0 1 0 0 1 1 0 0 0 0 1 0 1 1 1 1 0 1 1 0 0 0 1 0 0 0 0 0 1 1 1 1 0 0 1 0 1 1 1 1 1 0 1 1 0 1 1 0 1 1 0 1 0 0 0 0 0 0 0 0 0 1 0 0 0 0 1 1 1 0 0 1 0 0 1 1 1 1 1 1 1 1 0 1 0 1 1 1 0 0 0 0 0 0 1 1 1 0 0 0 1 1 1 1 0 1 0 0 1 0 0 1 0 1 0 0 1 0 1 1 0 1 1 0 0 1 1 1 0 0 0 1 0 0 0 0 0 0 0 0 0 0 0 
0 1 1 1 1 0 0 0 0 0 1 1 0 1 0 0 1 0 1 0 0 0 0 0 0 0 0 0 1 1 0 0 0 0 1 0 1 1 0 1 0 1 0 1 0 1 0 0 0 1 0 0 0 0 1 0 1 1 0 1 0 1 1 1 0 0 0 0 0 1 1 0 0 1 1 1 0 1 1 1 1 0 0 1 1 1 1 0 0 1 1 1 0 0 1 0 1 1 1 1 1 0 1 0 1 1 1 0 0 0 0 1 0 0 0 1 1 0 0 0 0 0 1 0 0 0 1 1 0 1 1 0 0 1 0 1 1 1 0 0 0 0 0 1 0 1 1 1 1 1 1 1 0 0 1 0 0 1 1 0 0 1 1 1 1 1 0 1 0 1 0 1 1 0 0 1 0 0 1 0 0 0 1 0 1 1 1 1 0 0 1 0 0 1 0 0 0 0 0 0 1 0 0 0 0 1 0 0 1 1 1 0 0 0 0 1 0 0 0 0 0 0 0 0 0 0 
0 0 0 1 0 0 0 0 0 0 0 1 1 0 0 0 1 1 1 0 0 0 1 0 1 0 0 0 0 1 0 1 0 0 0 1 0 0 0 0 0 1 0 0 0 1 0 1 1 0 0 1 0 0 1 1 1 1 1 1 0 1 1 1 0 0 0 0 1 0 1 0 0 1 1 1 1 1 0 1 0 0 0 0 1 1 0 1 0 1 1 1 0 0 1 1 1 1 1 1 1 1 0 1 0 0 1 0 0 0 0 0 0 0 0 1 1 0 0 0 0 1 0 0 0 0 0 1 1 0 0 0 1 1 1 1 1 1 0 0 1 0 0 1 0 0 0 1 1 1 0 1 0 0 1 0 1 1 0 1 1 1 0 1 1 0 1 0 0 1 0 0 1 1 1 0 0 1 0 0 1 0 1 1 0 1 0 0 1 0 0 0 0 0 0 0 0 0 0 0 0 1 0 0 0 1 0 1 1 1 0 0 0 0 0 0 1 0 0 0 0 0 0 0 0 0 
0 0 0 0 0 0 0 0 1 0 0 1 1 0 0 0 0 0 1 0 0 0 0 0 0 0 0 0 0 1 1 1 0 1 0 0 1 0 1 0 0 1 0 1 0 0 0 0 1 0 0 0 0 1 1 1 1 1 1 1 1 1 1 1 0 0 1 0 0 0 0 0 0 1 1 1 1 1 1 1 0 0 0 1 1 0 1 1 0 1 0 0 0 0 1 0 0 1 1 1 1 0 1 0 0 0 1 0 0 0 1 0 0 0 1 0 0 1 1 0 1 1 1 0 0 1 0 0 1 1 0 0 0 1 0 1 1 0 0 0 0 0 0 0 0 0 1 1 1 1 1 1 0 0 1 0 1 1 1 1 1 0 1 1 0 1 0 0 0 0 0 0 1 0 1 0 0 0 0 0 0 0 0 0 1 0 0 0 1 0 0 0 0 1 0 0 1 0 0 0 0 0 1 0 0 1 0 0 1 0 0 0 0 0 0 0 0 1 0 0 0 1 0 0 0 0 
0 0 0 0 0 0 0 1 0 0 1 0 0 1 0 0 0 0 0 0 0 0 1 0 0 0 0 0 1 0 0 1 0 1 0 0 0 0 0 0 0 1 1 1 0 0 0 1 0 1 0 0 0 0 1 0 1 1 1 1 0 0 1 1 0 0 0 0 0 1 0 0 0 1 1 1 1 1 1 1 0 1 0 0 1 0 1 1 1 1 0 1 0 0 1 1 0 1 0 1 1 1 1 0 0 1 1 1 0 0 1 0 1 0 0 0 0 1 1 0 1 1 0 0 0 1 0 0 0 1 0 0 1 1 0 1 1 0 0 0 1 0 0 1 1 1 0 0 1 1 1 0 0 0 1 0 1 1 0 1 0 1 1 1 1 1 0 0 0 0 0 0 1 1 0 1 0 0 0 0 1 0 0 0 0 1 0 0 1 0 0 0 0 0 0 0 1 0 0 0 0 0 0 1 0 1 0 1 0 0 0 0 0 0 0 0 0 0 1 0 0 1 0 0 0 0 
0 0 0 0 0 0 0 1 1 1 0 0 0 1 0 0 0 0 0 0 0 0 0 0 0 0 0 0 1 0 0 0 0 1 0 0 1 0 0 0 0 0 0 1 0 0 0 0 1 0 1 0 0 0 1 1 1 1 1 0 1 1 0 1 1 0 0 0 0 1 1 0 0 1 1 1 1 0 1 1 0 0 0 0 1 0 1 1 1 1 1 1 1 1 1 1 1 1 1 1 1 1 0 1 0 1 0 0 0 0 1 0 0 1 0 1 1 1 1 1 1 0 0 0 0 1 1 1 0 1 1 1 0 0 1 0 1 0 0 0 1 0 0 1 0 0 0 1 1 1 1 1 0 0 1 0 1 1 1 0 0 1 1 1 1 1 0 0 0 0 0 0 1 0 1 1 0 0 0 0 1 0 0 0 0 1 1 0 1 0 0 0 0 0 0 0 1 0 0 0 0 0 0 0 1 1 1 0 0 0 0 0 0 0 0 0 0 0 0 1 0 1 0 0 0 0 
0 0 0 0 0 0 0 1 1 1 0 0 0 1 0 0 0 0 0 0 0 0 0 0 0 0 0 0 1 0 0 0 0 1 0 0 1 1 0 0 0 0 0 0 1 0 0 1 1 0 0 1 0 1 0 0 1 1 1 1 0 0 1 1 0 0 0 0 0 1 1 1 0 1 1 1 1 1 1 1 1 0 0 1 1 0 1 1 1 1 0 0 0 0 1 0 1 1 0 1 0 1 1 1 1 0 0 0 1 0 1 0 0 0 1 1 1 0 1 1 0 0 0 0 0 1 0 1 1 0 1 1 0 1 0 0 1 1 0 0 0 0 0 0 1 0 0 0 0 1 1 0 0 0 1 0 1 1 0 0 1 1 0 1 1 0 0 0 0 0 0 0 1 1 0 1 0 0 0 0 0 0 0 0 0 1 0 1 1 0 0 0 0 1 0 0 1 0 0 0 1 0 0 0 0 1 0 0 0 0 0 0 0 0 0 0 0 0 0 0 1 1 0 0 0 0 
0 0 0 0 0 0 0 1 0 0 1 0 0 1 0 0 0 0 0 0 0 0 1 0 0 0 0 0 1 0 0 0 0 1 0 0 1 0 1 1 0 0 0 0 1 1 0 0 1 1 0 0 0 0 0 0 1 1 1 1 0 0 0 1 0 1 0 0 1 1 0 0 1 1 1 1 1 1 1 1 1 0 0 0 1 1 1 1 1 1 0 0 1 0 1 1 1 1 1 1 1 1 1 1 0 0 0 0 0 0 0 1 0 0 1 1 1 0 1 1 0 0 0 1 0 1 0 0 1 1 1 1 1 1 0 1 0 0 1 0 0 0 0 0 1 0 0 0 0 1 1 1 0 0 1 0 1 0 0 0 1 0 1 1 1 0 0 0 0 1 0 0 1 1 0 1 1 0 0 0 0 0 0 0 0 1 1 1 1 0 0 0 0 0 0 0 1 0 0 0 0 0 0 0 1 1 1 0 1 0 0 0 0 0 1 0 0 0 0 0 0 1 0 0 0 0 
0 0 0 0 0 0 0 1 0 0 0 1 0 1 0 0 0 0 0 0 0 0 0 0 1 0 0 0 1 0 0 0 0 1 0 1 1 1 0 1 0 0 0 1 1 0 0 0 1 0 1 0 0 1 0 0 0 1 1 1 1 0 0 1 0 0 0 0 0 1 1 0 1 1 1 1 1 0 0 1 0 0 0 1 1 0 1 1 1 1 0 0 1 0 1 0 1 1 0 1 1 1 1 1 0 0 0 1 0 0 0 0 0 1 0 1 0 1 0 1 0 0 0 0 0 1 1 0 1 1 1 1 0 1 1 0 1 1 1 0 0 0 0 1 1 0 0 1 0 1 1 1 0 0 1 0 1 0 0 1 0 1 0 1 1 1 0 0 0 0 0 0 1 1 1 1 1 0 0 0 0 0 1 0 0 1 0 1 1 1 0 0 0 0 0 0 1 0 0 0 0 1 0 0 1 1 0 1 1 0 0 0 0 0 0 1 0 0 0 0 0 1 1 0 0 0 
0 0 0 0 0 0 0 1 0 0 0 1 0 1 0 0 0 0 0 0 0 0 0 0 1 0 0 0 1 0 0 1 0 1 1 1 1 0 1 1 0 0 0 0 1 0 0 0 0 1 1 1 0 0 1 1 1 1 1 1 0 1 0 1 0 0 0 0 1 1 0 0 1 1 1 1 1 0 0 1 1 0 0 1 1 0 1 1 1 1 0 0 0 0 1 0 1 1 0 1 0 1 1 1 0 0 0 1 1 0 0 0 1 1 0 1 1 1 0 1 0 1 0 0 0 1 0 1 0 0 1 1 0 1 1 0 0 1 1 1 0 1 0 1 1 1 0 0 0 1 1 1 0 0 1 0 1 1 1 0 0 1 0 1 1 0 1 0 0 0 0 0 1 0 1 1 1 0 0 0 0 0 0 0 0 1 0 1 1 0 1 0 0 0 0 0 1 0 0 0 1 0 0 1 1 1 0 0 1 0 0 0 0 0 0 1 1 0 0 0 0 1 0 1 0 0 
0 0 0 0 0 0 0 1 0 0 0 0 1 1 0 0 0 0 0 0 0 1 0 0 1 1 0 0 1 0 0 0 1 1 1 1 1 0 0 1 0 0 1 0 1 1 0 0 0 1 1 0 1 1 0 1 0 1 1 1 1 0 1 1 0 0 0 0 0 1 0 0 1 1 1 1 1 1 0 1 0 0 0 1 1 0 1 1 1 1 0 0 1 0 1 0 1 1 0 1 1 1 0 1 0 0 1 1 1 0 0 1 0 1 0 1 1 1 0 1 1 0 1 0 0 1 1 1 1 0 1 1 1 1 1 1 0 1 1 1 0 0 0 0 1 0 0 0 0 1 1 1 0 0 1 1 1 1 1 1 0 0 1 1 1 0 0 1 0 0 0 0 1 1 1 1 1 0 0 0 0 0 0 0 0 1 0 1 1 1 1 0 0 0 0 0 1 0 0 0 0 0 0 1 1 1 0 0 1 1 0 0 1 0 1 1 1 0 0 0 0 1 0 1 0 0 
0 0 0 0 0 0 0 1 0 0 0 0 0 1 0 0 0 0 0 0 0 1 0 0 0 1 0 0 1 0 0 0 1 1 1 0 1 0 0 1 0 1 0 0 1 1 0 0 0 1 1 0 1 0 1 0 1 1 1 1 1 0 0 1 0 0 0 0 0 1 0 0 1 1 1 1 1 1 1 1 0 0 0 1 1 0 1 1 1 1 0 1 0 1 1 0 1 1 0 1 1 1 0 1 0 0 0 1 1 0 0 1 0 1 0 1 1 1 0 1 0 0 0 0 0 1 1 1 0 1 1 1 0 1 1 0 0 1 1 1 0 0 0 0 1 0 1 0 1 1 1 1 0 0 1 0 1 0 1 1 1 0 1 1 1 0 0 1 0 0 1 0 1 0 1 1 1 1 0 0 0 0 0 0 0 1 1 1 1 0 1 0 0 0 0 0 1 0 0 0 0 0 0 1 1 1 0 0 1 1 1 0 1 0 1 1 1 0 0 0 0 1 0 1 0 0 
0 0 0 0 0 0 0 1 0 0 0 0 0 1 1 0 0 0 0 0 0 1 1 0 0 1 1 0 1 0 0 0 1 1 1 0 1 0 0 1 0 1 0 0 1 1 0 0 0 1 1 0 1 1 0 0 1 1 1 1 0 1 0 1 1 0 0 0 0 1 0 0 1 0 1 1 0 0 1 1 0 0 0 1 1 0 1 1 1 1 0 0 0 1 1 0 1 1 1 1 1 1 0 1 0 0 0 1 1 0 0 1 0 1 0 1 1 1 1 1 0 0 0 0 0 1 1 1 0 0 1 1 0 1 1 0 0 1 1 1 0 0 0 1 1 0 0 0 0 1 1 1 0 0 1 0 1 0 0 1 1 1 1 1 1 0 0 1 0 0 0 1 1 0 1 1 1 0 1 0 0 0 0 0 0 1 1 1 1 0 1 0 0 0 1 0 1 0 0 0 0 0 0 1 1 1 0 0 1 1 0 0 1 0 1 1 1 0 1 0 0 1 0 1 0 0 
0 0 0 0 0 0 0 1 1 0 0 0 0 1 1 0 0 0 0 0 0 1 0 0 0 1 1 0 1 1 0 0 1 1 1 1 1 0 0 1 0 1 0 1 1 1 0 0 0 1 1 0 1 0 0 0 0 1 1 1 1 0 1 1 1 1 0 0 1 1 0 0 1 0 1 1 0 0 0 1 1 0 0 1 1 0 1 1 1 1 0 0 0 1 1 0 1 1 1 1 0 1 0 1 0 0 0 1 1 0 0 1 0 1 0 1 1 1 0 1 0 0 0 0 0 1 1 1 0 0 1 1 0 1 1 0 0 1 1 1 0 0 0 0 1 1 0 0 0 1 1 1 0 0 1 0 1 1 0 0 1 0 1 1 1 0 1 1 0 0 0 0 1 0 1 1 1 0 0 1 0 0 0 1 0 1 1 1 1 0 1 0 0 0 0 1 1 0 0 0 0 0 0 1 1 1 0 0 1 1 0 0 1 0 1 1 1 0 1 0 0 1 0 1 0 0 
0 0 0 0 0 0 0 1 0 1 0 0 0 1 1 0 1 0 0 0 0 1 0 0 0 1 1 0 1 0 0 1 1 1 1 0 1 0 0 1 0 1 0 0 1 1 0 0 0 1 1 0 1 0 0 0 1 1 1 1 1 0 1 1 1 0 1 0 1 1 0 0 1 0 1 1 0 0 0 1 1 1 0 1 1 1 1 1 1 1 0 0 0 1 1 0 1 1 1 1 0 1 0 1 0 0 0 1 1 0 0 1 0 1 0 1 1 1 0 1 0 0 0 0 0 1 1 1 0 0 1 1 1 1 1 0 0 1 1 1 0 0 0 0 1 1 0 0 0 1 1 1 0 0 1 0 1 1 0 0 1 1 1 1 1 0 0 1 0 0 0 0 1 0 1 1 1 0 0 1 0 0 0 0 0 1 1 1 1 0 1 0 0 0 0 1 1 0 1 0 0 0 0 1 1 1 0 0 1 1 0 0 1 0 1 1 1 0 1 0 0 1 0 1 0 0 
0 1 0 0 0 0 0 1 0 0 1 0 0 1 1 0 0 0 0 0 0 1 1 0 0 1 1 0 1 0 1 1 1 1 1 1 1 0 0 1 0 1 0 1 1 1 0 0 1 1 1 0 1 0 0 1 1 1 1 1 1 1 0 1 1 0 1 0 1 1 1 0 1 0 1 1 0 0 0 1 0 1 0 1 1 1 1 1 1 1 0 0 1 1 1 0 1 1 0 1 0 1 0 1 0 0 0 1 1 0 0 1 0 1 0 1 1 1 0 1 0 0 0 0 0 1 1 1 0 0 1 1 0 1 1 0 0 1 1 1 0 0 0 0 1 1 0 0 0 1 1 1 0 0 1 0 1 1 0 0 1 0 1 1 1 0 0 1 1 0 0 0 1 0 1 1 1 0 0 1 0 0 0 0 0 1 1 1 1 0 1 0 0 0 0 1 1 0 0 1 0 0 0 1 1 1 0 0 1 1 0 0 1 0 1 1 1 0 1 0 0 1 0 1 0 0 
1 0 0 0 0 0 0 1 0 0 0 1 0 1 1 0 0 0 0 0 0 1 0 1 0 1 1 0 1 0 1 1 1 1 1 0 1 0 0 1 0 1 0 0 1 1 1 0 1 1 1 0 1 0 0 1 1 1 1 1 1 1 0 1 1 0 1 0 1 1 1 0 1 0 1 1 0 0 0 1 0 1 0 1 1 1 1 1 1 1 0 0 0 1 1 0 1 1 0 1 0 1 0 1 0 0 0 1 1 0 0 1 1 1 1 1 1 1 0 1 0 0 1 0 0 1 1 1 0 0 1 1 0 1 1 0 0 1 1 1 0 0 0 0 1 1 0 0 0 1 1 1 0 0 1 0 1 1 0 1 1 0 1 1 1 1 0 1 0 0 0 0 1 0 1 1 1 0 0 1 0 1 0 0 0 1 1 1 1 0 1 0 0 0 0 1 1 0 0 0 1 0 0 1 1 1 0 0 1 1 0 0 1 0 1 1 1 1 1 0 0 1 0 1 0 0 
1 0 0 0 0 0 0 1 0 0 0 0 0 1 1 0 0 0 1 0 0 1 0 1 1 1 1 0 1 0 1 1 1 1 1 0 1 0 0 1 0 1 0 1 1 1 1 0 1 1 1 0 1 0 1 1 0 1 1 1 1 1 0 1 1 0 1 0 1 1 1 0 1 0 1 1 0 0 0 1 0 1 0 1 1 1 1 1 1 1 0 0 0 1 1 0 1 1 0 1 0 1 0 1 0 0 0 1 1 0 0 1 0 1 0 1 1 1 0 1 0 0 0 1 0 1 1 1 0 0 1 1 0 1 1 1 0 1 1 1 0 0 0 0 1 1 0 0 0 1 1 1 0 0 1 0 1 1 0 1 1 0 1 1 1 0 1 1 0 0 0 0 1 0 1 1 1 0 0 1 0 0 0 0 0 1 1 1 1 0 1 0 0 0 0 1 1 0 0 0 0 1 0 1 1 1 0 0 1 1 0 0 1 0 1 1 1 1 1 0 0 1 0 1 0 0 
1 0 0 0 0 0 0 1 0 0 0 0 0 1 1 0 0 1 0 1 0 1 0 1 1 1 1 0 1 0 1 1 1 1 1 1 1 0 0 1 0 1 0 0 1 1 1 0 1 1 1 0 1 1 0 1 0 1 1 1 1 1 0 1 1 0 1 0 1 1 1 0 1 0 1 1 0 0 0 1 0 1 0 1 1 1 1 1 1 1 0 0 0 1 1 0 1 1 0 1 0 1 0 1 0 0 0 1 1 1 0 1 1 1 0 1 1 1 0 1 0 0 0 1 0 1 1 1 0 0 1 1 0 1 1 0 1 1 1 1 0 0 1 0 1 1 0 0 0 1 1 1 0 0 1 0 1 1 0 1 1 0 1 1 1 1 1 1 0 0 0 0 1 0 1 1 1 0 0 1 0 0 0 0 0 1 1 1 1 0 1 0 0 0 1 1 1 0 0 0 0 1 0 1 1 1 0 0 1 1 0 0 1 0 1 1 1 1 1 0 0 1 0 1 0 0 
1 0 0 0 0 0 0 1 0 0 0 0 0 1 1 0 0 1 1 0 1 1 0 1 1 1 1 0 1 0 1 1 1 1 1 0 1 0 0 1 0 1 0 0 1 1 1 0 1 1 1 0 1 1 0 1 0 1 1 1 1 1 0 1 1 0 1 0 1 1 1 0 1 0 1 1 0 0 0 1 0 1 0 1 1 1 1 1 1 1 0 0 0 1 1 0 1 1 0 1 0 1 0 1 0 0 0 1 1 1 0 1 1 1 0 1 1 1 0 1 0 0 0 1 0 1 1 1 0 0 1 1 0 1 1 0 1 1 1 1 0 0 1 0 1 1 0 0 0 1 1 1 0 0 1 0 1 1 0 1 1 0 1 1 1 1 1 1 0 0 0 0 1 0 1 1 1 0 0 1 0 0 0 0 0 1 1 1 1 0 1 0 0 0 1 1 1 0 0 0 0 1 0 1 1 1 0 0 1 1 0 0 1 0 1 1 1 1 1 0 0 1 0 1 0 0 
1 0 0 0 0 0 0 1 0 0 0 0 0 1 1 0 0 1 0 0 1 1 1 1 1 1 1 0 1 0 1 1 1 1 1 0 1 0 0 1 0 1 0 0 1 1 1 0 1 1 1 0 1 1 0 1 0 1 1 1 1 1 0 1 1 0 1 0 1 1 1 0 1 0 1 1 0 0 0 1 0 1 0 1 1 1 1 1 1 1 0 0 0 1 1 0 1 1 0 1 0 1 0 1 0 0 0 1 1 1 0 1 1 1 0 1 1 1 0 1 0 0 0 1 0 1 1 1 0 0 1 1 0 1 1 0 1 1 1 1 0 0 1 0 1 1 0 0 0 1 1 1 0 0 1 0 1 1 0 1 1 0 1 1 1 1 1 1 0 0 0 0 1 0 1 1 1 0 0 1 0 0 0 0 0 1 1 1 1 0 1 0 0 0 1 1 1 0 0 0 0 1 0 1 1 1 0 0 1 1 0 0 1 0 1 1 1 1 1 0 0 1 0 1 0 0 
1 0 0 0 0 0 0 1 1 0 0 0 0 1 1 0 1 1 0 0 1 1 0 1 1 1 1 0 1 0 1 1 1 1 1 0 1 0 0 1 0 1 0 0 1 1 1 0 1 1 1 0 1 1 0 1 0 1 1 1 1 1 0 1 1 0 1 0 1 1 1 0 1 0 1 1 0 0 0 1 0 1 0 1 1 1 1 1 1 1 0 0 0 1 1 0 1 1 0 1 0 1 0 1 0 0 0 1 1 1 0 1 1 1 0 1 1 1 0 1 0 0 0 1 0 1 1 1 0 0 1 1 0 1 1 0 1 1 1 1 0 0 1 0 1 1 0 0 0 1 1 1 0 0 1 0 1 1 0 1 1 0 1 1 1 1 1 1 0 0 0 0 1 0 1 1 1 0 0 1 0 0 0 0 0 1 1 1 1 0 1 0 0 0 1 1 1 0 0 0 0 1 0 1 1 1 0 0 1 1 0 0 1 0 1 1 1 1 1 0 0 1 0 1 0 0 
1 0 0 0 0 0 0 1 1 0 0 0 0 1 1 0 1 1 0 0 1 1 0 1 1 1 1 0 1 0 1 1 1 1 1 0 1 0 0 1 0 1 0 0 1 1 1 0 1 1 1 0 1 1 0 1 0 1 1 1 1 1 0 1 1 0 1 0 1 1 1 0 1 0 1 1 0 0 0 1 0 1 0 1 1 1 1 1 1 1 0 0 0 1 1 0 1 1 0 1 0 1 0 1 0 0 0 1 1 1 0 1 1 1 0 1 1 1 0 1 0 0 0 1 0 1 1 1 0 0 1 1 0 1 1 0 1 1 1 1 0 0 1 0 1 1 0 0 0 1 1 1 0 0 1 0 1 1 0 1 1 0 1 1 1 1 1 1 0 0 0 0 1 0 1 1 1 0 0 1 0 0 0 0 0 1 1 1 1 0 1 0 0 0 1 1 1 0 0 0 0 1 0 1 1 1 0 0 1 1 0 0 1 0 1 1 1 1 1 0 0 1 0 1 0 0 
1 0 0 0 0 0 0 1 1 0 0 0 0 1 1 0 1 1 0 0 1 1 0 1 1 1 1 0 1 0 1 1 1 1 1 0 1 0 0 1 0 1 0 0 1 1 1 0 1 1 1 0 1 1 0 1 0 1 1 1 1 1 0 1 1 0 1 0 1 1 1 0 1 0 1 1 0 0 0 1 0 1 0 1 1 1 1 1 1 1 0 0 0 1 1 0 1 1 0 1 0 1 0 1 0 0 0 1 1 1 0 1 1 1 0 1 1 1 0 1 0 0 0 1 0 1 1 1 0 0 1 1 0 1 1 0 1 1 1 1 0 0 1 0 1 1 0 0 0 1 1 1 0 0 1 0 1 1 0 1 1 0 1 1 1 1 1 1 0 0 0 0 1 0 1 1 1 0 0 1 0 0 0 0 0 1 1 1 1 0 1 0 0 0 1 1 1 0 0 0 0 1 0 1 1 1 0 0 1 1 0 0 1 0 1 1 1 1 1 0 0 1 0 1 0 0 

Unable to resolve collision between groups 0 and 2.
Merging groups 0 and 2.
Searching solution for merged group 0+2.
Open/close/exp size (steps): 323/235/323 (4544)
Open/close/exp size (steps): 841/1157/841 (5466)
Open/close/exp size (steps): 1792/2264/1792 (6573)
Open/close/exp size (steps): 2202/3593/2202 (7902)
Open/close/exp size (steps): 3009/5188/3009 (9497)
Open/close/exp size (steps): 3839/7102/3839 (11411)
Open/close/exp size (steps): 6597/9399/6597 (13708)
Open/close/exp size (steps): 6377/12156/6377 (16465)
Open/close/exp size (steps): 4704/15465/4704 (19774)
Open/close/exp size (steps): 11527/19436/11527 (23745)
Open/close/exp size (steps): 10850/24202/10850 (28511)
Open/close/exp size (steps): 7457/29922/7457 (34231)
Open/close/exp size (steps): 10341/36786/10341 (41095)
Open/close/exp size (steps): 5537/45023/5537 (49332)
Open/close/exp size (steps): 7354/54908/7354 (59217)
Open/close/exp size (steps): 16077/66770/16077 (71079)
Open/close/exp size (steps): 9636/81005/9636 (85314)
Open/close/exp size (steps): 8718/98087/8718 (102396)
Open/close/exp size (steps): 13732/118586/13732 (122895)
Open/close/exp size (steps): 24868/143185/24868 (147494)
Open/close/exp size (steps): 23989/172704/23989 (177013)
Open/close/exp size (steps): 14299/208127/14299 (212436)
Open/close/exp size (steps): 21511/250635/21511 (254944)
Open/close/exp size (steps): 23240/301645/23240 (305954)
0 0 0 0 0 0 0 0 0 0 0 0 0 0 0 0 0 0 0 0 0 0 0 0 0 0 2 0 0 0 0 0 0 0 0 0 0 0 0 0 0 0 0 0 0 0 0 0 0 0 0 0 0 0 0 0 0 0 0 0 0 0 0 0 0 0 0 0 0 0 0 0 0 0 0 0 0 0 0 0 0 0 0 0 0 0 0 0 0 0 0 0 0 0 0 0 0 0 0 0 0 0 0 0 0 0 0 0 0 0 0 0 0 0 0 0 0 0 0 0 0 0 0 0 0 0 0 0 0 0 0 0 0 0 0 0 0 0 0 0 0 0 0 0 0 0 0 0 0 0 0 0 0 0 0 0 0 0 0 0 0 0 0 0 0 0 0 0 0 0 0 0 0 0 0 0 0 0 0 0 0 0 0 0 0 0 0 0 0 0 0 0 0 0 0 0 0 0 0 1 0 0 0 0 0 0 0 0 0 0 0 0 0 0 0 0 0 0 0 0 0 0 0 0 0 0 
0 0 0 0 0 0 0 0 0 0 0 0 0 0 0 0 0 0 0 0 0 0 0 0 0 2 0 0 0 0 0 0 0 0 0 0 0 0 0 0 0 0 0 0 0 0 0 0 0 0 0 0 0 0 0 0 0 0 0 0 0 0 0 0 0 0 0 0 0 0 0 0 0 0 0 0 0 0 0 0 0 0 0 0 0 0 0 0 0 0 0 0 0 0 0 0 0 0 0 0 0 0 0 0 0 0 0 0 0 0 0 0 0 0 0 0 0 0 0 0 0 0 0 0 0 0 0 0 0 0 0 0 0 0 0 0 0 0 0 0 0 0 0 0 0 0 0 0 0 0 0 0 0 0 0 0 0 0 0 0 0 0 0 0 0 0 0 0 0 0 0 0 0 0 0 0 0 0 0 0 0 0 0 0 1 0 0 0 0 0 0 0 0 0 0 0 0 0 0 0 0 0 0 0 0 0 0 0 0 0 0 0 0 0 0 0 0 0 0 0 0 0 0 0 0 0 
0 0 0 0 0 0 0 0 0 0 0 0 0 0 0 0 0 0 0 0 0 0 0 0 2 0 0 0 0 0 0 0 0 0 0 0 0 0 0 0 0 0 0 0 0 0 0 0 0 0 0 0 0 0 0 0 0 0 0 0 0 0 0 0 0 0 0 0 0 0 0 0 0 0 0 0 0 0 0 0 0 0 0 0 0 0 0 0 0 0 0 0 0 0 0 0 0 0 0 0 0 0 0 0 0 0 0 0 0 0 0 0 0 0 0 0 0 0 0 0 0 0 0 0 0 0 0 0 0 0 0 0 0 0 0 0 0 0 0 0 0 0 0 0 0 0 0 0 0 0 0 0 0 0 0 0 0 0 0 0 0 0 0 0 0 0 0 0 0 0 0 0 0 0 0 0 0 0 0 0 0 0 0 0 0 1 0 0 0 0 0 0 0 0 0 0 0 0 0 0 0 0 0 0 0 0 0 0 0 0 0 0 0 0 0 0 0 0 0 0 0 0 0 0 0 0 
0 0 0 0 0 0 0 0 0 0 0 0 0 0 0 0 0 0 0 0 0 0 0 0 0 0 0 0 0 0 0 0 0 0 0 0 0 0 2 0 0 0 0 0 0 0 0 0 0 0 0 0 0 0 0 0 0 0 0 0 0 0 0 0 0 0 0 0 0 0 0 0 0 0 0 0 0 0 0 0 0 0 0 0 0 0 0 0 0 0 0 0 0 0 0 0 0 0 0 0 0 0 0 0 0 0 0 0 0 0 0 0 0 0 0 0 0 0 0 0 0 0 0 0 0 0 0 0 0 0 0 0 0 0 0 0 0 0 0 0 0 0 0 0 0 0 0 0 0 0 0 0 0 0 0 0 0 0 0 0 0 0 0 0 0 0 0 0 0 0 0 0 1 0 0 0 0 0 0 0 0 0 0 0 0 0 0 0 0 0 0 0 0 0 0 0 0 0 0 0 0 0 0 0 0 0 0 0 0 0 0 0 0 0 0 0 0 0 0 0 0 0 0 0 0 0 
0 0 0 0 0 0 0 0 0 0 0 0 0 0 0 0 0 0 0 0 0 0 0 0 0 0 0 0 0 0 0 0 0 0 0 0 0 2 0 0 0 0 0 0 0 0 0 0 0 0 0 0 0 0 0 0 0 0 0 0 0 0 0 0 0 0 0 0 0 0 0 0 0 0 0 0 0 0 0 0 0 0 0 0 0 0 0 0 0 0 0 0 0 0 0 0 0 0 0 0 0 0 0 0 0 0 0 0 0 0 0 0 0 0 0 0 0 0 0 0 0 0 0 0 0 0 0 0 0 0 0 0 0 0 0 0 0 0 0 0 0 0 0 0 0 0 0 0 0 0 0 0 0 0 0 0 0 1 0 0 0 0 0 0 0 0 0 0 0 0 0 0 0 0 0 0 0 0 0 0 0 0 0 0 0 0 0 0 0 0 0 0 0 0 0 0 0 0 0 0 0 0 0 0 0 0 0 0 0 0 0 0 0 0 0 0 0 0 0 0 0 0 0 0 0 0 
0 0 0 0 0 0 0 0 0 0 0 0 0 0 0 0 0 0 0 0 0 0 0 0 0 0 0 0 0 0 0 0 0 0 0 0 0 0 0 0 0 0 0 0 0 0 0 0 2 0 0 0 0 0 0 0 0 0 0 0 0 0 0 0 0 0 0 0 0 0 0 0 0 0 0 0 0 0 0 0 0 0 0 0 0 0 0 0 0 0 0 0 0 0 0 0 0 0 0 0 0 0 0 0 0 0 0 0 0 0 0 0 0 0 0 0 0 0 0 0 0 0 0 0 0 0 0 0 0 0 0 0 0 0 0 0 0 0 0 0 0 0 0 1 0 0 0 0 0 0 0 0 0 0 0 0 0 0 0 0 0 0 0 0 0 0 0 0 0 0 0 0 0 0 0 0 0 0 0 0 0 0 0 0 0 0 0 0 0 0 0 0 0 0 0 0 0 0 0 0 0 0 0 0 0 0 0 0 0 0 0 0 0 0 0 0 0 0 0 0 0 0 0 0 0 0 
0 0 0 0 0 0 0 0 0 0 0 0 0 0 0 0 0 0 0 0 0 0 0 0 0 0 0 0 0 0 0 0 0 0 0 0 0 0 0 0 0 0 0 0 0 0 0 0 0 0 0 0 0 0 0 0 0 0 0 0 0 0 0 2 0 0 0 0 0 0 0 0 0 0 0 0 0 0 0 0 0 0 0 0 0 0 0 0 0 0 0 0 0 0 0 0 0 0 0 0 0 0 0 0 0 0 0 0 0 0 0 0 0 0 0 0 0 0 0 0 0 0 0 0 0 0 0 0 0 1 0 0 0 0 0 0 0 0 0 0 0 0 0 0 0 0 0 0 0 0 0 0 0 0 0 0 0 0 0 0 0 0 0 0 0 0 0 0 0 0 0 0 0 0 0 0 0 0 0 0 0 0 0 0 0 0 0 0 0 0 0 0 0 0 0 0 0 0 0 0 0 0 0 0 0 0 0 0 0 0 0 0 0 0 0 0 0 0 0 0 0 0 0 0 0 0 
0 0 0 0 0 0 0 0 0 0 0 0 0 0 0 0 0 0 0 0 0 0 0 0 0 0 0 0 0 0 0 0 0 0 0 0 0 0 0 0 0 0 0 0 0 0 0 0 0 0 0 0 0 0 0 0 0 0 0 0 0 0 2 0 0 0 0 0 0 0 0 0 0 0 0 0 0 0 0 0 0 0 0 0 0 0 0 0 0 0 0 0 0 0 0 0 0 0 0 0 0 0 0 0 0 0 0 0 0 0 0 0 0 0 1 0 0 0 0 0 0 0 0 0 0 0 0 0 0 0 0 0 0 0 0 0 0 0 0 0 0 0 0 0 0 0 0 0 0 0 0 0 0 0 0 0 0 0 0 0 0 0 0 0 0 0 0 0 0 0 0 0 0 0 0 0 0 0 0 0 0 0 0 0 0 0 0 0 0 0 0 0 0 0 0 0 0 0 0 0 0 0 0 0 0 0 0 0 0 0 0 0 0 0 0 0 0 0 0 0 0 0 0 0 0 0 
0 0 0 0 0 0 0 0 0 0 0 0 0 0 0 0 0 0 0 0 0 0 0 0 0 0 0 0 0 0 0 0 0 0 0 0 0 0 0 0 0 0 0 0 0 0 0 0 0 0 0 0 0 0 0 0 0 0 0 0 0 2 0 0 0 0 0 0 0 0 0 0 0 0 0 0 0 0 0 0 0 0 0 0 0 0 0 0 0 0 0 0 0 0 0 0 0 0 0 1 0 0 0 0 0 0 0 0 0 0 0 0 0 0 0 0 0 0 0 0 0 0 0 0 0 0 0 0 0 0 0 0 0 0 0 0 0 0 0 0 0 0 0 0 0 0 0 0 0 0 0 0 0 0 0 0 0 0 0 0 0 0 0 0 0 0 0 0 0 0 0 0 0 0 0 0 0 0 0 0 0 0 0 0 0 0 0 0 0 0 0 0 0 0 0 0 0 0 0 0 0 0 0 0 0 0 0 0 0 0 0 0 0 0 0 0 0 0 0 0 0 0 0 0 0 0 
0 0 0 0 0 0 0 0 0 0 0 0 0 0 0 0 0 0 0 0 0 0 0 0 0 0 0 0 0 0 0 0 0 0 0 0 0 0 0 0 0 0 0 0 0 0 0 0 0 0 0 0 0 0 0 0 0 0 0 0 0 0 0 0 0 0 0 0 0 0 0 0 0 0 0 0 2 0 0 0 0 0 0 0 0 0 0 0 0 0 0 0 0 0 0 0 0 0 0 0 1 0 0 0 0 0 0 0 0 0 0 0 0 0 0 0 0 0 0 0 0 0 0 0 0 0 0 0 0 0 0 0 0 0 0 0 0 0 0 0 0 0 0 0 0 0 0 0 0 0 0 0 0 0 0 0 0 0 0 0 0 0 0 0 0 0 0 0 0 0 0 0 0 0 0 0 0 0 0 0 0 0 0 0 0 0 0 0 0 0 0 0 0 0 0 0 0 0 0 0 0 0 0 0 0 0 0 0 0 0 0 0 0 0 0 0 0 0 0 0 0 0 0 0 0 0 
0 0 0 0 0 0 0 0 0 0 0 0 0 0 0 0 0 0 0 0 0 0 0 0 0 0 0 0 0 0 0 0 0 0 0 0 0 0 0 0 0 0 0 0 0 0 0 0 0 0 0 0 0 0 0 0 0 0 0 0 0 0 0 0 0 0 0 0 0 0 0 0 0 0 0 2 0 0 0 0 0 0 0 0 0 0 1 0 0 0 0 0 0 0 0 0 0 0 0 0 0 0 0 0 0 0 0 0 0 0 0 0 0 0 0 0 0 0 0 0 0 0 0 0 0 0 0 0 0 0 0 0 0 0 0 0 0 0 0 0 0 0 0 0 0 0 0 0 0 0 0 0 0 0 0 0 0 0 0 0 0 0 0 0 0 0 0 0 0 0 0 0 0 0 0 0 0 0 0 0 0 0 0 0 0 0 0 0 0 0 0 0 0 0 0 0 0 0 0 0 0 0 0 0 0 0 0 0 0 0 0 0 0 0 0 0 0 0 0 0 0 0 0 0 0 0 
0 0 0 0 0 0 0 0 0 0 0 0 0 0 0 0 0 0 0 0 0 0 0 0 0 0 0 0 0 0 0 0 0 0 0 0 0 0 0 0 0 0 0 0 0 0 0 0 0 0 0 0 0 0 0 0 0 0 0 0 0 0 0 0 0 0 0 0 0 0 0 0 0 0 0 0 0 0 0 0 0 0 0 0 0 0 0 1 2 0 0 0 0 0 0 0 0 0 0 0 0 0 0 0 0 0 0 0 0 0 0 0 0 0 0 0 0 0 0 0 0 0 0 0 0 0 0 0 0 0 0 0 0 0 0 0 0 0 0 0 0 0 0 0 0 0 0 0 0 0 0 0 0 0 0 0 0 0 0 0 0 0 0 0 0 0 0 0 0 0 0 0 0 0 0 0 0 0 0 0 0 0 0 0 0 0 0 0 0 0 0 0 0 0 0 0 0 0 0 0 0 0 0 0 0 0 0 0 0 0 0 0 0 0 0 0 0 0 0 0 0 0 0 0 0 0 
0 0 0 0 0 0 0 0 0 0 0 0 0 0 0 0 0 0 0 0 0 0 0 0 0 0 0 0 0 0 0 0 0 0 0 0 0 0 0 0 0 0 0 0 0 0 0 0 0 0 0 0 0 0 0 0 0 0 0 0 0 0 0 0 0 0 0 0 0 0 0 0 0 1 0 0 0 0 0 0 0 0 0 0 0 0 0 0 0 0 0 0 0 0 0 0 0 0 0 0 0 0 0 2 0 0 0 0 0 0 0 0 0 0 0 0 0 0 0 0 0 0 0 0 0 0 0 0 0 0 0 0 0 0 0 0 0 0 0 0 0 0 0 0 0 0 0 0 0 0 0 0 0 0 0 0 0 0 0 0 0 0 0 0 0 0 0 0 0 0 0 0 0 0 0 0 0 0 0 0 0 0 0 0 0 0 0 0 0 0 0 0 0 0 0 0 0 0 0 0 0 0 0 0 0 0 0 0 0 0 0 0 0 0 0 0 0 0 0 0 0 0 0 0 0 0 
0 0 0 0 0 0 0 0 0 0 0 0 0 0 0 0 0 0 0 0 0 0 0 0 0 0 0 0 0 0 0 0 0 0 0 0 0 0 0 0 0 0 0 0 0 0 0 0 0 0 0 0 0 0 0 0 0 0 0 1 0 0 0 0 0 0 0 0 0 0 0 0 0 0 0 0 0 0 0 0 0 0 0 0 0 0 0 0 0 0 0 0 0 0 0 0 0 0 0 0 0 0 2 0 0 0 0 0 0 0 0 0 0 0 0 0 0 0 0 0 0 0 0 0 0 0 0 0 0 0 0 0 0 0 0 0 0 0 0 0 0 0 0 0 0 0 0 0 0 0 0 0 0 0 0 0 0 0 0 0 0 0 0 0 0 0 0 0 0 0 0 0 0 0 0 0 0 0 0 0 0 0 0 0 0 0 0 0 0 0 0 0 0 0 0 0 0 0 0 0 0 0 0 0 0 0 0 0 0 0 0 0 0 0 0 0 0 0 0 0 0 0 0 0 0 0 
0 0 0 0 0 0 0 0 0 0 0 0 0 0 0 0 0 0 0 0 0 0 0 0 0 0 0 0 0 0 0 0 0 0 0 0 0 0 0 0 0 0 0 0 0 0 0 0 0 0 0 0 0 0 0 0 0 0 0 0 1 0 0 0 0 0 0 0 0 0 0 0 0 0 0 0 0 0 0 0 0 0 0 0 0 0 0 0 0 0 0 0 0 0 0 0 0 0 0 0 0 2 0 0 0 0 0 0 0 0 0 0 0 0 0 0 0 0 0 0 0 0 0 0 0 0 0 0 0 0 0 0 0 0 0 0 0 0 0 0 0 0 0 0 0 0 0 0 0 0 0 0 0 0 0 0 0 0 0 0 0 0 0 0 0 0 0 0 0 0 0 0 0 0 0 0 0 0 0 0 0 0 0 0 0 0 0 0 0 0 0 0 0 0 0 0 0 0 0 0 0 0 0 0 0 0 0 0 0 0 0 0 0 0 0 0 0 0 0 0 0 0 0 0 0 0 
0 0 0 0 0 0 0 0 0 0 0 0 0 0 0 0 0 0 0 0 0 0 0 0 0 0 0 0 0 0 0 0 0 0 0 0 0 0 0 0 0 0 0 0 0 0 0 0 0 0 0 0 0 0 0 0 0 0 0 0 1 0 0 0 0 0 0 0 0 0 0 0 0 0 0 0 0 0 0 0 0 0 0 0 0 0 0 0 0 0 0 0 0 0 0 0 0 0 0 0 2 0 0 0 0 0 0 0 0 0 0 0 0 0 0 0 0 0 0 0 0 0 0 0 0 0 0 0 0 0 0 0 0 0 0 0 0 0 0 0 0 0 0 0 0 0 0 0 0 0 0 0 0 0 0 0 0 0 0 0 0 0 0 0 0 0 0 0 0 0 0 0 0 0 0 0 0 0 0 0 0 0 0 0 0 0 0 0 0 0 0 0 0 0 0 0 0 0 0 0 0 0 0 0 0 0 0 0 0 0 0 0 0 0 0 0 0 0 0 0 0 0 0 0 0 0 
0 0 0 0 0 0 0 0 0 0 0 0 0 0 0 0 0 0 0 0 0 0 0 0 0 0 0 0 0 0 0 0 0 0 0 0 0 0 0 0 0 0 0 0 0 0 0 0 0 0 0 0 0 0 0 0 0 0 0 0 1 0 0 0 0 0 0 0 0 0 0 0 0 0 0 0 0 0 0 0 0 0 0 0 0 0 0 0 0 0 0 0 0 0 0 0 0 0 0 2 0 0 0 0 0 0 0 0 0 0 0 0 0 0 0 0 0 0 0 0 0 0 0 0 0 0 0 0 0 0 0 0 0 0 0 0 0 0 0 0 0 0 0 0 0 0 0 0 0 0 0 0 0 0 0 0 0 0 0 0 0 0 0 0 0 0 0 0 0 0 0 0 0 0 0 0 0 0 0 0 0 0 0 0 0 0 0 0 0 0 0 0 0 0 0 0 0 0 0 0 0 0 0 0 0 0 0 0 0 0 0 0 0 0 0 0 0 0 0 0 0 0 0 0 0 0 
0 0 0 0 0 0 0 0 0 0 0 0 0 0 0 0 0 0 0 0 0 0 0 0 0 0 0 0 0 0 0 0 0 0 0 0 0 0 0 0 0 0 0 0 0 0 0 0 0 0 0 0 0 0 0 0 0 0 0 0 1 0 0 0 0 0 0 0 0 0 0 0 0 0 0 0 0 0 0 0 0 0 0 0 0 0 0 0 0 0 0 0 0 0 0 0 0 0 0 0 0 0 0 0 0 0 0 0 0 0 0 0 0 0 2 0 0 0 0 0 0 0 0 0 0 0 0 0 0 0 0 0 0 0 0 0 0 0 0 0 0 0 0 0 0 0 0 0 0 0 0 0 0 0 0 0 0 0 0 0 0 0 0 0 0 0 0 0 0 0 0 0 0 0 0 0 0 0 0 0 0 0 0 0 0 0 0 0 0 0 0 0 0 0 0 0 0 0 0 0 0 0 0 0 0 0 0 0 0 0 0 0 0 0 0 0 0 0 0 0 0 0 0 0 0 0 
0 0 0 0 0 0 0 0 0 0 0 0 0 0 0 0 0 0 0 0 0 0 0 0 0 0 0 0 0 0 0 0 0 0 0 0 0 0 0 0 0 0 0 0 0 0 0 0 0 0 0 0 0 0 0 0 0 0 0 0 1 0 0 0 0 0 0 0 0 0 0 0 0 0 0 0 0 0 0 0 0 0 0 0 0 0 0 0 0 0 0 0 0 0 0 0 0 0 0 0 0 0 0 0 0 0 0 0 0 0 0 0 0 0 0 0 0 0 0 0 0 0 0 0 0 0 0 0 0 2 0 0 0 0 0 0 0 0 0 0 0 0 0 0 0 0 0 0 0 0 0 0 0 0 0 0 0 0 0 0 0 0 0 0 0 0 0 0 0 0 0 0 0 0 0 0 0 0 0 0 0 0 0 0 0 0 0 0 0 0 0 0 0 0 0 0 0 0 0 0 0 0 0 0 0 0 0 0 0 0 0 0 0 0 0 0 0 0 0 0 0 0 0 0 0 0 
0 0 0 0 0 0 0 0 0 0 0 0 0 0 0 0 0 0 0 0 0 0 0 0 0 0 0 0 0 0 0 0 0 0 0 0 0 0 0 0 0 0 0 0 0 0 0 0 0 0 0 0 0 0 0 0 0 0 0 0 1 0 0 0 0 0 0 0 0 0 0 0 0 0 0 0 0 0 0 0 0 0 0 0 0 0 0 0 0 0 0 0 0 0 0 0 0 0 0 0 0 0 0 0 0 0 0 0 0 0 0 0 0 0 0 0 0 0 0 0 0 0 0 0 0 0 0 0 0 0 0 0 0 0 0 0 0 0 0 0 0 0 0 2 0 0 0 0 0 0 0 0 0 0 0 0 0 0 0 0 0 0 0 0 0 0 0 0 0 0 0 0 0 0 0 0 0 0 0 0 0 0 0 0 0 0 0 0 0 0 0 0 0 0 0 0 0 0 0 0 0 0 0 0 0 0 0 0 0 0 0 0 0 0 0 0 0 0 0 0 0 0 0 0 0 0 
0 0 0 0 0 0 0 0 0 0 0 0 0 0 0 0 0 0 0 0 0 0 0 0 0 0 0 0 0 0 0 0 0 0 0 0 0 0 0 0 0 0 0 0 0 0 0 0 0 0 0 0 0 0 0 0 0 0 0 0 1 0 0 0 0 0 0 0 0 0 0 0 0 0 0 0 0 0 0 0 0 0 0 0 0 0 0 0 0 0 0 0 0 0 0 0 0 0 0 0 0 0 0 0 0 0 0 0 0 0 0 0 0 0 0 0 0 0 0 0 0 0 0 0 0 0 0 0 0 0 0 0 0 0 0 0 0 0 0 0 0 0 0 0 0 0 0 0 0 0 0 0 0 0 0 0 0 2 0 0 0 0 0 0 0 0 0 0 0 0 0 0 0 0 0 0 0 0 0 0 0 0 0 0 0 0 0 0 0 0 0 0 0 0 0 0 0 0 0 0 0 0 0 0 0 0 0 0 0 0 0 0 0 0 0 0 0 0 0 0 0 0 0 0 0 0 
0 0 0 0 0 0 0 0 0 0 0 0 0 0 0 0 0 0 0 0 0 0 0 0 0 0 0 0 0 0 0 0 0 0 0 0 0 0 0 0 0 0 0 0 0 0 0 0 0 0 0 0 0 0 0 0 0 0 0 0 1 0 0 0 0 0 0 0 0 0 0 0 0 0 0 0 0 0 0 0 0 0 0 0 0 0 0 0 0 0 0 0 0 0 0 0 0 0 0 0 0 0 0 0 0 0 0 0 0 0 0 0 0 0 0 0 0 0 0 0 0 0 0 0 0 0 0 0 0 0 0 0 0 0 0 0 0 0 0 0 0 0 0 0 0 0 0 0 0 0 0 0 0 0 0 0 0 0 0 0 0 0 0 0 0 0 0 0 0 0 0 0 2 0 0 0 0 0 0 0 0 0 0 0 0 0 0 0 0 0 0 0 0 0 0 0 0 0 0 0 0 0 0 0 0 0 0 0 0 0 0 0 0 0 0 0 0 0 0 0 0 0 0 0 0 0 
0 0 0 0 0 0 0 0 0 0 0 0 0 0 0 0 0 0 0 0 0 0 0 0 0 0 0 0 0 0 0 0 0 0 0 0 0 0 0 0 0 0 0 0 0 0 0 0 0 0 0 0 0 0 0 0 0 0 0 0 1 0 0 0 0 0 0 0 0 0 0 0 0 0 0 0 0 0 0 0 0 0 0 0 0 0 0 0 0 0 0 0 0 0 0 0 0 0 0 0 0 0 0 0 0 0 0 0 0 0 0 0 0 0 0 0 0 0 0 0 0 0 0 0 0 0 0 0 0 0 0 0 0 0 0 0 0 0 0 0 0 0 0 0 0 0 0 0 0 0 0 0 0 0 0 0 0 0 0 0 0 0 0 0 0 0 0 0 0 0 0 0 0 0 0 0 0 0 0 0 0 0 0 0 0 2 0 0 0 0 0 0 0 0 0 0 0 0 0 0 0 0 0 0 0 0 0 0 0 0 0 0 0 0 0 0 0 0 0 0 0 0 0 0 0 0 
0 0 0 0 0 0 0 0 0 0 0 0 0 0 0 0 0 0 0 0 0 0 0 0 0 0 0 0 0 0 0 0 0 0 0 0 0 0 0 0 0 0 0 0 0 0 0 0 0 0 0 0 0 0 0 0 0 0 0 0 1 0 0 0 0 0 0 0 0 0 0 0 0 0 0 0 0 0 0 0 0 0 0 0 0 0 0 0 0 0 0 0 0 0 0 0 0 0 0 0 0 0 0 0 0 0 0 0 0 0 0 0 0 0 0 0 0 0 0 0 0 0 0 0 0 0 0 0 0 0 0 0 0 0 0 0 0 0 0 0 0 0 0 0 0 0 0 0 0 0 0 0 0 0 0 0 0 0 0 0 0 0 0 0 0 0 0 0 0 0 0 0 0 0 0 0 0 0 0 0 0 0 0 0 2 0 0 0 0 0 0 0 0 0 0 0 0 0 0 0 0 0 0 0 0 0 0 0 0 0 0 0 0 0 0 0 0 0 0 0 0 0 0 0 0 0 
0 0 0 0 0 0 0 0 0 0 0 0 0 0 0 0 0 0 0 0 0 0 0 0 0 0 0 0 0 0 0 0 0 0 0 0 0 0 0 0 0 0 0 0 0 0 0 0 0 0 0 0 0 0 0 0 0 0 0 0 1 0 0 0 0 0 0 0 0 0 0 0 0 0 0 0 0 0 0 0 0 0 0 0 0 0 0 0 0 0 0 0 0 0 0 0 0 0 0 0 0 0 0 0 0 0 0 0 0 0 0 0 0 0 0 0 0 0 0 0 0 0 0 0 0 0 0 0 0 0 0 0 0 0 0 0 0 0 0 0 0 0 0 0 0 0 0 0 0 0 0 0 0 0 0 0 0 0 0 0 0 0 0 0 0 0 0 0 0 0 0 0 0 0 0 0 0 0 0 0 0 0 0 0 0 0 0 0 0 0 0 0 0 0 0 0 0 0 0 2 0 0 0 0 0 0 0 0 0 0 0 0 0 0 0 0 0 0 0 0 0 0 0 0 0 0 

0 0 0 0 0 0 0 0 0 0 0 0 0 0 0 0 0 0 0 0 0 0 0 0 0 0 2 0 0 0 0 0 0 0 0 0 0 0 0 0 0 0 0 0 0 0 0 0 0 0 0 0 0 0 0 0 0 0 0 0 0 0 0 0 0 0 0 0 0 0 0 0 0 0 0 0 0 0 0 0 0 0 0 0 0 0 0 0 0 0 0 0 0 0 0 0 0 0 0 0 0 0 0 0 0 0 0 0 0 0 0 0 0 0 0 0 0 0 0 0 0 0 0 0 0 0 0 0 0 0 0 0 0 0 0 0 0 0 0 0 0 0 0 0 0 0 0 0 0 0 0 0 0 0 0 0 0 0 0 0 0 0 0 0 0 0 0 0 0 0 0 0 0 0 0 0 0 0 0 0 0 0 0 0 0 0 0 0 0 0 0 0 0 0 0 0 0 0 0 1 0 0 0 0 0 0 0 0 0 0 0 0 0 0 0 0 0 0 0 0 0 0 0 0 0 0 
0 0 0 0 0 0 0 0 0 0 0 0 0 0 0 0 0 0 0 0 0 0 0 0 0 2 0 0 0 0 0 0 0 0 0 0 0 0 0 0 0 0 0 0 0 0 0 0 0 0 0 0 0 0 0 0 0 0 0 0 0 0 0 0 0 0 0 0 0 0 0 0 0 0 0 0 0 0 0 0 0 0 0 0 0 0 0 0 0 0 0 0 0 0 0 0 0 0 0 0 0 0 0 0 0 0 0 0 0 0 0 0 0 0 0 0 0 0 0 0 0 0 0 0 0 0 0 0 0 0 0 0 0 0 0 0 0 0 0 0 0 0 0 0 0 0 0 0 0 0 0 0 0 0 0 0 0 0 0 0 0 0 0 0 0 0 0 0 0 0 0 0 0 0 0 0 0 0 0 0 0 0 0 0 1 0 0 0 0 0 0 0 0 0 0 0 0 0 0 0 0 0 0 0 0 0 0 0 0 0 0 0 0 0 0 0 0 0 0 0 0 0 0 0 0 0 
0 0 0 0 0 0 0 0 0 0 0 0 0 0 0 0 0 0 0 0 0 0 0 0 2 0 0 0 0 0 0 0 0 0 0 0 0 0 0 0 0 0 0 0 0 0 0 0 0 0 0 0 0 0 0 0 0 0 0 0 0 0 0 0 0 0 0 0 0 0 0 0 0 0 0 0 0 0 0 0 0 0 0 0 0 0 0 0 0 0 0 0 0 0 0 0 0 0 0 0 0 0 0 0 0 0 0 0 0 0 0 0 0 0 0 0 0 0 0 0 0 0 0 0 0 0 0 0 0 0 0 0 0 0 0 0 0 0 0 0 0 0 0 0 0 0 0 0 0 0 0 0 0 0 0 0 0 0 0 0 0 0 0 0 0 0 0 0 0 0 0 0 0 0 0 0 0 0 0 0 0 0 0 0 0 1 0 0 0 0 0 0 0 0 0 0 0 0 0 0 0 0 0 0 0 0 0 0 0 0 0 0 0 0 0 0 0 0 0 0 0 0 0 0 0 0 
0 0 0 0 0 0 0 0 0 0 0 0 0 0 0 0 0 0 0 0 0 0 0 0 0 0 0 0 0 0 0 0 0 0 0 0 0 0 2 0 0 0 0 0 0 0 0 0 0 0 0 0 0 0 0 0 0 0 0 0 0 0 0 0 0 0 0 0 0 0 0 0 0 0 0 0 0 0 0 0 0 0 0 0 0 0 0 0 0 0 0 0 0 0 0 0 0 0 0 0 0 0 0 0 0 0 0 0 0 0 0 0 0 0 0 0 0 0 0 0 0 0 0 0 0 0 0 0 0 0 0 0 0 0 0 0 0 0 0 0 0 0 0 0 0 0 0 0 0 0 0 0 0 0 0 0 0 0 0 0 0 0 0 0 0 0 0 0 0 0 0 0 1 0 0 0 0 0 0 0 0 0 0 0 0 0 0 0 0 0 0 0 0 0 0 0 0 0 0 0 0 0 0 0 0 0 0 0 0 0 0 0 0 0 0 0 0 0 0 0 0 0 0 0 0 0 
0 0 0 0 0 0 0 0 0 0 0 0 0 0 0 0 0 0 0 0 0 0 0 0 0 0 0 0 0 0 0 0 0 0 0 0 0 2 0 0 0 0 0 0 0 0 0 0 0 0 0 0 0 0 0 0 0 0 0 0 0 0 0 0 0 0 0 0 0 0 0 0 0 0 0 0 0 0 0 0 0 0 0 0 0 0 0 0 0 0 0 0 0 0 0 0 0 0 0 0 0 0 0 0 0 0 0 0 0 0 0 0 0 0 0 0 0 0 0 0 0 0 0 0 0 0 0 0 0 0 0 0 0 0 0 0 0 0 0 0 0 0 0 0 0 0 0 0 0 0 0 0 0 0 0 0 0 1 0 0 0 0 0 0 0 0 0 0 0 0 0 0 0 0 0 0 0 0 0 0 0 0 0 0 0 0 0 0 0 0 0 0 0 0 0 0 0 0 0 0 0 0 0 0 0 0 0 0 0 0 0 0 0 0 0 0 0 0 0 0 0 0 0 0 0 0 
0 0 0 0 0 0 0 0 0 0 0 0 0 0 0 0 0 0 0 0 0 0 0 0 0 0 0 0 0 0 0 0 0 0 0 0 0 0 0 0 0 0 0 0 0 0 0 0 2 0 0 0 0 0 0 0 0 0 0 0 0 0 0 0 0 0 0 0 0 0 0 0 0 0 0 0 0 0 0 0 0 0 0 0 0 0 0 0 0 0 0 0 0 0 0 0 0 0 0 0 0 0 0 0 0 0 0 0 0 0 0 0 0 0 0 0 0 0 0 0 0 0 0 0 0 0 0 0 0 0 0 0 0 0 0 0 0 0 0 0 0 0 0 1 0 0 0 0 0 0 0 0 0 0 0 0 0 0 0 0 0 0 0 0 0 0 0 0 0 0 0 0 0 0 0 0 0 0 0 0 0 0 0 0 0 0 0 0 0 0 0 0 0 0 0 0 0 0 0 0 0 0 0 0 0 0 0 0 0 0 0 0 0 0 0 0 0 0 0 0 0 0 0 0 0 0 
0 0 0 0 0 0 0 0 0 0 0 0 0 0 0 0 0 0 0 0 0 0 0 0 0 0 0 0 0 0 0 0 0 0 0 0 0 0 0 0 0 0 0 0 0 0 0 0 0 0 0 0 0 0 0 0 0 0 0 0 0 0 0 2 0 0 0 0 0 0 0 0 0 0 0 0 0 0 0 0 0 0 0 0 0 0 0 0 0 0 0 0 0 0 0 0 0 0 0 0 0 0 0 0 0 0 0 0 0 0 0 0 0 0 0 0 0 0 0 0 0 0 0 0 0 0 0 0 0 1 0 0 0 0 0 0 0 0 0 0 0 0 0 0 0 0 0 0 0 0 0 0 0 0 0 0 0 0 0 0 0 0 0 0 0 0 0 0 0 0 0 0 0 0 0 0 0 0 0 0 0 0 0 0 0 0 0 0 0 0 0 0 0 0 0 0 0 0 0 0 0 0 0 0 0 0 0 0 0 0 0 0 0 0 0 0 0 0 0 0 0 0 0 0 0 0 
0 0 0 0 0 0 0 0 0 0 0 0 0 0 0 0 0 0 0 0 0 0 0 0 0 0 0 0 0 0 0 0 0 0 0 0 0 0 0 0 0 0 0 0 0 0 0 0 0 0 0 0 0 0 0 0 0 0 0 0 0 0 2 0 0 0 0 0 0 0 0 0 0 0 0 0 0 0 0 0 0 0 0 0 0 0 0 0 0 0 0 0 0 0 0 0 0 0 0 0 0 0 0 0 0 0 0 0 0 0 0 0 0 0 1 0 0 0 0 0 0 0 0 0 0 0 0 0 0 0 0 0 0 0 0 0 0 0 0 0 0 0 0 0 0 0 0 0 0 0 0 0 0 0 0 0 0 0 0 0 0 0 0 0 0 0 0 0 0 0 0 0 0 0 0 0 0 0 0 0 0 0 0 0 0 0 0 0 0 0 0 0 0 0 0 0 0 0 0 0 0 0 0 0 0 0 0 0 0 0 0 0 0 0 0 0 0 0 0 0 0 0 0 0 0 0 
0 0 0 0 0 0 0 0 0 0 0 0 0 0 0 0 0 0 0 0 0 0 0 0 0 0 0 0 0 0 0 0 0 0 0 0 0 0 0 0 0 0 0 0 0 0 0 0 0 0 0 0 0 0 0 0 0 0 0 0 0 2 0 0 0 0 0 0 0 0 0 0 0 0 0 0 0 0 0 0 0 0 0 0 0 0 0 0 0 0 0 0 0 0 0 0 0 0 0 1 0 0 0 0 0 0 0 0 0 0 0 0 0 0 0 0 0 0 0 0 0 0 0 0 0 0 0 0 0 0 0 0 0 0 0 0 0 0 0 0 0 0 0 0 0 0 0 0 0 0 0 0 0 0 0 0 0 0 0 0 0 0 0 0 0 0 0 0 0 0 0 0 0 0 0 0 0 0 0 0 0 0 0 0 0 0 0 0 0 0 0 0 0 0 0 0 0 0 0 0 0 0 0 0 0 0 0 0 0 0 0 0 0 0 0 0 0 0 0 0 0 0 0 0 0 0 
0 0 0 0 0 0 0 0 0 0 0 0 0 0 0 0 0 0 0 0 0 0 0 0 0 0 0 0 0 0 0 0 0 0 0 0 0 0 0 0 0 0 0 0 0 0 0 0 0 0 0 0 0 0 0 0 0 0 0 0 0 0 0 0 0 0 0 0 0 0 0 0 0 0 0 0 2 0 0 0 0 0 0 0 0 0 0 0 0 0 0 0 0 0 0 0 0 0 0 0 1 0 0 0 0 0 0 0 0 0 0 0 0 0 0 0 0 0 0 0 0 0 0 0 0 0 0 0 0 0 0 0 0 0 0 0 0 0 0 0 0 0 0 0 0 0 0 0 0 0 0 0 0 0 0 0 0 0 0 0 0 0 0 0 0 0 0 0 0 0 0 0 0 0 0 0 0 0 0 0 0 0 0 0 0 0 0 0 0 0 0 0 0 0 0 0 0 0 0 0 0 0 0 0 0 0 0 0 0 0 0 0 0 0 0 0 0 0 0 0 0 0 0 0 0 0 
0 0 0 0 0 0 0 0 0 0 0 0 0 0 0 0 0 0 0 0 0 0 0 0 0 0 0 0 0 0 0 0 0 0 0 0 0 0 0 0 0 0 0 0 0 0 0 0 0 0 0 0 0 0 0 0 0 0 0 0 0 0 0 0 0 0 0 0 0 0 0 0 0 0 0 2 0 0 0 0 0 0 0 0 0 0 1 0 0 0 0 0 0 0 0 0 0 0 0 0 0 0 0 0 0 0 0 0 0 0 0 0 0 0 0 0 0 0 0 0 0 0 0 0 0 0 0 0 0 0 0 0 0 0 0 0 0 0 0 0 0 0 0 0 0 0 0 0 0 0 0 0 0 0 0 0 0 0 0 0 0 0 0 0 0 0 0 0 0 0 0 0 0 0 0 0 0 0 0 0 0 0 0 0 0 0 0 0 0 0 0 0 0 0 0 0 0 0 0 0 0 0 0 0 0 0 0 0 0 0 0 0 0 0 0 0 0 0 0 0 0 0 0 0 0 0 
0 0 0 0 0 0 0 0 0 0 0 0 0 0 0 0 0 0 0 0 0 0 0 0 0 0 0 0 0 0 0 0 0 0 0 0 0 0 0 0 0 0 0 0 0 0 0 0 0 0 0 0 0 0 0 0 0 0 0 0 0 0 0 0 0 0 0 0 0 0 0 0 0 0 0 0 0 0 0 0 0 0 0 0 0 0 0 1 2 0 0 0 0 0 0 0 0 0 0 0 0 0 0 0 0 0 0 0 0 0 0 0 0 0 0 0 0 0 0 0 0 0 0 0 0 0 0 0 0 0 0 0 0 0 0 0 0 0 0 0 0 0 0 0 0 0 0 0 0 0 0 0 0 0 0 0 0 0 0 0 0 0 0 0 0 0 0 0 0 0 0 0 0 0 0 0 0 0 0 0 0 0 0 0 0 0 0 0 0 0 0 0 0 0 0 0 0 0 0 0 0 0 0 0 0 0 0 0 0 0 0 0 0 0 0 0 0 0 0 0 0 0 0 0 0 0 
0 0 0 0 0 0 0 0 0 0 0 0 0 0 0 0 0 0 0 0 0 0 0 0 0 0 0 0 0 0 0 0 0 0 0 0 0 0 0 0 0 0 0 0 0 0 0 0 0 0 0 0 0 0 0 0 0 0 0 0 0 0 0 0 0 0 0 0 0 0 0 0 0 1 0 0 0 0 0 0 0 0 0 0 0 0 0 0 0 0 0 0 0 0 0 0 0 0 0 0 0 0 0 2 0 0 0 0 0 0 0 0 0 0 0 0 0 0 0 0 0 0 0 0 0 0 0 0 0 0 0 0 0 0 0 0 0 0 0 0 0 0 0 0 0 0 0 0 0 0 0 0 0 0 0 0 0 0 0 0 0 0 0 0 0 0 0 0 0 0 0 0 0 0 0 0 0 0 0 0 0 0 0 0 0 0 0 0 0 0 0 0 0 0 0 0 0 0 0 0 0 0 0 0 0 0 0 0 0 0 0 0 0 0 0 0 0 0 0 0 0 0 0 0 0 0 
0 0 0 0 0 0 0 0 0 0 0 0 0 0 0 0 0 0 0 0 0 0 0 0 0 0 0 0 0 0 0 0 0 0 0 0 0 0 0 0 0 0 0 0 0 0 0 0 0 0 0 0 0 0 0 0 0 0 0 1 0 0 0 0 0 0 0 0 0 0 0 0 0 0 0 0 0 0 0 0 0 0 0 0 0 0 0 0 0 0 0 0 0 0 0 0 0 0 0 0 0 0 2 0 0 0 0 0 0 0 0 0 0 0 0 0 0 0 0 0 0 0 0 0 0 0 0 0 0 0 0 0 0 0 0 0 0 0 0 0 0 0 0 0 0 0 0 0 0 0 0 0 0 0 0 0 0 0 0 0 0 0 0 0 0 0 0 0 0 0 0 0 0 0 0 0 0 0 0 0 0 0 0 0 0 0 0 0 0 0 0 0 0 0 0 0 0 0 0 0 0 0 0 0 0 0 0 0 0 0 0 0 0 0 0 0 0 0 0 0 0 0 0 0 0 0 
0 0 0 0 0 0 0 0 0 0 0 0 0 0 0 0 0 0 0 0 0 0 0 0 0 0 0 0 0 0 0 0 0 0 0 0 0 0 0 0 0 0 0 0 0 0 0 0 0 0 0 0 0 0 0 0 0 0 0 0 1 0 0 0 0 0 0 0 0 0 0 0 0 0 0 0 0 0 0 0 0 0 0 0 0 0 0 0 0 0 0 0 0 0 0 0 0 0 0 0 0 2 0 0 0 0 0 0 0 0 0 0 0 0 0 0 0 0 0 0 0 0 0 0 0 0 0 0 0 0 0 0 0 0 0 0 0 0 0 0 0 0 0 0 0 0 0 0 0 0 0 0 0 0 0 0 0 0 0 0 0 0 0 0 0 0 0 0 0 0 0 0 0 0 0 0 0 0 0 0 0 0 0 0 0 0 0 0 0 0 0 0 0 0 0 0 0 0 0 0 0 0 0 0 0 0 0 0 0 0 0 0 0 0 0 0 0 0 0 0 0 0 0 0 0 0 
0 0 0 0 0 0 0 0 0 0 0 0 0 0 0 0 0 0 0 0 0 0 0 0 0 0 0 0 0 0 0 0 0 0 0 0 0 0 0 0 0 0 0 0 0 0 0 0 0 0 0 0 0 0 0 0 0 0 0 0 1 0 0 0 0 0 0 0 0 0 0 0 0 0 0 0 0 0 0 0 0 0 0 0 0 0 0 0 0 0 0 0 0 0 0 0 0 0 0 0 2 0 0 0 0 0 0 0 0 0 0 0 0 0 0 0 0 0 0 0 0 0 0 0 0 0 0 0 0 0 0 0 0 0 0 0 0 0 0 0 0 0 0 0 0 0 0 0 0 0 0 0 0 0 0 0 0 0 0 0 0 0 0 0 0 0 0 0 0 0 0 0 0 0 0 0 0 0 0 0 0 0 0 0 0 0 0 0 0 0 0 0 0 0 0 0 0 0 0 0 0 0 0 0 0 0 0 0 0 0 0 0 0 0 0 0 0 0 0 0 0 0 0 0 0 0 
0 0 0 0 0 0 0 0 0 0 0 0 0 0 0 0 0 0 0 0 0 0 0 0 0 0 0 0 0 0 0 0 0 0 0 0 0 0 0 0 0 0 0 0 0 0 0 0 0 0 0 0 0 0 0 0 0 0 0 0 1 0 0 0 0 0 0 0 0 0 0 0 0 0 0 0 0 0 0 0 0 0 0 0 0 0 0 0 0 0 0 0 0 0 0 0 0 0 0 2 0 0 0 0 0 0 0 0 0 0 0 0 0 0 0 0 0 0 0 0 0 0 0 0 0 0 0 0 0 0 0 0 0 0 0 0 0 0 0 0 0 0 0 0 0 0 0 0 0 0 0 0 0 0 0 0 0 0 0 0 0 0 0 0 0 0 0 0 0 0 0 0 0 0 0 0 0 0 0 0 0 0 0 0 0 0 0 0 0 0 0 0 0 0 0 0 0 0 0 0 0 0 0 0 0 0 0 0 0 0 0 0 0 0 0 0 0 0 0 0 0 0 0 0 0 0 
0 0 0 0 0 0 0 0 0 0 0 0 0 0 0 0 0 0 0 0 0 0 0 0 0 0 0 0 0 0 0 0 0 0 0 0 0 0 0 0 0 0 0 0 0 0 0 0 0 0 0 0 0 0 0 0 0 0 0 0 1 0 0 0 0 0 0 0 0 0 0 0 0 0 0 0 0 0 0 0 0 0 0 0 0 0 0 0 0 0 0 0 0 0 0 0 0 0 0 0 0 0 0 0 0 0 0 0 0 0 0 0 0 0 2 0 0 0 0 0 0 0 0 0 0 0 0 0 0 0 0 0 0 0 0 0 0 0 0 0 0 0 0 0 0 0 0 0 0 0 0 0 0 0 0 0 0 0 0 0 0 0 0 0 0 0 0 0 0 0 0 0 0 0 0 0 0 0 0 0 0 0 0 0 0 0 0 0 0 0 0 0 0 0 0 0 0 0 0 0 0 0 0 0 0 0 0 0 0 0 0 0 0 0 0 0 0 0 0 0 0 0 0 0 0 0 
0 0 0 0 0 0 0 0 0 0 0 0 0 0 0 0 0 0 0 0 0 0 0 0 0 0 0 0 0 0 0 0 0 0 0 0 0 0 0 0 0 0 0 0 0 0 0 0 0 0 0 0 0 0 0 0 0 0 0 0 1 0 0 0 0 0 0 0 0 0 0 0 0 0 0 0 0 0 0 0 0 0 0 0 0 0 0 0 0 0 0 0 0 0 0 0 0 0 0 0 0 0 0 0 0 0 0 0 0 0 0 0 0 0 0 0 0 0 0 0 0 0 0 0 0 0 0 0 0 2 0 0 0 0 0 0 0 0 0 0 0 0 0 0 0 0 0 0 0 0 0 0 0 0 0 0 0 0 0 0 0 0 0 0 0 0 0 0 0 0 0 0 0 0 0 0 0 0 0 0 0 0 0 0 0 0 0 0 0 0 0 0 0 0 0 0 0 0 0 0 0 0 0 0 0 0 0 0 0 0 0 0 0 0 0 0 0 0 0 0 0 0 0 0 0 0 
0 0 0 0 0 0 0 0 0 0 0 0 0 0 0 0 0 0 0 0 0 0 0 0 0 0 0 0 0 0 0 0 0 0 0 0 0 0 0 0 0 0 0 0 0 0 0 0 0 0 0 0 0 0 0 0 0 0 0 0 1 0 0 0 0 0 0 0 0 0 0 0 0 0 0 0 0 0 0 0 0 0 0 0 0 0 0 0 0 0 0 0 0 0 0 0 0 0 0 0 0 0 0 0 0 0 0 0 0 0 0 0 0 0 0 0 0 0 0 0 0 0 0 0 0 0 0 0 0 0 0 0 0 0 0 0 0 0 0 0 0 0 0 2 0 0 0 0 0 0 0 0 0 0 0 0 0 0 0 0 0 0 0 0 0 0 0 0 0 0 0 0 0 0 0 0 0 0 0 0 0 0 0 0 0 0 0 0 0 0 0 0 0 0 0 0 0 0 0 0 0 0 0 0 0 0 0 0 0 0 0 0 0 0 0 0 0 0 0 0 0 0 0 0 0 0 
0 0 0 0 0 0 0 0 0 0 0 0 0 0 0 0 0 0 0 0 0 0 0 0 0 0 0 0 0 0 0 0 0 0 0 0 0 0 0 0 0 0 0 0 0 0 0 0 0 0 0 0 0 0 0 0 0 0 0 0 1 0 0 0 0 0 0 0 0 0 0 0 0 0 0 0 0 0 0 0 0 0 0 0 0 0 0 0 0 0 0 0 0 0 0 0 0 0 0 0 0 0 0 0 0 0 0 0 0 0 0 0 0 0 0 0 0 0 0 0 0 0 0 0 0 0 0 0 0 0 0 0 0 0 0 0 0 0 0 0 0 0 0 0 0 0 0 0 0 0 0 0 0 0 0 0 0 2 0 0 0 0 0 0 0 0 0 0 0 0 0 0 0 0 0 0 0 0 0 0 0 0 0 0 0 0 0 0 0 0 0 0 0 0 0 0 0 0 0 0 0 0 0 0 0 0 0 0 0 0 0 0 0 0 0 0 0 0 0 0 0 0 0 0 0 0 
0 0 0 0 0 0 0 0 0 0 0 0 0 0 0 0 0 0 0 0 0 0 0 0 0 0 0 0 0 0 0 0 0 0 0 0 0 0 0 0 0 0 0 0 0 0 0 0 0 0 0 0 0 0 0 0 0 0 0 0 1 0 0 0 0 0 0 0 0 0 0 0 0 0 0 0 0 0 0 0 0 0 0 0 0 0 0 0 0 0 0 0 0 0 0 0 0 0 0 0 0 0 0 0 0 0 0 0 0 0 0 0 0 0 0 0 0 0 0 0 0 0 0 0 0 0 0 0 0 0 0 0 0 0 0 0 0 0 0 0 0 0 0 0 0 0 0 0 0 0 0 0 0 0 0 0 0 0 0 0 0 0 0 0 0 0 0 0 0 0 0 0 2 0 0 0 0 0 0 0 0 0 0 0 0 0 0 0 0 0 0 0 0 0 0 0 0 0 0 0 0 0 0 0 0 0 0 0 0 0 0 0 0 0 0 0 0 0 0 0 0 0 0 0 0 0 
0 0 0 0 0 0 0 0 0 0 0 0 0 0 0 0 0 0 0 0 0 0 0 0 0 0 0 0 0 0 0 0 0 0 0 0 0 0 0 0 0 0 0 0 0 0 0 0 0 0 0 0 0 0 0 0 0 0 0 0 1 0 0 0 0 0 0 0 0 0 0 0 0 0 0 0 0 0 0 0 0 0 0 0 0 0 0 0 0 0 0 0 0 0 0 0 0 0 0 0 0 0 0 0 0 0 0 0 0 0 0 0 0 0 0 0 0 0 0 0 0 0 0 0 0 0 0 0 0 0 0 0 0 0 0 0 0 0 0 0 0 0 0 0 0 0 0 0 0 0 0 0 0 0 0 0 0 0 0 0 0 0 0 0 0 0 0 0 0 0 0 0 0 0 0 0 0 0 0 0 0 0 0 0 0 2 0 0 0 0 0 0 0 0 0 0 0 0 0 0 0 0 0 0 0 0 0 0 0 0 0 0 0 0 0 0 0 0 0 0 0 0 0 0 0 0 
0 0 0 0 0 0 0 0 0 0 0 0 0 0 0 0 0 0 0 0 0 0 0 0 0 0 0 0 0 0 0 0 0 0 0 0 0 0 0 0 0 0 0 0 0 0 0 0 0 0 0 0 0 0 0 0 0 0 0 0 1 0 0 0 0 0 0 0 0 0 0 0 0 0 0 0 0 0 0 0 0 0 0 0 0 0 0 0 0 0 0 0 0 0 0 0 0 0 0 0 0 0 0 0 0 0 0 0 0 0 0 0 0 0 0 0 0 0 0 0 0 0 0 0 0 0 0 0 0 0 0 0 0 0 0 0 0 0 0 0 0 0 0 0 0 0 0 0 0 0 0 0 0 0 0 0 0 0 0 0 0 0 0 0 0 0 0 0 0 0 0 0 0 0 0 0 0 0 0 0 0 0 0 0 2 0 0 0 0 0 0 0 0 0 0 0 0 0 0 0 0 0 0 0 0 0 0 0 0 0 0 0 0 0 0 0 0 0 0 0 0 0 0 0 0 0 
0 0 0 0 0 0 0 0 0 0 0 0 0 0 0 0 0 0 0 0 0 0 0 0 0 0 0 0 0 0 0 0 0 0 0 0 0 0 0 0 0 0 0 0 0 0 0 0 0 0 0 0 0 0 0 0 0 0 0 0 1 0 0 0 0 0 0 0 0 0 0 0 0 0 0 0 0 0 0 0 0 0 0 0 0 0 0 0 0 0 0 0 0 0 0 0 0 0 0 0 0 0 0 0 0 0 0 0 0 0 0 0 0 0 0 0 0 0 0 0 0 0 0 0 0 0 0 0 0 0 0 0 0 0 0 0 0 0 0 0 0 0 0 0 0 0 0 0 0 0 0 0 0 0 0 0 0 0 0 0 0 0 0 0 0 0 0 0 0 0 0 0 0 0 0 0 0 0 0 0 0 0 0 0 0 0 0 0 0 0 0 0 0 0 0 0 0 0 0 2 0 0 0 0 0 0 0 0 0 0 0 0 0 0 0 0 0 0 0 0 0 0 0 0 0 0 

Groups 0 and 2 collide.
Solution of group 0
Mulirobot solution: (|moves| = 38, paralellism = 1.583) [
    Step 0: 1#199->184 2#26->25 
    Step 1: 1#184->185 2#25->24 
    Step 2: 1#185->172 2#24->38 
    Step 3: 1#172->157 2#38->37 
    Step 4: 1#157->143 2#37->48 
    Step 5: 1#143->129 2#48->63 
    Step 6: 1#129->114 2#63->62 
    Step 7: 1#114->99 2#62->61 
    Step 8: 1#99->100 2#61->76 
    Step 9: 1#100->86 2#76->75 
    Step 10: 1#86->87 2#75->88 
    Step 11: 1#87->73 2#88->103 
    Step 12: 1#73->59 2#103->102 
    Step 13: 1#59->60 2#102->101 
    Step 14: 2#101->100 
    Step 15: 2#100->99 
    Step 16: 2#99->114 
    Step 17: 2#114->129 
    Step 18: 2#129->143 
    Step 19: 2#143->157 
    Step 20: 2#157->172 
    Step 21: 2#172->185 
    Step 22: 2#185->184 
    Step 23: 2#184->199 
]
Solution of group 2
Mulirobot solution: (|moves| = 19, paralellism = 1.000) [
    Step 0: 1#95->96 
    Step 1: 1#96->97 
    Step 2: 1#97->98 
    Step 3: 1#98->99 
    Step 4: 1#99->100 
    Step 5: 1#100->86 
    Step 6: 1#86->87 
    Step 7: 1#87->73 
    Step 8: 1#73->74 
    Step 9: 1#74->75 
    Step 10: 1#75->76 
    Step 11: 1#76->77 
    Step 12: 1#77->78 
    Step 13: 1#78->79 
    Step 14: 1#79->80 
    Step 15: 1#80->92 
    Step 16: 1#92->107 
    Step 17: 1#107->108 
    Step 18: 1#108->109 
]
Occupation table complementary for group 0
1 1 1 1 1 1 1 0 1 1 0 0 0 0 0 1 0 0 0 0 1 0 0 1 1 1 0 1 1 1 0 0 1 1 1 0 1 0 0 0 0 0 1 1 1 1 1 1 1 0 0 1 0 1 0 0 1 0 1 1 0 0 0 1 1 0 0 0 1 1 1 1 0 1 1 0 1 1 1 1 1 0 0 0 1 1 1 0 0 1 0 1 0 1 0 1 1 1 1 1 0 0 1 1 0 1 0 1 1 0 1 1 0 1 1 1 1 0 1 0 1 0 0 1 1 0 1 1 1 1 0 0 1 1 1 1 1 0 0 0 1 1 0 1 0 0 1 0 1 0 1 0 1 0 0 1 0 0 1 1 1 0 0 0 1 1 0 1 0 1 0 1 1 1 0 1 1 1 1 1 0 1 1 0 1 0 0 0 0 1 1 1 1 0 1 1 0 1 1 0 1 1 0 1 0 0 1 0 0 1 1 1 0 1 0 1 1 0 0 1 0 0 0 0 0 0 
0 1 1 1 1 1 0 0 0 1 1 0 0 0 0 1 1 0 0 1 0 0 1 0 0 0 1 0 1 1 0 1 0 1 0 1 0 0 1 0 0 1 0 0 0 1 0 1 0 0 1 0 0 1 0 1 1 0 1 1 1 1 0 1 0 0 0 0 1 0 1 0 0 1 1 0 1 0 1 1 0 1 0 0 1 0 0 1 1 0 0 0 0 1 0 1 1 1 1 0 1 1 0 0 0 1 0 0 0 0 0 1 1 1 1 0 0 1 0 1 1 1 1 1 0 1 1 0 1 1 0 1 1 0 1 0 0 0 0 0 0 0 0 0 1 0 0 0 0 1 1 1 0 0 1 0 0 1 1 1 1 1 1 1 1 0 1 0 1 1 1 0 0 0 0 0 0 1 1 1 0 0 0 1 0 1 1 0 1 0 0 1 0 0 1 0 1 0 0 1 0 1 1 0 1 1 0 0 1 1 1 0 0 0 1 0 0 0 0 0 0 0 0 0 0 0 
0 1 1 1 1 0 0 0 0 0 1 1 0 1 0 0 1 0 1 0 0 0 0 0 0 0 0 0 1 1 0 0 0 0 1 0 1 1 0 1 0 1 0 1 0 1 0 0 0 1 0 0 0 0 1 0 1 1 0 1 0 1 1 1 0 0 0 0 0 1 1 0 0 1 1 1 0 1 1 1 1 0 0 1 1 1 1 0 0 1 1 1 0 0 1 0 1 1 1 1 1 0 1 0 1 1 1 0 0 0 0 1 0 0 0 1 1 0 0 0 0 0 1 0 0 0 1 1 0 1 1 0 0 1 0 1 1 1 0 0 0 0 0 1 0 1 1 1 1 1 1 1 0 0 1 0 0 1 1 0 0 1 1 1 1 1 0 1 0 1 0 1 1 0 0 1 0 0 1 0 0 0 1 0 1 0 1 1 0 0 1 0 0 1 0 0 0 0 0 0 1 0 0 0 0 1 0 0 1 1 1 0 0 0 0 1 0 0 0 0 0 0 0 0 0 0 
0 0 0 1 0 0 0 0 0 0 0 1 1 0 0 0 1 1 1 0 0 0 1 0 1 0 0 0 0 1 0 1 0 0 0 1 0 0 0 0 0 1 0 0 0 1 0 1 1 0 0 1 0 0 1 1 1 1 1 1 0 1 1 1 0 0 0 0 1 0 1 0 0 1 1 1 1 1 0 1 0 0 0 0 1 1 0 1 0 1 1 1 0 0 1 1 1 1 1 1 1 1 0 1 0 0 1 0 0 0 0 0 0 0 0 1 1 0 0 0 0 1 0 0 0 0 0 1 1 0 0 0 1 1 1 1 1 1 0 0 1 0 0 1 0 0 0 1 1 1 0 1 0 0 1 0 1 1 0 1 1 1 0 1 1 0 1 0 0 1 0 0 1 1 1 0 0 1 0 0 1 0 1 1 0 1 0 0 1 0 0 0 0 0 0 0 0 0 0 0 0 1 0 0 0 1 0 1 1 1 0 0 0 0 0 0 1 0 0 0 0 0 0 0 0 0 
0 0 0 0 0 0 0 0 1 0 0 1 1 0 0 0 0 0 1 0 0 0 0 0 0 0 0 0 0 1 1 1 0 1 0 0 1 0 1 0 0 1 0 1 0 0 0 0 1 0 0 0 0 1 1 1 1 1 1 1 1 1 1 1 0 0 1 0 0 0 0 0 0 1 1 1 1 1 1 1 0 0 0 1 1 0 1 1 0 1 0 0 0 0 1 0 0 1 1 1 1 0 1 0 0 0 1 0 0 0 1 0 0 0 1 0 0 1 1 0 1 1 1 0 0 1 0 0 1 1 0 0 0 1 0 1 1 0 0 0 0 0 0 0 0 0 1 1 1 1 1 1 0 0 1 0 1 1 1 1 1 0 1 1 0 1 0 0 0 0 0 0 1 0 1 0 0 0 0 0 0 0 0 0 1 0 0 0 1 0 0 0 0 1 0 0 1 0 0 0 0 0 1 0 0 1 0 0 1 0 0 0 0 0 0 0 0 1 0 0 0 1 0 0 0 0 
0 0 0 0 0 0 0 1 0 0 1 0 0 1 0 0 0 0 0 0 0 0 1 0 0 0 0 0 1 0 0 1 0 1 0 0 0 0 0 0 0 1 1 1 0 0 0 1 0 1 0 0 0 0 1 0 1 1 1 1 0 0 1 1 0 0 0 0 0 1 0 0 0 1 1 1 1 1 1 1 0 1 0 0 1 0 1 1 1 1 0 1 0 0 1 1 0 1 0 1 1 1 1 0 0 1 1 1 0 0 1 0 1 0 0 0 0 1 1 0 1 1 0 0 0 1 0 0 0 1 0 0 1 1 0 1 1 0 0 0 1 0 0 1 1 1 0 0 1 1 1 0 0 0 1 0 1 1 0 1 0 1 1 1 1 1 0 0 0 0 0 0 1 1 0 1 0 0 0 0 1 0 0 0 0 1 0 0 1 0 0 0 0 0 0 0 1 0 0 0 0 0 0 1 0 1 0 1 0 0 0 0 0 0 0 0 0 0 1 0 0 1 0 0 0 0 
0 0 0 0 0 0 0 1 1 1 0 0 0 1 0 0 0 0 0 0 0 0 0 0 0 0 0 0 1 0 0 0 0 1 0 0 1 0 0 0 0 0 0 1 0 0 0 0 1 0 1 0 0 0 1 1 1 1 1 0 1 1 0 1 1 0 0 0 0 1 1 0 0 1 1 1 1 0 1 1 0 0 0 0 1 0 1 1 1 1 1 1 1 1 1 1 1 1 1 1 1 1 0 1 0 1 0 0 0 0 1 0 0 1 0 1 1 1 1 1 1 0 0 0 0 1 1 1 0 0 1 1 0 0 1 0 1 0 0 0 1 0 0 1 0 0 0 1 1 1 1 1 0 0 1 0 1 1 1 0 0 1 1 1 1 1 0 0 0 0 0 0 1 0 1 1 0 0 0 0 1 0 0 0 0 1 1 0 1 0 0 0 0 0 0 0 1 0 0 0 0 0 0 0 1 1 1 0 0 0 0 0 0 0 0 0 0 0 0 1 0 1 0 0 0 0 
0 0 0 0 0 0 0 1 1 1 0 0 0 1 0 0 0 0 0 0 0 0 0 0 0 0 0 0 1 0 0 0 0 1 0 0 1 1 0 0 0 0 0 0 1 0 0 1 1 0 0 1 0 1 0 0 1 1 1 1 0 0 1 1 0 0 0 0 0 1 1 1 0 1 1 1 1 1 1 1 1 0 0 1 1 0 1 1 1 1 0 0 0 0 1 0 1 1 0 1 0 1 1 1 1 0 0 0 1 0 1 0 0 0 1 1 1 0 1 1 0 0 0 0 0 1 0 1 1 0 1 1 0 1 0 0 1 1 0 0 0 0 0 0 1 0 0 0 0 1 1 0 0 0 1 0 1 1 0 0 1 1 0 1 1 0 0 0 0 0 0 0 1 1 0 1 0 0 0 0 0 0 0 0 0 1 0 1 1 0 0 0 0 1 0 0 1 0 0 0 1 0 0 0 0 1 0 0 0 0 0 0 0 0 0 0 0 0 0 0 1 1 0 0 0 0 
0 0 0 0 0 0 0 1 0 0 1 0 0 1 0 0 0 0 0 0 0 0 1 0 0 0 0 0 1 0 0 0 0 1 0 0 1 0 1 1 0 0 0 0 1 1 0 0 1 1 0 0 0 0 0 0 1 1 1 1 0 0 0 1 0 1 0 0 1 1 0 0 1 1 1 1 1 1 1 1 1 0 0 0 1 1 1 1 1 1 0 0 1 0 1 1 1 1 1 1 1 1 1 1 0 0 0 0 0 0 0 1 0 0 1 1 1 0 1 1 0 0 0 1 0 1 0 0 1 1 1 1 1 1 0 1 0 0 1 0 0 0 0 0 1 0 0 0 0 1 1 1 0 0 1 0 1 0 0 0 1 0 1 1 1 0 0 0 0 1 0 0 1 1 0 1 1 0 0 0 0 0 0 0 0 1 1 1 1 0 0 0 0 0 0 0 1 0 0 0 0 0 0 0 1 1 1 0 1 0 0 0 0 0 1 0 0 0 0 0 0 1 0 0 0 0 
0 0 0 0 0 0 0 1 0 0 0 1 0 1 0 0 0 0 0 0 0 0 0 0 1 0 0 0 1 0 0 0 0 1 0 1 1 1 0 1 0 0 0 1 1 0 0 0 1 0 1 0 0 1 0 0 0 1 1 1 1 0 0 1 0 0 0 0 0 1 1 0 1 1 1 1 1 0 0 1 0 0 0 1 1 0 1 1 1 1 0 0 1 0 1 0 1 1 0 1 0 1 1 1 0 0 0 1 0 0 0 0 0 1 0 1 0 1 0 1 0 0 0 0 0 1 1 0 1 1 1 1 0 1 1 0 1 1 1 0 0 0 0 1 1 0 0 1 0 1 1 1 0 0 1 0 1 0 0 1 0 1 0 1 1 1 0 0 0 0 0 0 1 1 1 1 1 0 0 0 0 0 1 0 0 1 0 1 1 1 0 0 0 0 0 0 1 0 0 0 0 1 0 0 1 1 0 1 1 0 0 0 0 0 0 1 0 0 0 0 0 1 1 0 0 0 
0 0 0 0 0 0 0 1 0 0 0 1 0 1 0 0 0 0 0 0 0 0 0 0 1 0 0 0 1 0 0 1 0 1 1 1 1 0 1 1 0 0 0 0 1 0 0 0 0 1 1 1 0 0 1 1 1 1 1 1 0 1 0 1 0 0 0 0 1 1 0 0 1 1 1 1 1 0 0 1 1 0 0 1 1 0 1 1 1 1 0 0 0 0 1 0 1 1 0 1 0 1 1 1 0 0 0 1 1 0 0 0 1 1 0 1 1 1 0 1 0 1 0 0 0 1 0 1 0 0 1 1 0 1 1 0 0 1 1 1 0 1 0 1 1 1 0 0 0 1 1 1 0 0 1 0 1 1 1 0 0 1 0 1 1 0 1 0 0 0 0 0 1 0 1 1 1 0 0 0 0 0 0 0 0 1 0 1 1 0 1 0 0 0 0 0 1 0 0 0 1 0 0 1 1 1 0 0 1 0 0 0 0 0 0 1 1 0 0 0 0 1 0 1 0 0 
0 0 0 0 0 0 0 1 0 0 0 0 1 1 0 0 0 0 0 0 0 1 0 0 1 1 0 0 1 0 0 0 1 1 1 1 1 0 0 1 0 0 1 0 1 1 0 0 0 1 1 0 1 1 0 1 0 1 1 1 1 0 1 1 0 0 0 0 0 1 0 0 1 1 1 1 1 1 0 1 0 0 0 1 1 0 1 1 1 1 0 0 1 0 1 0 1 1 0 1 1 1 0 1 0 0 1 1 1 0 0 1 0 1 0 1 1 1 0 1 1 0 1 0 0 1 1 1 1 0 1 1 1 1 1 1 0 1 1 1 0 0 0 0 1 0 0 0 0 1 1 1 0 0 1 1 1 1 1 1 0 0 1 1 1 0 0 1 0 0 0 0 1 1 1 1 1 0 0 0 0 0 0 0 0 1 0 1 1 1 1 0 0 0 0 0 1 0 0 0 0 0 0 1 1 1 0 0 1 1 0 0 1 0 1 1 1 0 0 0 0 1 0 1 0 0 
0 0 0 0 0 0 0 1 0 0 0 0 0 1 0 0 0 0 0 0 0 1 0 0 0 1 0 0 1 0 0 0 1 1 1 0 1 0 0 1 0 1 0 0 1 1 0 0 0 1 1 0 1 0 1 0 1 1 1 1 1 0 0 1 0 0 0 0 0 1 0 0 1 0 1 1 1 1 1 1 0 0 0 1 1 0 1 1 1 1 0 1 0 1 1 0 1 1 0 1 1 1 0 1 0 0 0 1 1 0 0 1 0 1 0 1 1 1 0 1 0 0 0 0 0 1 1 1 0 1 1 1 0 1 1 0 0 1 1 1 0 0 0 0 1 0 1 0 1 1 1 1 0 0 1 0 1 0 1 1 1 0 1 1 1 0 0 1 0 0 1 0 1 0 1 1 1 1 0 0 0 0 0 0 0 1 1 1 1 0 1 0 0 0 0 0 1 0 0 0 0 0 0 1 1 1 0 0 1 1 1 0 1 0 1 1 1 0 0 0 0 1 0 1 0 0 
0 0 0 0 0 0 0 1 0 0 0 0 0 1 1 0 0 0 0 0 0 1 1 0 0 1 1 0 1 0 0 0 1 1 1 0 1 0 0 1 0 1 0 0 1 1 0 0 0 1 1 0 1 1 0 0 1 1 1 1 0 1 0 1 1 0 0 0 0 1 0 0 1 0 1 1 0 0 1 1 0 0 0 1 1 0 1 1 1 1 0 0 0 1 1 0 1 1 1 1 1 1 0 1 0 0 0 1 1 0 0 1 0 1 0 1 1 1 1 1 0 0 0 0 0 1 1 1 0 0 1 1 0 1 1 0 0 1 1 1 0 0 0 1 1 0 0 0 0 1 1 1 0 0 1 0 1 0 0 1 1 1 1 1 1 0 0 1 0 0 0 1 1 0 1 1 1 0 1 0 0 0 0 0 0 1 1 1 1 0 1 0 0 0 1 0 1 0 0 0 0 0 0 1 1 1 0 0 1 1 0 0 1 0 1 1 1 0 1 0 0 1 0 1 0 0 
0 0 0 0 0 0 0 1 1 0 0 0 0 1 1 0 0 0 0 0 0 1 0 0 0 1 1 0 1 1 0 0 1 1 1 1 1 0 0 1 0 1 0 1 1 1 0 0 0 1 1 0 1 0 0 0 0 1 1 1 0 0 1 1 1 1 0 0 1 1 0 0 1 0 1 1 0 0 0 1 1 0 0 1 1 0 1 1 1 1 0 0 0 1 1 0 1 1 1 1 0 1 0 1 0 0 0 1 1 0 0 1 0 1 0 1 1 1 0 1 0 0 0 0 0 1 1 1 0 0 1 1 0 1 1 0 0 1 1 1 0 0 0 0 1 1 0 0 0 1 1 1 0 0 1 0 1 1 0 0 1 0 1 1 1 0 1 1 0 0 0 0 1 0 1 1 1 0 0 1 0 0 0 1 0 1 1 1 1 0 1 0 0 0 0 1 1 0 0 0 0 0 0 1 1 1 0 0 1 1 0 0 1 0 1 1 1 0 1 0 0 1 0 1 0 0 
0 0 0 0 0 0 0 1 0 1 0 0 0 1 1 0 1 0 0 0 0 1 0 0 0 1 1 0 1 0 0 1 1 1 1 0 1 0 0 1 0 1 0 0 1 1 0 0 0 1 1 0 1 0 0 0 1 1 1 1 0 0 1 1 1 0 1 0 1 1 0 0 1 0 1 1 0 0 0 1 1 1 0 1 1 1 1 1 1 1 0 0 0 1 1 0 1 1 1 1 0 1 0 1 0 0 0 1 1 0 0 1 0 1 0 1 1 1 0 1 0 0 0 0 0 1 1 1 0 0 1 1 1 1 1 0 0 1 1 1 0 0 0 0 1 1 0 0 0 1 1 1 0 0 1 0 1 1 0 0 1 1 1 1 1 0 0 1 0 0 0 0 1 0 1 1 1 0 0 1 0 0 0 0 0 1 1 1 1 0 1 0 0 0 0 1 1 0 1 0 0 0 0 1 1 1 0 0 1 1 0 0 1 0 1 1 1 0 1 0 0 1 0 1 0 0 
0 1 0 0 0 0 0 1 0 0 1 0 0 1 1 0 0 0 0 0 0 1 1 0 0 1 1 0 1 0 1 1 1 1 1 1 1 0 0 1 0 1 0 1 1 1 0 0 1 1 1 0 1 0 0 1 1 1 1 1 0 1 0 1 1 0 1 0 1 1 1 0 1 0 1 1 0 0 0 1 0 1 0 1 1 1 1 1 1 1 0 0 1 1 1 0 1 1 0 1 0 1 0 1 0 0 0 1 1 0 0 1 0 1 0 1 1 1 0 1 0 0 0 0 0 1 1 1 0 0 1 1 0 1 1 0 0 1 1 1 0 0 0 0 1 1 0 0 0 1 1 1 0 0 1 0 1 1 0 0 1 0 1 1 1 0 0 1 1 0 0 0 1 0 1 1 1 0 0 1 0 0 0 0 0 1 1 1 1 0 1 0 0 0 0 1 1 0 0 1 0 0 0 1 1 1 0 0 1 1 0 0 1 0 1 1 1 0 1 0 0 1 0 1 0 0 
1 0 0 0 0 0 0 1 0 0 0 1 0 1 1 0 0 0 0 0 0 1 0 1 0 1 1 0 1 0 1 1 1 1 1 0 1 0 0 1 0 1 0 0 1 1 1 0 1 1 1 0 1 0 0 1 1 1 1 1 0 1 0 1 1 0 1 0 1 1 1 0 1 0 1 1 0 0 0 1 0 1 0 1 1 1 1 1 1 1 0 0 0 1 1 0 1 1 0 1 0 1 0 1 0 0 0 1 1 0 0 1 1 1 1 1 1 1 0 1 0 0 1 0 0 1 1 1 0 0 1 1 0 1 1 0 0 1 1 1 0 0 0 0 1 1 0 0 0 1 1 1 0 0 1 0 1 1 0 1 1 0 1 1 1 1 0 1 0 0 0 0 1 0 1 1 1 0 0 1 0 1 0 0 0 1 1 1 1 0 1 0 0 0 0 1 1 0 0 0 1 0 0 1 1 1 0 0 1 1 0 0 1 0 1 1 1 1 1 0 0 1 0 1 0 0 
1 0 0 0 0 0 0 1 0 0 0 0 0 1 1 0 0 0 1 0 0 1 0 1 1 1 1 0 1 0 1 1 1 1 1 0 1 0 0 1 0 1 0 1 1 1 1 0 1 1 1 0 1 0 1 1 0 1 1 1 0 1 0 1 1 0 1 0 1 1 1 0 1 0 1 1 0 0 0 1 0 1 0 1 1 1 1 1 1 1 0 0 0 1 1 0 1 1 0 1 0 1 0 1 0 0 0 1 1 0 0 1 0 1 0 1 1 1 0 1 0 0 0 1 0 1 1 1 0 0 1 1 0 1 1 1 0 1 1 1 0 0 0 0 1 1 0 0 0 1 1 1 0 0 1 0 1 1 0 1 1 0 1 1 1 0 1 1 0 0 0 0 1 0 1 1 1 0 0 1 0 0 0 0 0 1 1 1 1 0 1 0 0 0 0 1 1 0 0 0 0 1 0 1 1 1 0 0 1 1 0 0 1 0 1 1 1 1 1 0 0 1 0 1 0 0 
1 0 0 0 0 0 0 1 0 0 0 0 0 1 1 0 0 1 0 1 0 1 0 1 1 1 1 0 1 0 1 1 1 1 1 1 1 0 0 1 0 1 0 0 1 1 1 0 1 1 1 0 1 1 0 1 0 1 1 1 0 1 0 1 1 0 1 0 1 1 1 0 1 0 1 1 0 0 0 1 0 1 0 1 1 1 1 1 1 1 0 0 0 1 1 0 1 1 0 1 0 1 0 1 0 0 0 1 1 1 0 1 1 1 0 1 1 1 0 1 0 0 0 1 0 1 1 1 0 0 1 1 0 1 1 0 1 1 1 1 0 0 1 0 1 1 0 0 0 1 1 1 0 0 1 0 1 1 0 1 1 0 1 1 1 1 1 1 0 0 0 0 1 0 1 1 1 0 0 1 0 0 0 0 0 1 1 1 1 0 1 0 0 0 1 1 1 0 0 0 0 1 0 1 1 1 0 0 1 1 0 0 1 0 1 1 1 1 1 0 0 1 0 1 0 0 
1 0 0 0 0 0 0 1 0 0 0 0 0 1 1 0 0 1 1 0 1 1 0 1 1 1 1 0 1 0 1 1 1 1 1 0 1 0 0 1 0 1 0 0 1 1 1 0 1 1 1 0 1 1 0 1 0 1 1 1 0 1 0 1 1 0 1 0 1 1 1 0 1 0 1 1 0 0 0 1 0 1 0 1 1 1 1 1 1 1 0 0 0 1 1 0 1 1 0 1 0 1 0 1 0 0 0 1 1 1 0 1 1 1 0 1 1 1 0 1 0 0 0 1 0 1 1 1 0 0 1 1 0 1 1 0 1 1 1 1 0 0 1 0 1 1 0 0 0 1 1 1 0 0 1 0 1 1 0 1 1 0 1 1 1 1 1 1 0 0 0 0 1 0 1 1 1 0 0 1 0 0 0 0 0 1 1 1 1 0 1 0 0 0 1 1 1 0 0 0 0 1 0 1 1 1 0 0 1 1 0 0 1 0 1 1 1 1 1 0 0 1 0 1 0 0 
1 0 0 0 0 0 0 1 0 0 0 0 0 1 1 0 0 1 0 0 1 1 1 1 1 1 1 0 1 0 1 1 1 1 1 0 1 0 0 1 0 1 0 0 1 1 1 0 1 1 1 0 1 1 0 1 0 1 1 1 0 1 0 1 1 0 1 0 1 1 1 0 1 0 1 1 0 0 0 1 0 1 0 1 1 1 1 1 1 1 0 0 0 1 1 0 1 1 0 1 0 1 0 1 0 0 0 1 1 1 0 1 1 1 0 1 1 1 0 1 0 0 0 1 0 1 1 1 0 0 1 1 0 1 1 0 1 1 1 1 0 0 1 0 1 1 0 0 0 1 1 1 0 0 1 0 1 1 0 1 1 0 1 1 1 1 1 1 0 0 0 0 1 0 1 1 1 0 0 1 0 0 0 0 0 1 1 1 1 0 1 0 0 0 1 1 1 0 0 0 0 1 0 1 1 1 0 0 1 1 0 0 1 0 1 1 1 1 1 0 0 1 0 1 0 0 
1 0 0 0 0 0 0 1 1 0 0 0 0 1 1 0 1 1 0 0 1 1 0 1 1 1 1 0 1 0 1 1 1 1 1 0 1 0 0 1 0 1 0 0 1 1 1 0 1 1 1 0 1 1 0 1 0 1 1 1 0 1 0 1 1 0 1 0 1 1 1 0 1 0 1 1 0 0 0 1 0 1 0 1 1 1 1 1 1 1 0 0 0 1 1 0 1 1 0 1 0 1 0 1 0 0 0 1 1 1 0 1 1 1 0 1 1 1 0 1 0 0 0 1 0 1 1 1 0 0 1 1 0 1 1 0 1 1 1 1 0 0 1 0 1 1 0 0 0 1 1 1 0 0 1 0 1 1 0 1 1 0 1 1 1 1 1 1 0 0 0 0 1 0 1 1 1 0 0 1 0 0 0 0 0 1 1 1 1 0 1 0 0 0 1 1 1 0 0 0 0 1 0 1 1 1 0 0 1 1 0 0 1 0 1 1 1 1 1 0 0 1 0 1 0 0 
1 0 0 0 0 0 0 1 1 0 0 0 0 1 1 0 1 1 0 0 1 1 0 1 1 1 1 0 1 0 1 1 1 1 1 0 1 0 0 1 0 1 0 0 1 1 1 0 1 1 1 0 1 1 0 1 0 1 1 1 0 1 0 1 1 0 1 0 1 1 1 0 1 0 1 1 0 0 0 1 0 1 0 1 1 1 1 1 1 1 0 0 0 1 1 0 1 1 0 1 0 1 0 1 0 0 0 1 1 1 0 1 1 1 0 1 1 1 0 1 0 0 0 1 0 1 1 1 0 0 1 1 0 1 1 0 1 1 1 1 0 0 1 0 1 1 0 0 0 1 1 1 0 0 1 0 1 1 0 1 1 0 1 1 1 1 1 1 0 0 0 0 1 0 1 1 1 0 0 1 0 0 0 0 0 1 1 1 1 0 1 0 0 0 1 1 1 0 0 0 0 1 0 1 1 1 0 0 1 1 0 0 1 0 1 1 1 1 1 0 0 1 0 1 0 0 
1 0 0 0 0 0 0 1 1 0 0 0 0 1 1 0 1 1 0 0 1 1 0 1 1 1 1 0 1 0 1 1 1 1 1 0 1 0 0 1 0 1 0 0 1 1 1 0 1 1 1 0 1 1 0 1 0 1 1 1 0 1 0 1 1 0 1 0 1 1 1 0 1 0 1 1 0 0 0 1 0 1 0 1 1 1 1 1 1 1 0 0 0 1 1 0 1 1 0 1 0 1 0 1 0 0 0 1 1 1 0 1 1 1 0 1 1 1 0 1 0 0 0 1 0 1 1 1 0 0 1 1 0 1 1 0 1 1 1 1 0 0 1 0 1 1 0 0 0 1 1 1 0 0 1 0 1 1 0 1 1 0 1 1 1 1 1 1 0 0 0 0 1 0 1 1 1 0 0 1 0 0 0 0 0 1 1 1 1 0 1 0 0 0 1 1 1 0 0 0 0 1 0 1 1 1 0 0 1 1 0 0 1 0 1 1 1 1 1 0 0 1 0 1 0 0 

Occupation table complementary for group 2
1 1 1 1 1 1 1 0 1 1 0 0 0 0 0 1 0 0 0 0 1 0 0 1 1 1 2 1 1 1 0 0 1 1 1 0 1 0 0 0 0 0 1 1 1 1 1 1 1 0 0 1 0 1 0 0 1 0 1 1 0 0 0 1 1 0 0 0 1 1 1 1 0 1 1 0 1 1 1 1 1 0 0 0 1 1 1 0 0 1 0 1 0 1 0 0 1 1 1 1 0 0 1 1 0 1 0 1 1 0 1 1 0 1 1 1 1 0 1 0 1 0 0 1 1 0 1 1 1 1 0 0 1 1 1 1 1 0 0 0 1 1 0 1 0 0 1 0 1 0 1 0 1 0 0 1 0 0 1 1 1 0 0 0 1 1 0 1 0 1 0 1 1 1 0 1 1 1 1 1 0 1 1 0 1 0 0 0 0 1 1 1 1 0 1 1 0 1 1 1 1 1 0 1 0 0 1 0 0 1 1 1 0 1 0 1 1 0 0 1 0 0 0 0 0 0 
0 1 1 1 1 1 0 0 0 1 1 0 0 0 0 1 1 0 0 1 0 0 1 0 0 2 1 0 1 1 0 1 0 1 0 1 0 0 1 0 0 1 0 0 0 1 0 1 0 0 1 0 0 1 0 1 1 0 1 1 1 1 0 1 0 0 0 0 1 0 1 0 0 1 1 0 1 0 1 1 0 1 0 0 1 0 0 1 1 0 0 0 0 1 0 1 1 1 1 0 1 1 0 0 0 1 0 0 0 0 0 1 1 1 1 0 0 1 0 1 1 1 1 1 0 1 1 0 1 1 0 1 1 0 1 0 0 0 0 0 0 0 0 0 1 0 0 0 0 1 1 1 0 0 1 0 0 1 1 1 1 1 1 1 1 0 1 0 1 1 1 0 0 0 0 0 0 1 1 1 0 0 0 1 1 1 1 0 1 0 0 1 0 0 1 0 1 0 0 1 0 1 1 0 1 1 0 0 1 1 1 0 0 0 1 0 0 0 0 0 0 0 0 0 0 0 
0 1 1 1 1 0 0 0 0 0 1 1 0 1 0 0 1 0 1 0 0 0 0 0 2 0 0 0 1 1 0 0 0 0 1 0 1 1 0 1 0 1 0 1 0 1 0 0 0 1 0 0 0 0 1 0 1 1 0 1 0 1 1 1 0 0 0 0 0 1 1 0 0 1 1 1 0 1 1 1 1 0 0 1 1 1 1 0 0 1 1 1 0 0 1 0 1 1 1 1 1 0 1 0 1 1 1 0 0 0 0 1 0 0 0 1 1 0 0 0 0 0 1 0 0 0 1 1 0 1 1 0 0 1 0 1 1 1 0 0 0 0 0 1 0 1 1 1 1 1 1 1 0 0 1 0 0 1 1 0 0 1 1 1 1 1 0 1 0 1 0 1 1 0 0 1 0 0 1 0 0 0 1 0 1 1 1 1 0 0 1 0 0 1 0 0 0 0 0 0 1 0 0 0 0 1 0 0 1 1 1 0 0 0 0 1 0 0 0 0 0 0 0 0 0 0 
0 0 0 1 0 0 0 0 0 0 0 1 1 0 0 0 1 1 1 0 0 0 1 0 1 0 0 0 0 1 0 1 0 0 0 1 0 0 2 0 0 1 0 0 0 1 0 1 1 0 0 1 0 0 1 1 1 1 1 1 0 1 1 1 0 0 0 0 1 0 1 0 0 1 1 1 1 1 0 1 0 0 0 0 1 1 0 1 0 1 1 1 0 0 1 1 1 1 1 1 1 1 0 1 0 0 1 0 0 0 0 0 0 0 0 1 1 0 0 0 0 1 0 0 0 0 0 1 1 0 0 0 1 1 1 1 1 1 0 0 1 0 0 1 0 0 0 1 1 1 0 1 0 0 1 0 1 1 0 1 1 1 0 1 1 0 1 0 0 1 0 0 1 1 1 0 0 1 0 0 1 0 1 1 0 1 0 0 1 0 0 0 0 0 0 0 0 0 0 0 0 1 0 0 0 1 0 1 1 1 0 0 0 0 0 0 1 0 0 0 0 0 0 0 0 0 
0 0 0 0 0 0 0 0 1 0 0 1 1 0 0 0 0 0 1 0 0 0 0 0 0 0 0 0 0 1 1 1 0 1 0 0 1 2 1 0 0 1 0 1 0 0 0 0 1 0 0 0 0 1 1 1 1 1 1 1 1 1 1 1 0 0 1 0 0 0 0 0 0 1 1 1 1 1 1 1 0 0 0 1 1 0 1 1 0 1 0 0 0 0 1 0 0 1 1 1 1 0 1 0 0 0 1 0 0 0 1 0 0 0 1 0 0 1 1 0 1 1 1 0 0 1 0 0 1 1 0 0 0 1 0 1 1 0 0 0 0 0 0 0 0 0 1 1 1 1 1 1 0 0 1 0 1 1 1 1 1 0 1 1 0 1 0 0 0 0 0 0 1 0 1 0 0 0 0 0 0 0 0 0 1 0 0 0 1 0 0 0 0 1 0 0 1 0 0 0 0 0 1 0 0 1 0 0 1 0 0 0 0 0 0 0 0 1 0 0 0 1 0 0 0 0 
0 0 0 0 0 0 0 1 0 0 1 0 0 1 0 0 0 0 0 0 0 0 1 0 0 0 0 0 1 0 0 1 0 1 0 0 0 0 0 0 0 1 1 1 0 0 0 1 2 1 0 0 0 0 1 0 1 1 1 1 0 0 1 1 0 0 0 0 0 1 0 0 0 1 1 1 1 1 1 1 0 1 0 0 1 0 1 1 1 1 0 1 0 0 1 1 0 1 0 1 1 1 1 0 0 1 1 1 0 0 1 0 1 0 0 0 0 1 1 0 1 1 0 0 0 1 0 0 0 1 0 0 1 1 0 1 1 0 0 0 1 0 0 1 1 1 0 0 1 1 1 0 0 0 1 0 1 1 0 1 0 1 1 1 1 1 0 0 0 0 0 0 1 1 0 1 0 0 0 0 1 0 0 0 0 1 0 0 1 0 0 0 0 0 0 0 1 0 0 0 0 0 0 1 0 1 0 1 0 0 0 0 0 0 0 0 0 0 1 0 0 1 0 0 0 0 
0 0 0 0 0 0 0 1 1 1 0 0 0 1 0 0 0 0 0 0 0 0 0 0 0 0 0 0 1 0 0 0 0 1 0 0 1 0 0 0 0 0 0 1 0 0 0 0 1 0 1 0 0 0 1 1 1 1 1 0 1 1 0 1 1 0 0 0 0 1 1 0 0 1 1 1 1 0 1 1 0 0 0 0 1 0 1 1 1 1 1 1 1 1 1 1 1 1 1 1 1 1 0 1 0 1 0 0 0 0 1 0 0 1 0 1 1 1 1 1 1 0 0 0 0 1 1 1 0 1 1 1 0 0 1 0 1 0 0 0 1 0 0 1 0 0 0 1 1 1 1 1 0 0 1 0 1 1 1 0 0 1 1 1 1 1 0 0 0 0 0 0 1 0 1 1 0 0 0 0 1 0 0 0 0 1 1 0 1 0 0 0 0 0 0 0 1 0 0 0 0 0 0 0 1 1 1 0 0 0 0 0 0 0 0 0 0 0 0 1 0 1 0 0 0 0 
0 0 0 0 0 0 0 1 1 1 0 0 0 1 0 0 0 0 0 0 0 0 0 0 0 0 0 0 1 0 0 0 0 1 0 0 1 1 0 0 0 0 0 0 1 0 0 1 1 0 0 1 0 1 0 0 1 1 1 1 0 0 1 1 0 0 0 0 0 1 1 1 0 1 1 1 1 1 1 1 1 0 0 1 1 0 1 1 1 1 0 0 0 0 1 0 1 1 0 1 0 1 1 1 1 0 0 0 1 0 1 0 0 0 1 1 1 0 1 1 0 0 0 0 0 1 0 1 1 0 1 1 0 1 0 0 1 1 0 0 0 0 0 0 1 0 0 0 0 1 1 0 0 0 1 0 1 1 0 0 1 1 0 1 1 0 0 0 0 0 0 0 1 1 0 1 0 0 0 0 0 0 0 0 0 1 0 1 1 0 0 0 0 1 0 0 1 0 0 0 1 0 0 0 0 1 0 0 0 0 0 0 0 0 0 0 0 0 0 0 1 1 0 0 0 0 
0 0 0 0 0 0 0 1 0 0 1 0 0 1 0 0 0 0 0 0 0 0 1 0 0 0 0 0 1 0 0 0 0 1 0 0 1 0 1 1 0 0 0 0 1 1 0 0 1 1 0 0 0 0 0 0 1 1 1 1 0 2 0 1 0 1 0 0 1 1 0 0 1 0 1 1 1 1 1 1 1 0 0 0 1 1 1 1 1 1 0 0 1 0 1 1 1 1 1 1 1 1 1 1 0 0 0 0 0 0 0 1 0 0 1 1 1 0 1 1 0 0 0 1 0 1 0 0 1 1 1 1 1 1 0 1 0 0 1 0 0 0 0 0 1 0 0 0 0 1 1 1 0 0 1 0 1 0 0 0 1 0 1 1 1 0 0 0 0 1 0 0 1 1 0 1 1 0 0 0 0 0 0 0 0 1 1 1 1 0 0 0 0 0 0 0 1 0 0 0 0 0 0 0 1 1 1 0 1 0 0 0 0 0 1 0 0 0 0 0 0 1 0 0 0 0 
0 0 0 0 0 0 0 1 0 0 0 1 0 1 0 0 0 0 0 0 0 0 0 0 1 0 0 0 1 0 0 0 0 1 0 1 1 1 0 1 0 0 0 1 1 0 0 0 1 0 1 0 0 1 0 0 0 1 1 1 1 0 0 1 0 0 0 0 0 1 1 0 1 1 1 1 1 0 0 1 0 0 0 1 1 0 1 1 1 1 0 0 1 0 1 0 1 1 0 1 1 1 1 1 0 0 0 1 0 0 0 0 0 1 0 1 0 1 0 1 0 0 0 0 0 1 1 0 1 1 1 1 0 1 1 0 1 1 1 0 0 0 0 1 1 0 0 1 0 1 1 1 0 0 1 0 1 0 0 1 0 1 0 1 1 1 0 0 0 0 0 0 1 1 1 1 1 0 0 0 0 0 1 0 0 1 0 1 1 1 0 0 0 0 0 0 1 0 0 0 0 1 0 0 1 1 0 1 1 0 0 0 0 0 0 1 0 0 0 0 0 1 1 0 0 0 
0 0 0 0 0 0 0 1 0 0 0 1 0 1 0 0 0 0 0 0 0 0 0 0 1 0 0 0 1 0 0 1 0 1 1 1 1 0 1 1 0 0 0 0 1 0 0 0 0 1 1 1 0 0 1 1 1 1 1 1 0 1 0 1 0 0 0 0 1 1 0 0 1 1 1 1 1 0 0 1 1 0 0 1 1 0 1 1 1 1 0 0 0 0 1 0 1 1 0 1 0 1 1 1 0 0 0 1 1 0 0 0 1 1 0 1 1 1 0 1 0 1 0 0 0 1 0 1 0 0 1 1 0 1 1 0 0 1 1 1 0 1 0 1 1 1 0 0 0 1 1 1 0 0 1 0 1 1 1 0 0 1 0 1 1 0 1 0 0 0 0 0 1 0 1 1 1 0 0 0 0 0 0 0 0 1 0 1 1 0 1 0 0 0 0 0 1 0 0 0 1 0 0 1 1 1 0 0 1 0 0 0 0 0 0 1 1 0 0 0 0 1 0 1 0 0 
0 0 0 0 0 0 0 1 0 0 0 0 1 1 0 0 0 0 0 0 0 1 0 0 1 1 0 0 1 0 0 0 1 1 1 1 1 0 0 1 0 0 1 0 1 1 0 0 0 1 1 0 1 1 0 1 0 1 1 1 1 0 1 1 0 0 0 0 0 1 0 0 1 1 1 1 0 1 0 1 0 0 0 1 1 0 1 1 1 1 0 0 1 0 1 0 1 1 0 1 1 1 0 1 0 0 1 1 1 0 0 1 0 1 0 1 1 1 0 1 1 0 1 0 0 1 1 1 1 0 1 1 1 1 1 1 0 1 1 1 0 0 0 0 1 0 0 0 0 1 1 1 0 0 1 1 1 1 1 1 0 0 1 1 1 0 0 1 0 0 0 0 1 1 1 1 1 0 0 0 0 0 0 0 0 1 0 1 1 1 1 0 0 0 0 0 1 0 0 0 0 0 0 1 1 1 0 0 1 1 0 0 1 0 1 1 1 0 0 0 0 1 0 1 0 0 
0 0 0 0 0 0 0 1 0 0 0 0 0 1 0 0 0 0 0 0 0 1 0 0 0 1 0 0 1 0 0 0 1 1 1 0 1 0 0 1 0 1 0 0 1 1 0 0 0 1 1 0 1 0 1 0 1 1 1 1 1 0 0 1 0 0 0 0 0 1 0 0 1 1 1 1 1 0 1 1 0 0 0 1 1 0 1 1 1 1 0 1 0 1 1 0 1 1 0 1 1 1 0 1 0 0 0 1 1 0 0 1 0 1 0 1 1 1 0 1 0 0 0 0 0 1 1 1 0 1 1 1 0 1 1 0 0 1 1 1 0 0 0 0 1 0 1 0 1 1 1 1 0 0 1 0 1 0 1 1 1 0 1 1 1 0 0 1 0 0 1 0 1 0 1 1 1 1 0 0 0 0 0 0 0 1 1 1 1 0 1 0 0 0 0 0 1 0 0 0 0 0 0 1 1 1 0 0 1 1 1 0 1 0 1 1 1 0 0 0 0 1 0 1 0 0 
0 0 0 0 0 0 0 1 0 0 0 0 0 1 1 0 0 0 0 0 0 1 1 0 0 1 1 0 1 0 0 0 1 1 1 0 1 0 0 1 0 1 0 0 1 1 0 0 0 1 1 0 1 1 0 0 1 1 1 1 0 1 0 1 1 0 0 0 0 1 0 0 1 0 1 1 0 0 1 1 0 0 0 1 1 0 1 1 1 1 0 0 0 1 1 0 1 1 1 1 1 1 2 1 0 0 0 1 1 0 0 1 0 1 0 1 1 1 1 1 0 0 0 0 0 1 1 1 0 0 1 1 0 1 1 0 0 1 1 1 0 0 0 1 1 0 0 0 0 1 1 1 0 0 1 0 1 0 0 1 1 1 1 1 1 0 0 1 0 0 0 1 1 0 1 1 1 0 1 0 0 0 0 0 0 1 1 1 1 0 1 0 0 0 1 0 1 0 0 0 0 0 0 1 1 1 0 0 1 1 0 0 1 0 1 1 1 0 1 0 0 1 0 1 0 0 
0 0 0 0 0 0 0 1 1 0 0 0 0 1 1 0 0 0 0 0 0 1 0 0 0 1 1 0 1 1 0 0 1 1 1 1 1 0 0 1 0 1 0 1 1 1 0 0 0 1 1 0 1 0 0 0 0 1 1 1 1 0 1 1 1 1 0 0 1 1 0 0 1 0 1 1 0 0 0 1 1 0 0 1 1 0 1 1 1 1 0 0 0 1 1 0 1 1 1 1 0 1 0 1 0 0 0 1 1 0 0 1 0 1 0 1 1 1 0 1 0 0 0 0 0 1 1 1 0 0 1 1 0 1 1 0 0 1 1 1 0 0 0 0 1 1 0 0 0 1 1 1 0 0 1 0 1 1 0 0 1 0 1 1 1 0 1 1 0 0 0 0 1 0 1 1 1 0 0 1 0 0 0 1 0 1 1 1 1 0 1 0 0 0 0 1 1 0 0 0 0 0 0 1 1 1 0 0 1 1 0 0 1 0 1 1 1 0 1 0 0 1 0 1 0 0 
0 0 0 0 0 0 0 1 0 1 0 0 0 1 1 0 1 0 0 0 0 1 0 0 0 1 1 0 1 0 0 1 1 1 1 0 1 0 0 1 0 1 0 0 1 1 0 0 0 1 1 0 1 0 0 0 1 1 1 1 1 0 1 1 1 0 1 0 1 1 0 0 1 0 1 1 0 0 0 1 0 1 0 1 1 1 1 1 1 1 0 0 0 1 1 0 1 1 1 1 2 1 0 1 0 0 0 1 1 0 0 1 0 1 0 1 1 1 0 1 0 0 0 0 0 1 1 1 0 0 1 1 1 1 1 0 0 1 1 1 0 0 0 0 1 1 0 0 0 1 1 1 0 0 1 0 1 1 0 0 1 1 1 1 1 0 0 1 0 0 0 0 1 0 1 1 1 0 0 1 0 0 0 0 0 1 1 1 1 0 1 0 0 0 0 1 1 0 1 0 0 0 0 1 1 1 0 0 1 1 0 0 1 0 1 1 1 0 1 0 0 1 0 1 0 0 
0 1 0 0 0 0 0 1 0 0 1 0 0 1 1 0 0 0 0 0 0 1 1 0 0 1 1 0 1 0 1 1 1 1 1 1 1 0 0 1 0 1 0 1 1 1 0 0 1 1 1 0 1 0 0 1 1 1 1 1 1 1 0 1 1 0 1 0 1 1 1 0 1 0 1 1 0 0 0 1 0 1 0 1 1 1 1 1 1 1 0 0 0 1 1 0 1 1 0 1 0 1 0 1 0 0 0 1 1 0 0 1 0 1 0 1 1 1 0 1 0 0 0 0 0 1 1 1 0 0 1 1 0 1 1 0 0 1 1 1 0 0 0 0 1 1 0 0 0 1 1 1 0 0 1 0 1 1 0 0 1 0 1 1 1 0 0 1 1 0 0 0 1 0 1 1 1 0 0 1 0 0 0 0 0 1 1 1 1 0 1 0 0 0 0 1 1 0 0 1 0 0 0 1 1 1 0 0 1 1 0 0 1 0 1 1 1 0 1 0 0 1 0 1 0 0 
1 0 0 0 0 0 0 1 0 0 0 1 0 1 1 0 0 0 0 0 0 1 0 1 0 1 1 0 1 0 1 1 1 1 1 0 1 0 0 1 0 1 0 0 1 1 1 0 1 1 1 0 1 0 0 1 1 1 1 1 1 1 0 1 1 0 1 0 1 1 1 0 1 0 1 1 0 0 0 1 0 1 0 1 1 1 1 1 1 1 0 0 0 1 1 0 1 1 0 1 0 1 0 1 0 0 0 1 1 0 0 1 1 1 1 1 1 1 0 1 0 0 1 0 0 1 1 1 0 0 1 1 0 1 1 0 0 1 1 1 0 0 0 0 1 1 0 0 0 1 1 1 0 0 1 0 1 1 0 1 1 0 1 1 1 1 0 1 0 0 0 0 1 0 1 1 1 0 0 1 0 1 0 0 0 1 1 1 1 0 1 0 0 0 0 1 1 0 0 0 1 0 0 1 1 1 0 0 1 1 0 0 1 0 1 1 1 1 1 0 0 1 0 1 0 0 
1 0 0 0 0 0 0 1 0 0 0 0 0 1 1 0 0 0 1 0 0 1 0 1 1 1 1 0 1 0 1 1 1 1 1 0 1 0 0 1 0 1 0 1 1 1 1 0 1 1 1 0 1 0 1 1 0 1 1 1 1 1 0 1 1 0 1 0 1 1 1 0 1 0 1 1 0 0 0 1 0 1 0 1 1 1 1 1 1 1 0 0 0 1 1 0 1 1 0 1 0 1 0 1 0 0 0 1 1 0 0 1 0 1 0 1 1 1 0 1 0 0 0 1 0 1 1 1 0 2 1 1 0 1 1 1 0 1 1 1 0 0 0 0 1 1 0 0 0 1 1 1 0 0 1 0 1 1 0 1 1 0 1 1 1 0 1 1 0 0 0 0 1 0 1 1 1 0 0 1 0 0 0 0 0 1 1 1 1 0 1 0 0 0 0 1 1 0 0 0 0 1 0 1 1 1 0 0 1 1 0 0 1 0 1 1 1 1 1 0 0 1 0 1 0 0 
1 0 0 0 0 0 0 1 0 0 0 0 0 1 1 0 0 1 0 1 0 1 0 1 1 1 1 0 1 0 1 1 1 1 1 1 1 0 0 1 0 1 0 0 1 1 1 0 1 1 1 0 1 1 0 1 0 1 1 1 1 1 0 1 1 0 1 0 1 1 1 0 1 0 1 1 0 0 0 1 0 1 0 1 1 1 1 1 1 1 0 0 0 1 1 0 1 1 0 1 0 1 0 1 0 0 0 1 1 0 0 1 1 1 0 1 1 1 0 1 0 0 0 1 0 1 1 1 0 0 1 1 0 1 1 0 1 1 1 1 0 0 1 2 1 1 0 0 0 1 1 1 0 0 1 0 1 1 0 1 1 0 1 1 1 1 1 1 0 0 0 0 1 0 1 1 1 0 0 1 0 0 0 0 0 1 1 1 1 0 1 0 0 0 1 1 1 0 0 0 0 1 0 1 1 1 0 0 1 1 0 0 1 0 1 1 1 1 1 0 0 1 0 1 0 0 
1 0 0 0 0 0 0 1 0 0 0 0 0 1 1 0 0 1 1 0 1 1 0 1 1 1 1 0 1 0 1 1 1 1 1 0 1 0 0 1 0 1 0 0 1 1 1 0 1 1 1 0 1 1 0 1 0 1 1 1 1 1 0 1 1 0 1 0 1 1 1 0 1 0 1 1 0 0 0 1 0 1 0 1 1 1 1 1 1 1 0 0 0 1 1 0 1 1 0 1 0 1 0 1 0 0 0 1 1 0 0 1 1 1 0 1 1 1 0 1 0 0 0 1 0 1 1 1 0 0 1 1 0 1 1 0 1 1 1 1 0 0 1 0 1 1 0 0 0 1 1 1 0 0 1 0 1 1 0 1 1 0 1 1 1 1 1 1 0 0 0 0 1 0 1 1 1 0 0 1 0 0 0 0 0 1 1 1 1 0 1 0 0 0 1 1 1 0 0 0 0 1 0 1 1 1 0 0 1 1 0 0 1 0 1 1 1 1 1 0 0 1 0 1 0 0 
1 0 0 0 0 0 0 1 0 0 0 0 0 1 1 0 0 1 0 0 1 1 1 1 1 1 1 0 1 0 1 1 1 1 1 0 1 0 0 1 0 1 0 0 1 1 1 0 1 1 1 0 1 1 0 1 0 1 1 1 1 1 0 1 1 0 1 0 1 1 1 0 1 0 1 1 0 0terminate called after throwing an instance of 'std::bad_alloc'
  what():  std::bad_alloc
 0 1 0 1 0 1 1 1 1 1 1 1 0 0 0 1 1 0 1 1 0 1 0 1 0 1 0 0 0 1 1 0 0 1 1 1 0 1 1 1 0 1 0 0 0 1 0 1 1 1 0 0 1 1 0 1 1 0 1 1 1 1 0 0 1 0 1 1 0 0 0 1 1 1 0 0 1 0 1 1 0 1 1 0 1 1 1 1 1 1 0 0 0 0 1 0 1 1 1 0 0 1 0 0 0 0 0 1 1 1 1 0 1 0 0 0 1 1 1 0 0 0 0 1 0 1 1 1 0 0 1 1 0 0 1 0 1 1 1 1 1 0 0 1 0 1 0 0 
1 0 0 0 0 0 0 1 1 0 0 0 0 1 1 0 1 1 0 0 1 1 0 1 1 1 1 0 1 0 1 1 1 1 1 0 1 0 0 1 0 1 0 0 1 1 1 0 1 1 1 0 1 1 0 1 0 1 1 1 1 1 0 1 1 0 1 0 1 1 1 0 1 0 1 1 0 0 0 1 0 1 0 1 1 1 1 1 1 1 0 0 0 1 1 0 1 1 0 1 0 1 0 1 0 0 0 1 1 0 0 1 1 1 0 1 1 1 0 1 0 0 0 1 0 1 1 1 0 0 1 1 0 1 1 0 1 1 1 1 0 0 1 0 1 1 0 0 0 1 1 1 0 0 1 0 1 1 0 1 1 0 1 1 1 1 1 1 0 0 0 0 1 0 1 1 1 0 0 1 0 0 0 0 0 1 1 1 1 0 1 0 0 0 1 1 1 0 0 0 0 1 0 1 1 1 0 0 1 1 0 0 1 0 1 1 1 1 1 0 0 1 0 1 0 0 
1 0 0 0 0 0 0 1 1 0 0 0 0 1 1 0 1 1 0 0 1 1 0 1 1 1 1 0 1 0 1 1 1 1 1 0 1 0 0 1 0 1 0 0 1 1 1 0 1 1 1 0 1 1 0 1 0 1 1 1 1 1 0 1 1 0 1 0 1 1 1 0 1 0 1 1 0 0 0 1 0 1 0 1 1 1 1 1 1 1 0 0 0 1 1 0 1 1 0 1 0 1 0 1 0 0 0 1 1 0 0 1 1 1 0 1 1 1 0 1 0 0 0 1 0 1 1 1 0 0 1 1 0 1 1 0 1 1 1 1 0 0 1 0 1 1 0 0 0 1 1 1 0 0 1 0 1 1 0 1 1 0 1 1 1 1 1 1 0 0 0 0 1 0 1 1 1 0 0 1 0 0 0 0 2 1 1 1 1 0 1 0 0 0 1 1 1 0 0 0 0 1 0 1 1 1 0 0 1 1 0 0 1 0 1 1 1 1 1 0 0 1 0 1 0 0 
1 0 0 0 0 0 0 1 1 0 0 0 0 1 1 0 1 1 0 0 1 1 0 1 1 1 1 0 1 0 1 1 1 1 1 0 1 0 0 1 0 1 0 0 1 1 1 0 1 1 1 0 1 1 0 1 0 1 1 1 1 1 0 1 1 0 1 0 1 1 1 0 1 0 1 1 0 0 0 1 0 1 0 1 1 1 1 1 1 1 0 0 0 1 1 0 1 1 0 1 0 1 0 1 0 0 0 1 1 0 0 1 1 1 0 1 1 1 0 1 0 0 0 1 0 1 1 1 0 0 1 1 0 1 1 0 1 1 1 1 0 0 1 0 1 1 0 0 0 1 1 1 0 0 1 0 1 1 0 1 1 0 1 1 1 1 1 1 0 0 0 0 1 0 1 1 1 0 0 1 0 0 0 0 0 1 1 1 1 0 1 0 0 0 1 1 1 0 0 2 0 1 0 1 1 1 0 0 1 1 0 0 1 0 1 1 1 1 1 0 0 1 0 1 0 0 

Unable to resolve collision between groups 0 and 2.
Merging groups 0 and 2.
Searching solution for merged group 0+2.
Open/close/exp size (steps): 17075/29600/17075 (367166)
Open/close/exp size (steps): 46553/103055/46553 (440621)
Open/close/exp size (steps): 41985/191201/41985 (528767)
Open/close/exp size (steps): 112633/296977/112633 (634543)
Aborted (core dumped)
