================================================================
reLOC 0.13-odaiba : Multirobot Solver
(C) Copyright 2016 Pavel Surynek
----------------------------------------------------------------
Reading graph...
Reading graph... FINISHED
Reading initial arrangement...
Reading initial arrangement... FINISHED.
Reading goal arrangement...
Reading goal arrangement... FINISHED.
Building instance...
Building instance... FINISHED.
Open/close/exp size (steps): 4/1/4 (2)
Open/close/exp size (steps): 13/4/13 (5)
Open/close/exp size (steps): 20/8/20 (9)
Open/close/exp size (steps): 30/13/30 (14)
Open/close/exp size (steps): 13/3/13 (20)
Open/close/exp size (steps): 14/4/14 (28)
Open/close/exp size (steps): 1/0/1 (38)
Open/close/exp size (steps): 7/2/7 (50)
Open/close/exp size (steps): 1/0/1 (65)
Open/close/exp size (steps): 10/3/10 (83)
Open/close/exp size (steps): 22/6/22 (105)
Open/close/exp size (steps): 1/0/1 (132)
Open/close/exp size (steps): 47/22/47 (165)
Open/close/exp size (steps): 14/4/14 (205)
0 0 0 0 0 0 0 0 0 0 0 0 0 0 0 0 0 0 0 0 0 0 0 0 0 0 0 0 0 0 0 0 0 0 0 0 0 0 0 0 0 0 0 0 0 0 0 0 0 0 0 1 0 
0 0 0 0 0 0 0 0 0 0 0 0 0 0 0 0 0 0 0 0 0 0 0 0 0 0 0 0 0 0 0 0 0 0 0 0 0 0 0 0 0 0 0 0 0 1 0 0 0 0 0 0 0 
0 0 0 0 0 0 0 0 0 0 0 0 0 0 0 0 0 0 0 0 0 0 0 0 0 0 0 0 0 0 0 0 0 0 0 0 0 0 0 1 0 0 0 0 0 0 0 0 0 0 0 0 0 
0 0 0 0 0 0 0 0 0 0 0 0 0 0 0 0 0 0 0 0 0 0 0 0 0 0 0 0 0 0 0 0 0 1 0 0 0 0 0 0 0 0 0 0 0 0 0 0 0 0 0 0 0 
0 0 0 0 0 0 0 0 0 0 0 0 0 0 0 0 0 0 0 0 0 0 0 0 0 0 1 0 0 0 0 0 0 0 0 0 0 0 0 0 0 0 0 0 0 0 0 0 0 0 0 0 0 
0 0 0 0 0 0 0 0 0 0 0 0 0 0 0 0 0 0 0 0 0 0 0 0 0 1 0 0 0 0 0 0 0 0 0 0 0 0 0 0 0 0 0 0 0 0 0 0 0 0 0 0 0 
0 0 0 0 0 0 0 0 0 0 0 0 0 0 0 0 0 0 0 0 1 0 0 0 0 0 0 0 0 0 0 0 0 0 0 0 0 0 0 0 0 0 0 0 0 0 0 0 0 0 0 0 0 
0 0 0 0 0 0 0 0 0 0 0 0 1 0 0 0 0 0 0 0 0 0 0 0 0 0 0 0 0 0 0 0 0 0 0 0 0 0 0 0 0 0 0 0 0 0 0 0 0 0 0 0 0 
0 0 0 0 0 1 0 0 0 0 0 0 0 0 0 0 0 0 0 0 0 0 0 0 0 0 0 0 0 0 0 0 0 0 0 0 0 0 0 0 0 0 0 0 0 0 0 0 0 0 0 0 0 
0 0 0 0 0 0 1 0 0 0 0 0 0 0 0 0 0 0 0 0 0 0 0 0 0 0 0 0 0 0 0 0 0 0 0 0 0 0 0 0 0 0 0 0 0 0 0 0 0 0 0 0 0 

0 0 0 0 0 0 0 0 0 0 0 0 0 0 0 0 0 0 0 0 0 0 0 0 0 0 0 0 0 0 0 0 0 0 0 0 0 0 0 0 0 0 0 0 0 0 0 0 0 0 0 1 0 
0 0 0 0 0 0 0 0 0 0 0 0 0 0 0 0 0 0 0 0 0 0 0 0 0 0 0 0 0 0 0 0 0 0 0 0 0 0 0 0 0 0 0 0 0 1 0 0 0 0 0 0 0 
0 0 0 0 0 0 0 0 0 0 0 0 0 0 0 0 0 0 0 0 0 0 0 0 0 0 0 0 0 0 0 0 0 0 0 0 0 0 0 1 0 0 0 0 0 0 0 0 0 0 0 0 0 
0 0 0 0 0 0 0 0 0 0 0 0 0 0 0 0 0 0 0 0 0 0 0 0 0 0 0 0 0 0 0 0 0 1 0 0 0 0 0 0 0 0 0 0 0 0 0 0 0 0 0 0 0 
0 0 0 0 0 0 0 0 0 0 0 0 0 0 0 0 0 0 0 0 0 0 0 0 0 0 1 0 0 0 0 0 0 0 0 0 0 0 0 0 0 0 0 0 0 0 0 0 0 0 0 0 0 
0 0 0 0 0 0 0 0 0 0 0 0 0 0 0 0 0 0 0 0 0 0 0 0 0 1 0 0 0 0 0 0 0 0 0 0 0 0 0 0 0 0 0 0 0 0 0 0 0 0 0 0 0 
0 0 0 0 0 0 0 0 0 0 0 0 0 0 0 0 0 0 0 0 1 0 0 0 0 0 0 0 0 0 0 0 0 0 0 0 0 0 0 0 0 0 0 0 0 0 0 0 0 0 0 0 0 
0 0 0 0 0 0 0 0 0 0 0 0 1 0 0 0 0 0 0 0 0 0 0 0 0 0 0 0 0 0 0 0 0 0 0 0 0 0 0 0 0 0 0 0 0 0 0 0 0 0 0 0 0 
0 0 0 0 0 1 0 0 0 0 0 0 0 0 0 0 0 0 0 0 0 0 0 0 0 0 0 0 0 0 0 0 0 0 0 0 0 0 0 0 0 0 0 0 0 0 0 0 0 0 0 0 0 
0 0 0 0 0 0 1 0 0 0 0 0 0 0 0 0 0 0 0 0 0 0 0 0 0 0 0 0 0 0 0 0 0 0 0 0 0 0 0 0 0 0 0 0 0 0 0 0 0 0 0 0 0 

Groups 0 and 2 collide.
Solution of group 0
Mulirobot solution: (|moves| = 9, paralellism = 1.000) [
    Step 0: 1#51->45 
    Step 1: 1#45->39 
    Step 2: 1#39->33 
    Step 3: 1#33->26 
    Step 4: 1#26->25 
    Step 5: 1#25->20 
    Step 6: 1#20->12 
    Step 7: 1#12->5 
    Step 8: 1#5->6 
]
Solution of group 2
Mulirobot solution: (|moves| = 6, paralellism = 1.000) [
    Step 0: 1#23->17 
    Step 1: 1#17->18 
    Step 2: 1#18->19 
    Step 3: 1#19->24 
    Step 4: 1#24->25 
    Step 5: 1#25->26 
]
Occupation table complementary for group 0
0 0 0 1 0 0 1 0 0 0 0 1 0 1 1 0 1 0 1 1 0 0 1 1 0 0 0 1 1 0 1 0 1 1 1 0 1 1 0 1 0 1 1 0 1 0 0 0 0 0 1 0 0 
0 0 1 0 0 1 1 0 1 0 0 0 0 1 0 0 1 1 1 1 0 0 0 1 1 0 1 0 0 1 0 0 0 1 0 0 1 0 0 1 0 0 0 1 1 1 0 0 0 0 0 0 0 
0 1 0 0 1 1 0 0 1 1 0 0 1 0 0 0 0 1 1 1 0 0 1 0 1 1 1 0 0 1 1 0 0 0 0 0 0 0 0 1 0 0 1 0 0 1 0 0 1 0 0 0 0 
1 0 0 1 0 1 0 0 0 1 1 1 0 0 0 0 1 0 0 1 1 0 1 1 0 1 0 0 0 0 0 1 1 1 0 0 0 0 0 1 0 0 1 0 0 0 0 0 0 1 0 1 0 
0 0 1 0 0 1 0 1 0 1 0 1 1 0 0 0 1 0 0 1 0 0 1 1 1 0 1 0 0 0 0 1 1 1 0 0 0 0 0 0 0 0 1 0 0 0 0 0 0 0 1 0 1 
0 1 0 0 0 1 0 1 1 1 0 1 0 1 0 0 0 0 0 1 0 0 0 1 1 1 0 1 0 1 0 0 1 1 1 0 0 1 0 0 0 0 1 0 0 0 0 0 0 0 0 1 1 
1 1 0 0 0 1 0 1 1 1 0 1 0 1 0 0 0 0 0 1 0 1 0 1 1 1 1 0 1 0 0 1 1 0 1 0 0 0 0 1 0 0 1 1 0 0 0 0 0 0 0 1 1 
1 0 1 0 0 1 0 1 0 1 0 1 0 1 1 0 1 0 0 1 0 0 0 1 1 0 1 0 0 0 0 1 1 0 1 1 0 0 0 0 0 0 1 1 0 1 0 0 0 0 0 1 1 
1 0 1 0 0 1 0 1 0 1 0 1 0 1 1 0 0 0 0 1 0 0 1 1 1 0 1 1 0 0 0 1 1 0 1 1 0 0 0 0 0 0 1 1 1 0 0 0 0 0 0 1 1 
1 0 1 0 0 1 0 1 0 1 0 1 0 1 1 0 0 0 0 1 0 1 0 1 1 0 1 0 0 1 0 1 1 0 1 1 0 0 0 0 0 0 1 1 1 0 0 0 0 0 0 1 1 
1 0 1 0 0 1 0 1 0 1 0 1 0 1 1 0 0 0 0 1 0 1 0 1 1 0 1 0 0 0 0 1 1 0 1 1 1 0 0 0 0 0 1 1 1 0 0 0 0 0 0 1 1 
1 0 1 0 0 1 0 1 0 1 0 1 0 1 1 0 0 0 0 1 0 1 0 1 1 0 1 0 0 0 0 1 1 0 1 1 0 0 0 0 0 1 1 1 1 0 0 0 0 0 0 1 1 
1 0 1 0 0 1 0 1 0 1 0 1 0 1 1 0 0 0 0 1 0 1 0 1 1 0 1 0 0 0 0 1 1 0 1 1 0 0 0 0 0 0 1 1 1 0 0 1 0 0 0 1 1 
1 0 1 0 0 1 0 1 0 1 0 1 0 1 1 0 0 0 0 1 0 1 0 1 1 0 1 0 0 0 0 1 1 0 1 1 0 0 0 0 0 0 1 1 1 0 1 0 0 0 0 1 1 

** Open/close/exp size (steps): 2/1/2 (2)
** Open/close/exp size (steps): 2/4/2 (5)
** Open/close/exp size (steps): 2/8/2 (9)
** Open/close/exp size (steps): 3/13/3 (14)
Occupation table complementary for group 2
0 0 0 1 0 0 1 0 0 0 0 1 0 1 1 0 1 0 1 1 0 0 1 0 0 0 0 1 1 0 1 0 1 1 1 0 1 1 0 1 0 1 1 0 1 0 0 0 0 0 1 1 0 
0 0 1 0 0 1 1 0 1 0 0 0 0 1 0 0 1 0 1 1 0 0 0 1 1 0 1 0 0 1 0 0 0 1 0 0 1 0 0 1 0 0 0 1 1 1 0 0 0 0 0 0 0 
0 1 0 0 1 1 0 0 1 1 0 0 1 0 0 0 0 1 0 1 0 0 1 0 1 1 1 0 0 1 1 0 0 0 0 0 0 0 0 1 0 0 1 0 0 1 0 0 1 0 0 0 0 
1 0 0 1 0 1 0 0 0 1 1 1 0 0 0 0 1 0 0 0 1 0 1 1 0 1 0 0 0 0 0 1 1 1 0 0 0 0 0 1 0 0 1 0 0 0 0 0 0 1 0 1 0 
0 0 1 0 0 1 0 1 0 1 0 1 1 0 0 0 1 0 0 1 0 0 1 1 1 0 1 0 0 0 0 1 1 1 0 0 0 0 0 0 0 0 1 0 0 0 0 0 0 0 1 0 1 
0 1 0 0 0 1 0 1 1 1 0 1 0 1 0 0 0 0 0 1 0 0 0 1 1 1 0 1 0 1 0 0 1 1 1 0 0 1 0 0 0 0 1 0 0 0 0 0 0 0 0 1 1 
1 1 0 0 0 1 0 1 1 1 0 1 0 1 0 0 0 0 0 1 1 1 0 1 1 1 0 0 1 0 0 1 1 0 1 0 0 0 0 1 0 0 1 1 0 0 0 0 0 0 0 1 1 
1 0 1 0 0 1 0 1 0 1 0 1 1 1 1 0 1 0 0 1 0 0 0 1 1 0 1 0 0 0 0 1 1 0 1 1 0 0 0 0 0 0 1 1 0 1 0 0 0 0 0 1 1 
1 0 1 0 0 1 0 1 0 1 0 1 0 1 1 0 0 0 0 1 0 0 1 1 1 0 0 1 0 0 0 1 1 0 1 1 0 0 0 0 0 0 1 1 1 0 0 0 0 0 0 1 1 
1 0 1 0 0 1 1 1 0 1 0 1 0 1 1 0 0 0 0 1 0 1 0 1 1 0 0 0 0 1 0 1 1 0 1 1 0 0 0 0 0 0 1 1 1 0 0 0 0 0 0 1 1 
1 0 1 0 0 1 1 1 0 1 0 1 0 1 1 0 0 0 0 1 0 1 0 1 1 0 0 0 0 0 0 1 1 0 1 1 1 0 0 0 0 0 1 1 1 0 0 0 0 0 0 1 1 
1 0 1 0 0 1 1 1 0 1 0 1 0 1 1 0 0 0 0 1 0 1 0 1 1 0 0 0 0 0 0 1 1 0 1 1 0 0 0 0 0 1 1 1 1 0 0 0 0 0 0 1 1 
1 0 1 0 0 1 1 1 0 1 0 1 0 1 1 0 0 0 0 1 0 1 0 1 1 0 0 0 0 0 0 1 1 0 1 1 0 0 0 0 0 0 1 1 1 0 0 1 0 0 0 1 1 
1 0 1 0 0 1 1 1 0 1 0 1 0 1 1 0 0 0 0 1 0 1 0 1 1 0 0 0 0 0 0 1 1 0 1 1 0 0 0 0 0 0 1 1 1 0 1 0 0 0 0 1 1 

Unable to resolve collision between groups 0 and 2.
Merging groups 0 and 2.
Searching solution for merged group 0+2.
Open/close/exp size (steps): 70/25/70 (253)
Open/close/exp size (steps): 180/83/180 (311)
Open/close/exp size (steps): 282/153/282 (381)
Open/close/exp size (steps): 384/237/384 (465)
Open/close/exp size (steps): 451/338/451 (566)
Open/close/exp size (steps): 579/460/579 (688)
Open/close/exp size (steps): 660/607/660 (835)
Open/close/exp size (steps): 775/784/775 (1012)
Open/close/exp size (steps): 954/997/954 (1225)
Open/close/exp size (steps): 976/1253/976 (1481)
Open/close/exp size (steps): 952/1561/952 (1789)
Open/close/exp size (steps): 936/1931/936 (2159)
0 0 0 0 0 0 0 0 0 0 0 0 0 0 0 0 0 0 0 0 0 0 0 2 0 0 0 0 0 0 0 0 0 0 0 0 0 0 0 0 0 0 0 0 0 0 0 0 0 0 0 1 0 
0 0 0 0 0 0 0 0 0 0 0 0 0 0 0 0 0 2 0 0 0 0 0 0 0 0 0 0 0 0 0 0 0 0 0 0 0 0 0 0 0 0 0 0 0 1 0 0 0 0 0 0 0 
0 0 0 0 0 0 0 0 0 0 0 0 0 0 0 0 0 0 2 0 0 0 0 0 0 0 0 0 0 0 0 0 0 0 0 0 0 0 0 1 0 0 0 0 0 0 0 0 0 0 0 0 0 
0 0 0 0 0 0 0 0 0 0 0 0 0 0 0 0 0 0 0 2 0 0 0 0 0 0 0 0 0 0 0 0 0 1 0 0 0 0 0 0 0 0 0 0 0 0 0 0 0 0 0 0 0 
0 0 0 0 0 0 0 0 0 0 0 0 0 0 0 0 0 0 0 0 0 0 0 0 2 0 1 0 0 0 0 0 0 0 0 0 0 0 0 0 0 0 0 0 0 0 0 0 0 0 0 0 0 
0 0 0 0 0 0 0 0 0 0 0 0 0 0 0 0 0 0 0 0 0 0 0 0 0 2 0 1 0 0 0 0 0 0 0 0 0 0 0 0 0 0 0 0 0 0 0 0 0 0 0 0 0 
0 0 0 0 0 0 0 0 0 0 0 0 0 0 0 0 0 0 0 0 0 1 0 0 0 0 2 0 0 0 0 0 0 0 0 0 0 0 0 0 0 0 0 0 0 0 0 0 0 0 0 0 0 
0 0 0 0 0 0 0 0 0 0 0 0 0 0 1 0 0 0 0 0 0 0 0 0 0 0 2 0 0 0 0 0 0 0 0 0 0 0 0 0 0 0 0 0 0 0 0 0 0 0 0 0 0 
0 0 0 0 0 0 0 0 0 0 0 0 0 1 0 0 0 0 0 0 0 0 0 0 0 0 2 0 0 0 0 0 0 0 0 0 0 0 0 0 0 0 0 0 0 0 0 0 0 0 0 0 0 
0 0 0 0 0 0 1 0 0 0 0 0 0 0 0 0 0 0 0 0 0 0 0 0 0 0 2 0 0 0 0 0 0 0 0 0 0 0 0 0 0 0 0 0 0 0 0 0 0 0 0 0 0 

0 0 0 0 0 0 0 0 0 0 0 0 0 0 0 0 0 0 0 0 0 0 0 2 0 0 0 0 0 0 0 0 0 0 0 0 0 0 0 0 0 0 0 0 0 0 0 0 0 0 0 1 0 
0 0 0 0 0 0 0 0 0 0 0 0 0 0 0 0 0 2 0 0 0 0 0 0 0 0 0 0 0 0 0 0 0 0 0 0 0 0 0 0 0 0 0 0 0 1 0 0 0 0 0 0 0 
0 0 0 0 0 0 0 0 0 0 0 0 0 0 0 0 0 0 2 0 0 0 0 0 0 0 0 0 0 0 0 0 0 0 0 0 0 0 0 1 0 0 0 0 0 0 0 0 0 0 0 0 0 
0 0 0 0 0 0 0 0 0 0 0 0 0 0 0 0 0 0 0 2 0 0 0 0 0 0 0 0 0 0 0 0 0 1 0 0 0 0 0 0 0 0 0 0 0 0 0 0 0 0 0 0 0 
0 0 0 0 0 0 0 0 0 0 0 0 0 0 0 0 0 0 0 0 0 0 0 0 2 0 1 0 0 0 0 0 0 0 0 0 0 0 0 0 0 0 0 0 0 0 0 0 0 0 0 0 0 
0 0 0 0 0 0 0 0 0 0 0 0 0 0 0 0 0 0 0 0 0 0 0 0 0 2 0 1 0 0 0 0 0 0 0 0 0 0 0 0 0 0 0 0 0 0 0 0 0 0 0 0 0 
0 0 0 0 0 0 0 0 0 0 0 0 0 0 0 0 0 0 0 0 0 1 0 0 0 0 2 0 0 0 0 0 0 0 0 0 0 0 0 0 0 0 0 0 0 0 0 0 0 0 0 0 0 
0 0 0 0 0 0 0 0 0 0 0 0 0 0 1 0 0 0 0 0 0 0 0 0 0 0 2 0 0 0 0 0 0 0 0 0 0 0 0 0 0 0 0 0 0 0 0 0 0 0 0 0 0 
0 0 0 0 0 0 0 0 0 0 0 0 0 1 0 0 0 0 0 0 0 0 0 0 0 0 2 0 0 0 0 0 0 0 0 0 0 0 0 0 0 0 0 0 0 0 0 0 0 0 0 0 0 
0 0 0 0 0 0 1 0 0 0 0 0 0 0 0 0 0 0 0 0 0 0 0 0 0 0 2 0 0 0 0 0 0 0 0 0 0 0 0 0 0 0 0 0 0 0 0 0 0 0 0 0 0 

Groups 0 and 2 collide.
Solution of group 0
Mulirobot solution: (|moves| = 15, paralellism = 1.667) [
    Step 0: 1#51->45 2#23->17 
    Step 1: 1#45->39 2#17->18 
    Step 2: 1#39->33 2#18->19 
    Step 3: 1#33->26 2#19->24 
    Step 4: 1#26->27 2#24->25 
    Step 5: 1#27->21 2#25->26 
    Step 6: 1#21->14 
    Step 7: 1#14->13 
    Step 8: 1#13->6 
]
Solution of group 2
Mulirobot solution: (|moves| = 7, paralellism = 1.000) [
    Step 0: 1#44->45 
    Step 1: 1#45->39 
    Step 2: 1#39->33 
    Step 3: 1#33->26 
    Step 4: 1#26->27 
    Step 5: 1#27->21 
    Step 6: 1#21->14 
]
Occupation table complementary for group 0
0 0 0 1 0 0 1 0 0 0 0 1 0 1 1 0 1 0 1 1 0 0 1 0 0 0 0 1 1 0 1 0 1 1 1 0 1 1 0 1 0 1 1 0 1 0 0 0 0 0 1 0 0 
0 0 1 0 0 1 1 0 1 0 0 0 0 1 0 0 1 0 1 1 0 0 0 1 1 0 1 0 0 1 0 0 0 1 0 0 1 0 0 1 0 0 0 1 1 1 0 0 0 0 0 0 0 
0 1 0 0 1 1 0 0 1 1 0 0 1 0 0 0 0 1 0 1 0 0 1 0 1 1 1 0 0 1 1 0 0 0 0 0 0 0 0 1 0 0 1 0 0 1 0 0 1 0 0 0 0 
1 0 0 1 0 1 0 0 0 1 1 1 0 0 0 0 1 0 0 0 1 0 1 1 0 1 0 0 0 0 0 1 1 1 0 0 0 0 0 1 0 0 1 0 0 0 0 0 0 1 0 1 0 
0 0 1 0 0 1 0 1 0 1 0 1 1 0 0 0 1 0 0 1 0 0 1 1 1 0 1 0 0 0 0 1 1 1 0 0 0 0 0 0 0 0 1 0 0 0 0 0 0 0 1 0 1 
0 1 0 0 0 1 0 1 1 1 0 1 0 1 0 0 0 0 0 1 0 0 0 1 1 0 0 1 0 1 0 0 1 1 1 0 0 1 0 0 0 0 1 0 0 0 0 0 0 0 0 1 1 
1 1 0 0 0 1 0 1 1 1 0 1 0 1 0 0 0 0 0 1 0 1 0 1 1 1 0 0 1 0 0 1 1 0 1 0 0 0 0 1 0 0 1 1 0 0 0 0 0 0 0 1 1 
1 0 1 0 0 1 0 1 0 1 0 1 0 1 1 0 1 0 0 1 0 0 0 1 1 0 1 0 0 0 0 1 1 0 1 1 0 0 0 0 0 0 1 1 0 1 0 0 0 0 0 1 1 
1 0 1 0 0 1 0 1 0 1 0 1 0 1 1 0 0 0 0 1 0 0 1 1 1 0 0 1 0 0 0 1 1 0 1 1 0 0 0 0 0 0 1 1 1 0 0 0 0 0 0 1 1 
1 0 1 0 0 1 0 1 0 1 0 1 0 1 1 0 0 0 0 1 0 1 0 1 1 0 0 0 0 1 0 1 1 0 1 1 0 0 0 0 0 0 1 1 1 0 0 0 0 0 0 1 1 
1 0 1 0 0 1 0 1 0 1 0 1 0 1 1 0 0 0 0 1 0 1 0 1 1 0 0 0 0 0 0 1 1 0 1 1 1 0 0 0 0 0 1 1 1 0 0 0 0 0 0 1 1 
1 0 1 0 0 1 0 1 0 1 0 1 0 1 1 0 0 0 0 1 0 1 0 1 1 0 0 0 0 0 0 1 1 0 1 1 0 0 0 0 0 1 1 1 1 0 0 0 0 0 0 1 1 
1 0 1 0 0 1 0 1 0 1 0 1 0 1 1 0 0 0 0 1 0 1 0 1 1 0 0 0 0 0 0 1 1 0 1 1 0 0 0 0 0 0 1 1 1 0 0 1 0 0 0 1 1 
1 0 1 0 0 1 0 1 0 1 0 1 0 1 1 0 0 0 0 1 0 1 0 1 1 0 0 0 0 0 0 1 1 0 1 1 0 0 0 0 0 0 1 1 1 0 1 0 0 0 0 1 1 

Occupation table complementary for group 2
0 0 0 1 0 0 1 0 0 0 0 1 0 1 1 0 1 0 1 1 0 0 1 2 0 0 0 1 1 0 1 0 1 1 1 0 1 1 0 1 0 1 1 0 0 0 0 0 0 0 1 1 0 
0 0 1 0 0 1 1 0 1 0 0 0 0 1 0 0 1 2 1 1 0 0 0 1 1 0 1 0 0 1 0 0 0 1 0 0 1 0 0 1 0 0 0 1 1 1 0 0 0 0 0 0 0 
0 1 0 0 1 1 0 0 1 1 0 0 1 0 0 0 0 1 2 1 0 0 1 0 1 1 1 0 0 1 1 0 0 0 0 0 0 0 0 1 0 0 1 0 0 1 0 0 1 0 0 0 0 
1 0 0 1 0 1 0 0 0 1 1 1 0 0 0 0 1 0 0 2 1 0 1 1 0 1 0 0 0 0 0 1 1 1 0 0 0 0 0 1 0 0 1 0 0 0 0 0 0 1 0 1 0 
0 0 1 0 0 1 0 1 0 1 0 1 1 0 0 0 1 0 0 1 0 0 1 1 1 0 1 0 0 0 0 1 1 1 0 0 0 0 0 0 0 0 1 0 0 0 0 0 0 0 1 0 1 
0 1 0 0 0 1 0 1 1 1 0 1 0 1 0 0 0 0 0 1 0 0 0 1 1 2 0 1 0 1 0 0 1 1 1 0 0 1 0 0 0 0 1 0 0 0 0 0 0 0 0 1 1 
1 1 0 0 0 1 0 1 1 1 0 1 0 1 0 0 0 0 0 1 0 1 0 1 1 1 2 0 1 0 0 1 1 0 1 0 0 0 0 1 0 0 1 1 0 0 0 0 0 0 0 1 1 
1 0 1 0 0 1 0 1 0 1 0 1 0 1 1 0 1 0 0 1 0 0 0 1 1 0 1 0 0 0 0 1 1 0 1 1 0 0 0 0 0 0 1 1 0 1 0 0 0 0 0 1 1 
1 0 1 0 0 1 0 1 0 1 0 1 0 1 0 0 0 0 0 1 0 0 1 1 1 0 2 1 0 0 0 1 1 0 1 1 0 0 0 0 0 0 1 1 1 0 0 0 0 0 0 1 1 
1 0 1 0 0 1 1 1 0 1 0 1 0 1 0 0 0 0 0 1 0 1 0 1 1 0 2 0 0 1 0 1 1 0 1 1 0 0 0 0 0 0 1 1 1 0 0 0 0 0 0 1 1 
1 0 1 0 0 1 1 1 0 1 0 1 0 1 0 0 0 0 0 1 0 1 0 1 1 0 2 0 0 0 0 1 1 0 1 1 1 0 0 0 0 0 1 1 1 0 0 0 0 0 0 1 1 
1 0 1 0 0 1 1 1 0 1 0 1 0 1 0 0 0 0 0 1 0 1 0 1 1 0 2 0 0 0 0 1 1 0 1 1 0 0 0 0 0 1 1 1 1 0 0 0 0 0 0 1 1 
1 0 1 0 0 1 1 1 0 1 0 1 0 1 0 0 0 0 0 1 0 1 0 1 1 0 2 0 0 0 0 1 1 0 1 1 0 0 0 0 0 0 1 1 1 0 0 1 0 0 0 1 1 
1 0 1 0 0 1 1 1 0 1 0 1 0 1 0 0 0 0 0 1 0 1 0 1 1 0 2 0 0 0 0 1 1 0 1 1 0 0 0 0 0 0 1 1 1 0 1 0 0 0 0 1 1 

Unable to resolve collision between groups 0 and 2.
Merging groups 0 and 2.
Searching solution for merged group 0+2.
Open/close/exp size (steps): 264/158/264 (2603)
Open/close/exp size (steps): 838/691/838 (3136)
Open/close/exp size (steps): 1398/1331/1398 (3776)
Open/close/exp size (steps): 2092/2099/2092 (4544)
Open/close/exp size (steps): 2605/3021/2605 (5466)
Open/close/exp size (steps): 3177/4128/3177 (6573)
Open/close/exp size (steps): 3834/5457/3834 (7902)
Open/close/exp size (steps): 4853/7052/4853 (9497)
Open/close/exp size (steps): 5853/8966/5853 (11411)
Open/close/exp size (steps): 7261/11263/7261 (13708)
Open/close/exp size (steps): 9467/14020/9467 (16465)
Open/close/exp size (steps): 10903/17329/10903 (19774)
Open/close/exp size (steps): 12639/21300/12639 (23745)
Open/close/exp size (steps): 13468/26066/13468 (28511)
Open/close/exp size (steps): 13679/31786/13679 (34231)
Open/close/exp size (steps): 22238/38650/22238 (41095)
Open/close/exp size (steps): 30744/46887/30744 (49332)
Open/close/exp size (steps): 33354/56772/33354 (59217)
Open/close/exp size (steps): 28735/68634/28735 (71079)
Open/close/exp size (steps): 30719/82869/30719 (85314)
Open/close/exp size (steps): 33049/99951/33049 (102396)
Open/close/exp size (steps): 44051/120450/44051 (122895)
Open/close/exp size (steps): 58235/145049/58235 (147494)
Open/close/exp size (steps): 72757/174568/72757 (177013)
Open/close/exp size (steps): 92425/209991/92425 (212436)
Open/close/exp size (steps): 105721/252499/105721 (254944)
Open/close/exp size (steps): 86061/303509/86061 (305954)
0 0 0 0 0 0 0 0 0 0 0 0 0 0 0 0 0 0 0 0 0 0 0 2 0 0 0 0 0 0 0 0 0 0 0 0 0 0 0 0 0 0 0 0 3 0 0 0 0 0 0 1 0 
0 0 0 0 0 0 0 0 0 0 0 0 0 0 0 0 0 2 0 0 0 0 0 0 0 0 0 0 0 0 0 0 0 0 0 0 0 0 0 0 0 0 0 0 3 1 0 0 0 0 0 0 0 
0 0 0 0 0 0 0 0 0 0 0 0 0 0 0 0 0 0 2 0 0 0 0 0 0 0 0 0 0 0 0 0 0 0 0 0 0 0 0 1 0 0 0 0 3 0 0 0 0 0 0 0 0 
0 0 0 0 0 0 0 0 0 0 0 0 0 0 0 0 0 0 0 2 0 0 0 0 0 0 0 0 0 0 0 0 0 1 0 0 0 0 0 0 0 0 0 0 0 3 0 0 0 0 0 0 0 
0 0 0 0 0 0 0 0 0 0 0 0 0 0 0 0 0 0 0 0 0 0 0 0 2 0 1 0 0 0 0 0 0 0 0 0 0 0 0 3 0 0 0 0 0 0 0 0 0 0 0 0 0 
0 0 0 0 0 0 0 0 0 0 0 0 0 0 0 0 0 0 0 0 0 0 0 0 0 2 0 1 0 0 0 0 0 3 0 0 0 0 0 0 0 0 0 0 0 0 0 0 0 0 0 0 0 
0 0 0 0 0 0 0 0 0 0 0 0 0 0 0 0 0 0 0 0 0 1 0 0 0 0 2 0 0 0 0 0 0 0 3 0 0 0 0 0 0 0 0 0 0 0 0 0 0 0 0 0 0 
0 0 0 0 0 0 0 0 0 0 0 0 0 0 1 0 0 0 0 0 0 0 0 0 0 0 2 3 0 0 0 0 0 0 0 0 0 0 0 0 0 0 0 0 0 0 0 0 0 0 0 0 0 
0 0 0 0 0 0 0 0 0 0 0 0 0 1 0 0 0 0 0 0 0 3 0 0 0 0 2 0 0 0 0 0 0 0 0 0 0 0 0 0 0 0 0 0 0 0 0 0 0 0 0 0 0 
0 0 0 0 0 0 1 0 0 0 0 0 0 0 3 0 0 0 0 0 0 0 0 0 0 0 2 0 0 0 0 0 0 0 0 0 0 0 0 0 0 0 0 0 0 0 0 0 0 0 0 0 0 

0 0 0 0 0 0 0 0 0 0 0 0 0 0 0 0 0 0 0 0 0 0 0 2 0 0 0 0 0 0 0 0 0 0 0 0 0 0 0 0 0 0 0 0 3 0 0 0 0 0 0 1 0 
0 0 0 0 0 0 0 0 0 0 0 0 0 0 0 0 0 2 0 0 0 0 0 0 0 0 0 0 0 0 0 0 0 0 0 0 0 0 0 0 0 0 0 0 3 1 0 0 0 0 0 0 0 
0 0 0 0 0 0 0 0 0 0 0 0 0 0 0 0 0 0 2 0 0 0 0 0 0 0 0 0 0 0 0 0 0 0 0 0 0 0 0 1 0 0 0 0 3 0 0 0 0 0 0 0 0 
0 0 0 0 0 0 0 0 0 0 0 0 0 0 0 0 0 0 0 2 0 0 0 0 0 0 0 0 0 0 0 0 0 1 0 0 0 0 0 0 0 0 0 0 0 3 0 0 0 0 0 0 0 
0 0 0 0 0 0 0 0 0 0 0 0 0 0 0 0 0 0 0 0 0 0 0 0 2 0 1 0 0 0 0 0 0 0 0 0 0 0 0 3 0 0 0 0 0 0 0 0 0 0 0 0 0 
0 0 0 0 0 0 0 0 0 0 0 0 0 0 0 0 0 0 0 0 0 0 0 0 0 2 0 1 0 0 0 0 0 3 0 0 0 0 0 0 0 0 0 0 0 0 0 0 0 0 0 0 0 
0 0 0 0 0 0 0 0 0 0 0 0 0 0 0 0 0 0 0 0 0 1 0 0 0 0 2 0 0 0 0 0 0 0 3 0 0 0 0 0 0 0 0 0 0 0 0 0 0 0 0 0 0 
0 0 0 0 0 0 0 0 0 0 0 0 0 0 1 0 0 0 0 0 0 0 0 0 0 0 2 3 0 0 0 0 0 0 0 0 0 0 0 0 0 0 0 0 0 0 0 0 0 0 0 0 0 
0 0 0 0 0 0 0 0 0 0 0 0 0 1 0 0 0 0 0 0 0 3 0 0 0 0 2 0 0 0 0 0 0 0 0 0 0 0 0 0 0 0 0 0 0 0 0 0 0 0 0 0 0 
0 0 0 0 0 0 1 0 0 0 0 0 0 0 3 0 0 0 0 0 0 0 0 0 0 0 2 0 0 0 0 0 0 0 0 0 0 0 0 0 0 0 0 0 0 0 0 0 0 0 0 0 0 

Groups 0 and 2 collide.
Solution of group 0
Mulirobot solution: (|moves| = 22, paralellism = 2.444) [
    Step 0: 1#51->45 2#23->17 
    Step 1: 1#45->39 2#17->18 
    Step 2: 1#39->33 2#18->19 3#44->45 
    Step 3: 1#33->26 2#19->24 3#45->39 
    Step 4: 1#26->27 2#24->25 3#39->33 
    Step 5: 1#27->21 2#25->26 3#33->34 
    Step 6: 1#21->14 3#34->27 
    Step 7: 1#14->13 3#27->21 
    Step 8: 1#13->6 3#21->14 
]
Solution of group 2
Mulirobot solution: (|moves| = 5, paralellism = 1.000) [
    Step 0: 1#14->13 
    Step 1: 1#13->12 
    Step 2: 1#12->11 
    Step 3: 1#11->19 
    Step 4: 1#19->24 
]
Occupation table complementary for group 0
0 0 0 1 0 0 1 0 0 0 0 1 0 1 1 0 1 0 1 1 0 0 1 0 0 0 0 1 1 0 1 0 1 1 1 0 1 1 0 1 0 1 1 0 0 0 0 0 0 0 1 0 0 
0 0 1 0 0 1 1 0 1 0 0 0 0 1 0 0 1 0 1 1 0 0 0 1 1 0 1 0 0 1 0 0 0 1 0 0 1 0 0 1 0 0 0 1 1 0 0 0 0 0 0 0 0 
0 1 0 0 1 1 0 0 1 1 0 0 1 0 0 0 0 1 0 1 0 0 1 0 1 1 1 0 0 1 1 0 0 0 0 0 0 0 0 0 0 0 1 0 0 1 0 0 1 0 0 0 0 
1 0 0 1 0 1 0 0 0 1 1 1 0 0 0 0 1 0 0 0 1 0 1 1 0 1 0 0 0 0 0 1 1 0 0 0 0 0 0 1 0 0 1 0 0 0 0 0 0 1 0 1 0 
0 0 1 0 0 1 0 1 0 1 0 1 1 0 0 0 1 0 0 1 0 0 1 1 1 0 1 0 0 0 0 1 1 1 0 0 0 0 0 0 0 0 1 0 0 0 0 0 0 0 1 0 1 
0 1 0 0 0 1 0 1 1 1 0 1 0 1 0 0 0 0 0 1 0 0 0 1 1 0 0 0 0 1 0 0 1 1 1 0 0 1 0 0 0 0 1 0 0 0 0 0 0 0 0 1 1 
1 1 0 0 0 1 0 1 1 1 0 1 0 1 0 0 0 0 0 1 0 0 0 1 1 1 0 0 1 0 0 1 1 0 1 0 0 0 0 1 0 0 1 1 0 0 0 0 0 0 0 1 1 
1 0 1 0 0 1 0 1 0 1 0 1 0 1 0 0 1 0 0 1 0 0 0 1 1 0 1 0 0 0 0 1 1 0 1 1 0 0 0 0 0 0 1 1 0 1 0 0 0 0 0 1 1 
1 0 1 0 0 1 0 1 0 1 0 1 0 1 0 0 0 0 0 1 0 0 1 1 1 0 0 1 0 0 0 1 1 0 1 1 0 0 0 0 0 0 1 1 1 0 0 0 0 0 0 1 1 
1 0 1 0 0 1 0 1 0 1 0 1 0 1 0 0 0 0 0 1 0 1 0 1 1 0 0 0 0 1 0 1 1 0 1 1 0 0 0 0 0 0 1 1 1 0 0 0 0 0 0 1 1 
1 0 1 0 0 1 0 1 0 1 0 1 0 1 0 0 0 0 0 1 0 1 0 1 1 0 0 0 0 0 0 1 1 0 1 1 1 0 0 0 0 0 1 1 1 0 0 0 0 0 0 1 1 
1 0 1 0 0 1 0 1 0 1 0 1 0 1 0 0 0 0 0 1 0 1 0 1 1 0 0 0 0 0 0 1 1 0 1 1 0 0 0 0 0 1 1 1 1 0 0 0 0 0 0 1 1 
1 0 1 0 0 1 0 1 0 1 0 1 0 1 0 0 0 0 0 1 0 1 0 1 1 0 0 0 0 0 0 1 1 0 1 1 0 0 0 0 0 0 1 1 1 0 0 1 0 0 0 1 1 
1 0 1 0 0 1 0 1 0 1 0 1 0 1 0 0 0 0 0 1 0 1 0 1 1 0 0 0 0 0 0 1 1 0 1 1 0 0 0 0 0 0 1 1 1 0 1 0 0 0 0 1 1 

Occupation table complementary for group 2
0 0 0 1 0 0 1 0 0 0 0 1 0 1 0 0 1 0 1 1 0 0 1 2 0 0 0 1 1 0 1 0 1 1 1 0 1 1 0 1 0 1 1 0 3 0 0 0 0 0 1 1 0 
0 0 1 0 0 1 1 0 1 0 0 0 0 0 0 0 1 2 1 1 0 0 0 1 1 0 1 0 0 1 0 0 0 1 0 0 1 0 0 1 0 0 0 1 1 1 0 0 0 0 0 0 0 
0 1 0 0 1 1 0 0 1 1 0 0 0 0 0 0 0 1 2 1 0 0 1 0 1 1 1 0 0 1 1 0 0 0 0 0 0 0 0 1 0 0 1 0 3 1 0 0 1 0 0 0 0 
1 0 0 1 0 1 0 0 0 1 1 1 0 0 0 0 1 0 0 2 1 0 1 1 0 1 0 0 0 0 0 1 1 1 0 0 0 0 0 1 0 0 1 0 0 3 0 0 0 1 0 1 0 
0 0 1 0 0 1 0 1 0 1 0 1 1 0 0 0 1 0 0 1 0 0 1 1 1 0 1 0 0 0 0 1 1 1 0 0 0 0 0 3 0 0 1 0 0 0 0 0 0 0 1 0 1 
0 1 0 0 0 1 0 1 1 1 0 1 0 1 0 0 0 0 0 1 0 0 0 1 1 2 0 1 0 1 0 0 1 1 1 0 0 1 0 0 0 0 1 0 0 0 0 0 0 0 0 1 1 
1 1 0 0 0 1 0 1 1 1 0 1 0 1 0 0 0 0 0 1 0 1 0 1 0 1 2 0 1 0 0 1 1 0 1 0 0 0 0 1 0 0 1 1 0 0 0 0 0 0 0 1 1 
1 0 1 0 0 1 0 1 0 1 0 1 0 1 1 0 1 0 0 1 0 0 0 1 0 0 1 3 0 0 0 1 1 0 1 1 0 0 0 0 0 0 1 1 0 1 0 0 0 0 0 1 1 
1 0 1 0 0 1 0 1 0 1 0 1 0 1 0 0 0 0 0 1 0 3 1 1 0 0 2 1 0 0 0 1 1 0 1 1 0 0 0 0 0 0 1 1 1 0 0 0 0 0 0 1 1 
1 0 1 0 0 1 1 1 0 1 0 1 0 1 3 0 0 0 0 1 0 1 0 1 0 0 2 0 0 1 0 1 1 0 1 1 0 0 0 0 0 0 1 1 1 0 0 0 0 0 0 1 1 
1 0 1 0 0 1 1 1 0 1 0 1 0 1 3 0 0 0 0 1 0 1 0 1 0 0 2 0 0 0 0 1 1 0 1 1 1 0 0 0 0 0 1terminate called after throwing an instance of 'St9bad_alloc'
  what():  std::bad_alloc
 1 1 0 0 0 0 0 0 1 1 
1 0 1 0 0 1 1 1 0 1 0 1 0 1 3 0 0 0 0 1 0 1 0 1 0 0 2 0 0 0 0 1 1 0 1 1 0 0 0 0 0 1 1 1 1 0 0 0 0 0 0 1 1 
1 0 1 0 0 1 1 1 0 1 0 1 0 1 3 0 0 0 0 1 0 1 0 1 0 0 2 0 0 0 0 1 1 0 1 1 0 0 0 0 0 0 1 1 1 0 0 1 0 0 0 1 1 
1 0 1 0 0 1 1 1 0 1 0 1 0 1 3 0 0 0 0 1 0 1 0 1 0 0 2 0 0 0 0 1 1 0 1 1 0 0 0 0 0 0 1 1 1 0 1 0 0 0 0 1 1 

** Open/close/exp size (steps): 2/1/2 (20)
** Open/close/exp size (steps): 4/9/4 (28)
Unable to resolve collision between groups 0 and 2.
Merging groups 0 and 2.
Searching solution for merged group 0+2.
Open/close/exp size (steps): 10444/7407/10444 (367166)
Open/close/exp size (steps): 79134/80862/79134 (440621)
Open/close/exp size (steps): 135427/169008/135427 (528767)
Open/close/exp size (steps): 167971/274784/167971 (634543)
Open/close/exp size (steps): 206381/401716/206381 (761475)
Open/close/exp size (steps): 392378/554035/392378 (913794)
Aborted (core dumped)
