================================================================
reLOC 0.13-odaiba : Multirobot Solver
(C) Copyright 2016 Pavel Surynek
----------------------------------------------------------------
Reading graph...
Reading graph... FINISHED
Reading initial arrangement...
Reading initial arrangement... FINISHED.
Reading goal arrangement...
Reading goal arrangement... FINISHED.
Building instance...
Building instance... FINISHED.
Open/close/exp size (steps): 5/1/5 (2)
Open/close/exp size (steps): 16/4/16 (5)
Open/close/exp size (steps): 22/8/22 (9)
Open/close/exp size (steps): 35/13/35 (14)
Open/close/exp size (steps): 15/4/15 (20)
Open/close/exp size (steps): 31/12/31 (28)
Open/close/exp size (steps): 48/22/48 (38)
Open/close/exp size (steps): 25/8/25 (50)
Open/close/exp size (steps): 18/8/18 (65)
Open/close/exp size (steps): 29/9/29 (83)
Open/close/exp size (steps): 76/31/76 (105)
Open/close/exp size (steps): 30/12/30 (132)
Open/close/exp size (steps): 59/25/59 (165)
Open/close/exp size (steps): 23/8/23 (205)
0 0 0 0 0 0 0 0 0 0 0 0 0 0 0 0 0 0 0 0 0 0 0 0 0 0 0 0 0 0 0 0 0 0 0 0 0 1 0 0 0 0 0 0 0 0 0 0 0 0 0 0 0 
0 0 0 0 0 0 0 0 0 0 0 0 0 0 0 0 0 0 0 0 0 0 0 0 0 0 0 0 0 0 0 1 0 0 0 0 0 0 0 0 0 0 0 0 0 0 0 0 0 0 0 0 0 
0 0 0 0 0 0 0 0 0 0 0 0 0 0 0 0 0 0 0 0 0 0 0 0 0 0 0 0 0 0 1 0 0 0 0 0 0 0 0 0 0 0 0 0 0 0 0 0 0 0 0 0 0 
0 0 0 0 0 0 0 0 0 0 0 0 0 0 0 0 0 0 0 0 0 0 0 0 0 0 0 0 0 1 0 0 0 0 0 0 0 0 0 0 0 0 0 0 0 0 0 0 0 0 0 0 0 
0 0 0 0 0 0 0 0 0 0 0 0 0 0 0 0 0 0 0 0 0 0 0 0 0 0 0 0 1 0 0 0 0 0 0 0 0 0 0 0 0 0 0 0 0 0 0 0 0 0 0 0 0 
0 0 0 0 0 0 0 0 0 0 0 0 0 0 0 0 0 0 0 0 0 0 0 0 0 0 0 1 0 0 0 0 0 0 0 0 0 0 0 0 0 0 0 0 0 0 0 0 0 0 0 0 0 
0 0 0 0 0 0 0 0 0 0 0 0 0 0 0 0 0 0 0 0 0 0 0 0 0 0 1 0 0 0 0 0 0 0 0 0 0 0 0 0 0 0 0 0 0 0 0 0 0 0 0 0 0 
0 0 0 0 0 0 0 0 0 0 0 0 0 0 0 0 0 0 0 1 0 0 0 0 0 0 0 0 0 0 0 0 0 0 0 0 0 0 0 0 0 0 0 0 0 0 0 0 0 0 0 0 0 
0 0 0 0 0 0 0 0 0 0 0 0 0 0 0 0 0 0 0 1 0 0 0 0 0 0 0 0 0 0 0 0 0 0 0 0 0 0 0 0 0 0 0 0 0 0 0 0 0 0 0 0 0 
0 0 0 0 0 0 0 0 0 0 0 0 0 0 0 0 0 0 0 1 0 0 0 0 0 0 0 0 0 0 0 0 0 0 0 0 0 0 0 0 0 0 0 0 0 0 0 0 0 0 0 0 0 
0 0 0 0 0 0 0 0 0 0 0 0 0 0 0 0 0 0 0 1 0 0 0 0 0 0 0 0 0 0 0 0 0 0 0 0 0 0 0 0 0 0 0 0 0 0 0 0 0 0 0 0 0 

Groups 0 and 1 collide.
Solution of group 0
Mulirobot solution: (|moves| = 7, paralellism = 1.000) [
    Step 0: 1#37->31 
    Step 1: 1#31->30 
    Step 2: 1#30->29 
    Step 3: 1#29->28 
    Step 4: 1#28->27 
    Step 5: 1#27->26 
    Step 6: 1#26->19 
]
Solution of group 1
Mulirobot solution: (|moves| = 10, paralellism = 1.000) [
    Step 0: 1#48->41 
    Step 1: 1#41->34 
    Step 2: 1#34->28 
    Step 3: 1#28->20 
    Step 4: 1#20->21 
    Step 5: 1#21->22 
    Step 6: 1#22->16 
    Step 7: 1#16->11 
    Step 8: 1#11->10 
    Step 9: 1#10->4 
]
Occupation table complementary for group 0
0 1 1 0 1 1 0 0 0 0 0 1 0 0 0 1 0 0 0 0 0 0 1 0 0 1 1 1 1 0 1 0 0 1 1 0 0 0 0 0 1 0 0 0 0 1 0 0 1 0 0 1 0 
0 1 0 1 0 0 1 1 1 0 0 0 0 0 0 0 1 0 0 0 0 1 0 0 0 0 1 1 1 1 0 0 0 1 1 0 0 0 0 0 0 1 0 0 1 0 0 0 0 0 0 0 0 
0 0 1 0 0 0 1 1 0 1 0 0 0 0 1 0 0 0 0 0 1 0 1 0 0 0 1 1 1 0 0 0 0 0 1 0 0 1 0 0 1 1 0 0 0 0 0 0 0 0 0 0 0 
0 1 0 0 0 0 1 0 0 0 1 0 0 1 1 0 0 0 0 1 1 1 0 0 0 0 1 1 1 0 0 1 0 0 0 0 0 0 0 0 0 1 0 0 0 0 0 0 1 0 0 0 0 
0 0 0 0 0 0 1 1 0 0 0 1 0 1 1 0 0 0 0 1 1 1 1 0 0 1 1 0 0 0 1 0 0 0 0 0 0 0 0 0 0 0 1 0 0 0 0 0 1 0 0 0 0 
0 0 0 0 0 0 1 1 0 0 0 0 0 1 1 0 1 0 0 0 1 1 1 0 0 1 1 0 1 1 1 0 1 0 0 0 0 0 0 0 0 0 1 0 0 0 0 0 1 0 0 0 0 
0 1 0 0 0 0 1 0 0 0 0 1 0 1 0 0 0 0 0 1 1 0 1 1 0 0 0 1 1 0 1 0 1 0 0 0 0 0 0 1 0 0 1 0 0 0 0 0 1 0 0 0 0 
0 1 0 0 0 0 1 0 0 0 1 0 0 1 0 0 1 0 0 0 1 0 0 1 0 0 1 1 1 0 1 0 1 1 0 0 0 0 0 1 0 0 1 0 0 0 0 0 1 0 0 0 0 
0 1 0 0 0 0 1 0 0 0 1 1 0 1 0 0 1 0 0 0 1 0 0 1 0 0 0 1 1 0 1 0 1 0 1 0 1 0 0 1 0 0 1 0 0 0 0 0 1 0 0 0 0 
0 1 0 0 0 0 1 0 0 0 1 0 0 1 0 0 1 0 0 0 1 0 0 1 0 0 0 1 1 0 1 0 1 1 1 0 0 0 0 1 0 0 1 1 0 0 0 0 1 0 0 0 0 
0 1 0 0 1 0 1 0 0 0 1 0 0 1 0 0 1 0 0 0 1 0 0 1 0 0 0 1 1 0 1 0 1 0 1 0 0 0 0 1 1 0 1 0 1 0 0 0 1 0 0 0 0 
0 1 0 0 1 0 1 0 0 0 1 0 0 1 0 0 1 0 0 0 1 0 0 1 0 0 0 1 1 0 1 0 1 0 1 0 0 0 0 1 0 0 1 0 0 1 0 1 1 0 0 0 0 

** Open/close/exp size (steps): 3/1/3 (2)
** Open/close/exp size (steps): 8/4/8 (5)
** Open/close/exp size (steps): 8/8/8 (9)
** Open/close/exp size (steps): 12/13/12 (14)
** Open/close/exp size (steps): 14/19/14 (20)
** Open/close/exp size (steps): 12/27/12 (28)
** Open/close/exp size (steps): 22/37/22 (38)
** Open/close/exp size (steps): 22/49/22 (50)
** Open/close/exp size (steps): 14/64/14 (65)
Occupation table complementary for group 1
0 1 1 0 1 1 0 0 0 0 0 1 0 0 0 1 0 0 0 0 0 0 1 0 0 1 1 1 1 0 1 0 0 1 1 0 0 1 0 0 1 0 0 0 0 1 0 0 0 0 0 1 0 
0 1 0 1 0 0 1 1 1 0 0 0 0 0 0 0 1 0 0 0 0 1 0 0 0 0 1 1 1 1 0 1 0 1 1 0 0 0 0 0 0 0 0 0 1 0 0 0 0 0 0 0 0 
0 0 1 0 0 0 1 1 0 1 0 0 0 0 1 0 0 0 0 0 1 0 1 0 0 0 1 1 1 0 1 0 0 0 0 0 0 1 0 0 1 1 0 0 0 0 0 0 0 0 0 0 0 
0 1 0 0 0 0 1 0 0 0 1 0 0 1 1 0 0 0 0 1 1 1 0 0 0 0 1 1 1 1 0 1 0 0 0 0 0 0 0 0 0 1 0 0 0 0 0 0 1 0 0 0 0 
0 0 0 0 0 0 1 1 0 0 0 1 0 1 1 0 0 0 0 1 1 1 1 0 0 1 1 0 1 0 1 0 0 0 0 0 0 0 0 0 0 0 1 0 0 0 0 0 1 0 0 0 0 
0 0 0 0 0 0 1 1 0 0 0 0 0 1 1 0 1 0 0 0 1 1 1 0 0 1 1 1 1 1 1 0 1 0 0 0 0 0 0 0 0 0 1 0 0 0 0 0 1 0 0 0 0 
0 1 0 0 0 0 1 0 0 0 0 1 0 1 0 0 0 0 0 1 1 0 1 1 0 0 1 1 1 0 1 0 1 0 0 0 0 0 0 1 0 0 1 0 0 0 0 0 1 0 0 0 0 
0 1 0 0 0 0 1 0 0 0 1 0 0 1 0 0 1 0 0 1 1 0 0 1 0 0 1 1 1 0 1 0 1 1 0 0 0 0 0 1 0 0 1 0 0 0 0 0 1 0 0 0 0 
0 1 0 0 0 0 1 0 0 0 1 0 0 1 0 0 1 0 0 1 1 0 0 1 0 0 0 1 1 0 1 0 1 0 1 0 1 0 0 1 0 0 1 0 0 0 0 0 1 0 0 0 0 
0 1 0 0 0 0 1 0 0 0 1 0 0 1 0 0 1 0 0 1 1 0 0 1 0 0 0 1 1 0 1 0 1 1 1 0 0 0 0 1 0 0 1 1 0 0 0 0 1 0 0 0 0 
0 1 0 0 0 0 1 0 0 0 1 0 0 1 0 0 1 0 0 1 1 0 0 1 0 0 0 1 1 0 1 0 1 0 1 0 0 0 0 1 1 0 1 0 1 0 0 0 1 0 0 0 0 
0 1 0 0 0 0 1 0 0 0 1 0 0 1 0 0 1 0 0 1 1 0 0 1 0 0 0 1 1 0 1 0 1 0 1 0 0 0 0 1 0 0 1 0 0 1 0 1 1 0 0 0 0 

** Open/close/exp size (steps): 1/0/1 (83)
** Open/close/exp size (steps): 18/22/18 (105)
** Open/close/exp size (steps): 16/49/16 (132)
Unable to resolve collision between groups 0 and 1.
Merging groups 0 and 1.
Searching solution for merged group 0+1.
Open/close/exp size (steps): 39/11/39 (253)
Open/close/exp size (steps): 115/69/115 (311)
Open/close/exp size (steps): 220/139/220 (381)
Open/close/exp size (steps): 274/223/274 (465)
Open/close/exp size (steps): 337/324/337 (566)
Open/close/exp size (steps): 422/446/422 (688)
Open/close/exp size (steps): 445/593/445 (835)
Open/close/exp size (steps): 553/770/553 (1012)
Open/close/exp size (steps): 1042/983/1042 (1225)
Open/close/exp size (steps): 896/1239/896 (1481)
Open/close/exp size (steps): 637/1547/637 (1789)
Open/close/exp size (steps): 606/1917/606 (2159)
Open/close/exp size (steps): 1792/2361/1792 (2603)
Open/close/exp size (steps): 2066/2894/2066 (3136)
Open/close/exp size (steps): 1752/3534/1752 (3776)
Open/close/exp size (steps): 1412/4302/1412 (4544)
Open/close/exp size (steps): 2152/5224/2152 (5466)
Open/close/exp size (steps): 1062/6331/1062 (6573)
0 0 0 0 0 0 0 0 0 0 0 0 0 0 0 0 0 0 0 0 0 0 0 0 0 0 0 0 0 0 0 0 0 0 0 0 0 1 0 0 0 0 0 0 0 0 0 0 2 0 0 0 0 
0 0 0 0 0 0 0 0 0 0 0 0 0 0 0 0 0 0 0 0 0 0 0 0 0 0 0 0 0 0 0 1 0 0 0 0 0 0 0 0 0 2 0 0 0 0 0 0 0 0 0 0 0 
0 0 0 0 0 0 0 0 0 0 0 0 0 0 0 0 0 0 0 0 0 0 0 0 0 0 0 0 0 0 1 0 0 0 2 0 0 0 0 0 0 0 0 0 0 0 0 0 0 0 0 0 0 
0 0 0 0 0 0 0 0 0 0 0 0 0 0 0 0 0 0 0 0 0 0 0 0 0 0 0 0 0 1 0 0 0 0 0 2 0 0 0 0 0 0 0 0 0 0 0 0 0 0 0 0 0 
0 0 0 0 0 0 0 0 0 0 0 0 0 0 0 0 0 0 0 0 0 0 0 0 0 0 0 0 1 0 0 0 0 0 0 0 2 0 0 0 0 0 0 0 0 0 0 0 0 0 0 0 0 
0 0 0 0 0 0 0 0 0 0 0 0 0 0 0 0 0 0 0 0 0 0 0 0 0 0 0 1 0 0 2 0 0 0 0 0 0 0 0 0 0 0 0 0 0 0 0 0 0 0 0 0 0 
0 0 0 0 0 0 0 0 0 0 0 0 0 0 0 0 0 0 0 0 0 0 2 0 0 0 1 0 0 0 0 0 0 0 0 0 0 0 0 0 0 0 0 0 0 0 0 0 0 0 0 0 0 
0 0 0 0 0 0 0 0 0 0 0 0 0 0 0 0 2 0 0 1 0 0 0 0 0 0 0 0 0 0 0 0 0 0 0 0 0 0 0 0 0 0 0 0 0 0 0 0 0 0 0 0 0 
0 0 0 0 0 0 0 0 0 0 0 2 0 0 0 0 0 0 0 1 0 0 0 0 0 0 0 0 0 0 0 0 0 0 0 0 0 0 0 0 0 0 0 0 0 0 0 0 0 0 0 0 0 
0 0 0 0 0 0 0 0 0 0 2 0 0 0 0 0 0 0 0 1 0 0 0 0 0 0 0 0 0 0 0 0 0 0 0 0 0 0 0 0 0 0 0 0 0 0 0 0 0 0 0 0 0 
0 0 0 0 2 0 0 0 0 0 0 0 0 0 0 0 0 0 0 1 0 0 0 0 0 0 0 0 0 0 0 0 0 0 0 0 0 0 0 0 0 0 0 0 0 0 0 0 0 0 0 0 0 

0 0 0 0 0 0 0 0 0 0 0 0 0 0 0 0 0 0 0 0 0 0 0 0 0 0 0 0 0 0 0 0 0 0 0 0 0 1 0 0 0 0 0 0 0 0 0 0 2 0 0 0 0 
0 0 0 0 0 0 0 0 0 0 0 0 0 0 0 0 0 0 0 0 0 0 0 0 0 0 0 0 0 0 0 1 0 0 0 0 0 0 0 0 0 2 0 0 0 0 0 0 0 0 0 0 0 
0 0 0 0 0 0 0 0 0 0 0 0 0 0 0 0 0 0 0 0 0 0 0 0 0 0 0 0 0 0 1 0 0 0 2 0 0 0 0 0 0 0 0 0 0 0 0 0 0 0 0 0 0 
0 0 0 0 0 0 0 0 0 0 0 0 0 0 0 0 0 0 0 0 0 0 0 0 0 0 0 0 0 1 0 0 0 0 0 2 0 0 0 0 0 0 0 0 0 0 0 0 0 0 0 0 0 
0 0 0 0 0 0 0 0 0 0 0 0 0 0 0 0 0 0 0 0 0 0 0 0 0 0 0 0 1 0 0 0 0 0 0 0 2 0 0 0 0 0 0 0 0 0 0 0 0 0 0 0 0 
0 0 0 0 0 0 0 0 0 0 0 0 0 0 0 0 0 0 0 0 0 0 0 0 0 0 0 1 0 0 2 0 0 0 0 0 0 0 0 0 0 0 0 0 0 0 0 0 0 0 0 0 0 
0 0 0 0 0 0 0 0 0 0 0 0 0 0 0 0 0 0 0 0 0 0 2 0 0 0 1 0 0 0 0 0 0 0 0 0 0 0 0 0 0 0 0 0 0 0 0 0 0 0 0 0 0 
0 0 0 0 0 0 0 0 0 0 0 0 0 0 0 0 2 0 0 1 0 0 0 0 0 0 0 0 0 0 0 0 0 0 0 0 0 0 0 0 0 0 0 0 0 0 0 0 0 0 0 0 0 
0 0 0 0 0 0 0 0 0 0 0 2 0 0 0 0 0 0 0 1 0 0 0 0 0 0 0 0 0 0 0 0 0 0 0 0 0 0 0 0 0 0 0 0 0 0 0 0 0 0 0 0 0 
0 0 0 0 0 0 0 0 0 0 2 0 0 0 0 0 0 0 0 1 0 0 0 0 0 0 0 0 0 0 0 0 0 0 0 0 0 0 0 0 0 0 0 0 0 0 0 0 0 0 0 0 0 
0 0 0 0 2 0 0 0 0 0 0 0 0 0 0 0 0 0 0 1 0 0 0 0 0 0 0 0 0 0 0 0 0 0 0 0 0 0 0 0 0 0 0 0 0 0 0 0 0 0 0 0 0 

Groups 0 and 2 collide.
Solution of group 0
Mulirobot solution: (|moves| = 17, paralellism = 1.700) [
    Step 0: 1#37->31 2#48->41 
    Step 1: 1#31->30 2#41->34 
    Step 2: 1#30->29 2#34->35 
    Step 3: 1#29->28 2#35->36 
    Step 4: 1#28->27 2#36->30 
    Step 5: 1#27->26 2#30->22 
    Step 6: 1#26->19 2#22->16 
    Step 7: 2#16->11 
    Step 8: 2#11->10 
    Step 9: 2#10->4 
]
Solution of group 2
Mulirobot solution: (|moves| = 7, paralellism = 1.000) [
    Step 0: 1#34->28 
    Step 1: 1#28->20 
    Step 2: 1#20->21 
    Step 3: 1#21->22 
    Step 4: 1#22->16 
    Step 5: 1#16->11 
    Step 6: 1#11->10 
]
Occupation table complementary for group 0
0 1 1 0 1 1 0 0 0 0 0 1 0 0 0 1 0 0 0 0 0 0 1 0 0 1 1 1 1 0 1 0 0 1 1 0 0 0 0 0 1 0 0 0 0 1 0 0 0 0 0 1 0 
0 1 0 1 0 0 1 1 1 0 0 0 0 0 0 0 1 0 0 0 0 1 0 0 0 0 1 1 1 1 0 0 0 1 1 0 0 0 0 0 0 0 0 0 1 0 0 0 0 0 0 0 0 
0 0 1 0 0 0 1 1 0 1 0 0 0 0 1 0 0 0 0 0 1 0 1 0 0 0 1 1 1 0 0 0 0 0 0 0 0 1 0 0 1 1 0 0 0 0 0 0 0 0 0 0 0 
0 1 0 0 0 0 1 0 0 0 1 0 0 1 1 0 0 0 0 1 1 1 0 0 0 0 1 1 1 0 0 1 0 0 0 0 0 0 0 0 0 1 0 0 0 0 0 0 1 0 0 0 0 
0 0 0 0 0 0 1 1 0 0 0 1 0 1 1 0 0 0 0 1 1 1 1 0 0 1 1 0 0 0 1 0 0 0 0 0 0 0 0 0 0 0 1 0 0 0 0 0 1 0 0 0 0 
0 0 0 0 0 0 1 1 0 0 0 0 0 1 1 0 1 0 0 0 1 1 1 0 0 1 1 0 1 1 1 0 1 0 0 0 0 0 0 0 0 0 1 0 0 0 0 0 1 0 0 0 0 
0 1 0 0 0 0 1 0 0 0 0 1 0 1 0 0 0 0 0 1 1 0 1 1 0 0 0 1 1 0 1 0 1 0 0 0 0 0 0 1 0 0 1 0 0 0 0 0 1 0 0 0 0 
0 1 0 0 0 0 1 0 0 0 1 0 0 1 0 0 1 0 0 0 1 0 0 1 0 0 1 1 1 0 1 0 1 1 0 0 0 0 0 1 0 0 1 0 0 0 0 0 1 0 0 0 0 
0 1 0 0 0 0 1 0 0 0 1 0 0 1 0 0 1 0 0 0 1 0 0 1 0 0 0 1 1 0 1 0 1 0 1 0 1 0 0 1 0 0 1 0 0 0 0 0 1 0 0 0 0 
0 1 0 0 0 0 1 0 0 0 1 0 0 1 0 0 1 0 0 0 1 0 0 1 0 0 0 1 1 0 1 0 1 1 1 0 0 0 0 1 0 0 1 1 0 0 0 0 1 0 0 0 0 
0 1 0 0 0 0 1 0 0 0 1 0 0 1 0 0 1 0 0 0 1 0 0 1 0 0 0 1 1 0 1 0 1 0 1 0 0 0 0 1 1 0 1 0 1 0 0 0 1 0 0 0 0 
0 1 0 0 0 0 1 0 0 0 1 0 0 1 0 0 1 0 0 0 1 0 0 1 0 0 0 1 1 0 1 0 1 0 1 0 0 0 0 1 0 0 1 0 0 1 0 1 1 0 0 0 0 

** Open/close/exp size (steps): 24/13/24 (165)
** Open/close/exp size (steps): 59/53/59 (205)
** Open/close/exp size (steps): 66/101/66 (253)
** Open/close/exp size (steps): 116/159/116 (311)
** Open/close/exp size (steps): 107/229/107 (381)
** Open/close/exp size (steps): 209/313/209 (465)
** Open/close/exp size (steps): 183/414/183 (566)
** Open/close/exp size (steps): 140/536/140 (688)
** Open/close/exp size (steps): 257/683/257 (835)
** Open/close/exp size (steps): 213/860/213 (1012)
** Open/close/exp size (steps): 390/1073/390 (1225)
** Open/close/exp size (steps): 498/1329/498 (1481)
** Open/close/exp size (steps): 672/1637/672 (1789)
** Open/close/exp size (steps): 482/2007/482 (2159)
** Open/close/exp size (steps): 661/2451/661 (2603)
** Open/close/exp size (steps): 326/2984/326 (3136)
** Open/close/exp size (steps): 687/3624/687 (3776)
** Open/close/exp size (steps): 282/4392/282 (4544)
** Open/close/exp size (steps): 51/5314/51 (5466)
Occupation table complementary for group 2
0 1 1 0 1 1 0 0 0 0 0 1 0 0 0 1 0 terminate called after throwing an instance of 'std::bad_alloc'
  what():  std::bad_alloc
0 0 0 0 0 1 0 0 1 1 1 1 0 1 0 0 1 0 0 0 1 0 0 1 0 0 0 0 1 0 0 2 0 0 1 0 
0 1 0 1 0 0 1 1 1 0 0 0 0 0 0 0 1 0 0 0 0 1 0 0 0 0 1 1 0 1 0 1 0 1 1 0 0 0 0 0 0 2 0 0 1 0 0 0 0 0 0 0 0 
0 0 1 0 0 0 1 1 0 1 0 0 0 0 1 0 0 0 0 0 1 0 1 0 0 0 1 1 1 0 1 0 0 0 2 0 0 1 0 0 1 1 0 0 0 0 0 0 0 0 0 0 0 
0 1 0 0 0 0 1 0 0 0 1 0 0 1 1 0 0 0 0 1 1 1 0 0 0 0 1 1 1 1 0 1 0 0 0 2 0 0 0 0 0 1 0 0 0 0 0 0 1 0 0 0 0 
0 0 0 0 0 0 1 1 0 0 0 1 0 1 1 0 0 0 0 1 1 1 0 0 0 1 1 0 1 0 1 0 0 0 0 0 2 0 0 0 0 0 1 0 0 0 0 0 1 0 0 0 0 
0 0 0 0 0 0 1 1 0 0 0 0 0 1 1 0 1 0 0 0 1 1 1 0 0 1 1 1 1 1 1 0 1 0 0 0 0 0 0 0 0 0 1 0 0 0 0 0 1 0 0 0 0 
0 1 0 0 0 0 1 0 0 0 0 0 0 1 0 0 0 0 0 1 1 0 1 1 0 0 1 1 1 0 1 0 1 0 0 0 0 0 0 1 0 0 1 0 0 0 0 0 1 0 0 0 0 
0 1 0 0 0 0 1 0 0 0 0 0 0 1 0 0 1 0 0 1 1 0 0 1 0 0 1 1 1 0 1 0 1 1 0 0 0 0 0 1 0 0 1 0 0 0 0 0 1 0 0 0 0 
0 1 0 0 0 0 1 0 0 0 0 2 0 1 0 0 1 0 0 1 1 0 0 1 0 0 0 1 1 0 1 0 1 0 1 0 1 0 0 1 0 0 1 0 0 0 0 0 1 0 0 0 0 
0 1 0 0 0 0 1 0 0 0 2 0 0 1 0 0 1 0 0 1 1 0 0 1 0 0 0 1 1 0 1 0 1 1 1 0 0 0 0 1 0 0 1 1 0 0 0 0 1 0 0 0 0 
0 1 0 0 2 0 1 0 0 0 0 0 0 1 0 0 1 0 0 1 1 0 0 1 0 0 0 1 1 0 1 0 1 0 1 0 0 0 0 1 1 0 1 0 1 0 0 0 1 0 0 0 0 
0 1 0 0 2 0 1 0 0 0 0 0 0 1 0 0 1 0 0 1 1 0 0 1 0 0 0 1 1 0 1 0 1 0 1 0 0 0 0 1 0 0 1 0 0 1 0 1 1 0 0 0 0 

Unable to resolve collision between groups 0 and 2.
Merging groups 0 and 2.
Searching solution for merged group 0+2.
Open/close/exp size (steps): 1221/788/1221 (7902)
Open/close/exp size (steps): 3932/2383/3932 (9497)
Open/close/exp size (steps): 3339/4297/3339 (11411)
Open/close/exp size (steps): 5652/6594/5652 (13708)
Open/close/exp size (steps): 8385/9351/8385 (16465)
Open/close/exp size (steps): 6499/12660/6499 (19774)
Open/close/exp size (steps): 11708/16631/11708 (23745)
Open/close/exp size (steps): 13181/21397/13181 (28511)
Open/close/exp size (steps): 8010/27117/8010 (34231)
Open/close/exp size (steps): 15365/33981/15365 (41095)
Open/close/exp size (steps): 12439/42218/12439 (49332)
Open/close/exp size (steps): 21215/52103/21215 (59217)
Open/close/exp size (steps): 21179/63965/21179 (71079)
Open/close/exp size (steps): 57832/78200/57832 (85314)
Open/close/exp size (steps): 85048/95282/85048 (102396)
Open/close/exp size (steps): 71351/115781/71351 (122895)
Open/close/exp size (steps): 51851/140380/51851 (147494)
Open/close/exp size (steps): 49907/169899/49907 (177013)
Open/close/exp size (steps): 95176/205322/95176 (212436)
Open/close/exp size (steps): 112972/247830/112972 (254944)
Open/close/exp size (steps): 115455/298840/115455 (305954)
Open/close/exp size (steps): 157836/360052/157836 (367166)
Open/close/exp size (steps): 213681/433507/213681 (440621)
Open/close/exp size (steps): 160421/521653/160421 (528767)
Open/close/exp size (steps): 239026/627429/239026 (634543)
Aborted (core dumped)
